Repeat
1.3853737389215546e-05
0.08711724955417081
0.4272508250015396
6.426107453203618e-06
0.13696002614874606
5.165851008944861e-05
0.05859982272552924
4.483661403649766e-05
0.4320363418990809
0.36347276503387255
1.6818821174635086e-05
0.2834349506344063
4.9753816228396446e-05
0.4179763960996523
7.001154279183778e-05
1.3166090173724906e-05
0.10007164223904608
1.1375997071109325e-05
0.16485205614645893
0.3623761493498819
1.2380999800550355e-05
0.4349989059362924
0.06890363930911705
0.17845882553359227
1.3543323183617193e-05
0.06799935320098924
0.9998156120970084
8.589625175346164e-06
0.4322660708812284
0.08761175375265769
0.08518499424587891
0.025750731562894348
0.12049714204507905
0.10613418067127768
0.1772232974362428
0.15009470456260102
0.07087260372586189
0.08956486103964457
0.029804013337428718
0.0607743033847666
0.09502345822097023
0.05552753374254027
0.16147606123761318
0.1079429430511537
0.20090444574618666
0.09706392332104584
0.0255109775424465
0.029624590909599076
0.09586186316599928
0.21187908637165792
0.18309556800404575
0.026277624871456268
0.06181601867095236
0.07154471733438232
0.025541742922674884
0.050607709996141635
0.02598979410642097
0.2286202738929741
0.4055776174651736
0.1853531934449166
0.14943660635419126
0.06590150343635827
0.07049977096464613
0.10653059647235248
0.2501252464670385
0.10334918773937993
0.06405418402352217
0.05054966962440199
0.025514616110616364
0.11551194722362056
0.4129629655559649
0.09841165846664353
0.15068890733061002
0.05089166191683466
0.1918422387397199
0.2157511689215764
0.18082581301553335
0.07996076790449788
0.0741912339176176
0.11116149324095702
0.2421965942178971
0.22639451513773445
0.06972470695486667
0.22379311596303866
0.36995392065481575
0.1802372355855308
0.2479426657014832
0.5924146309027851
0.09294989854154803
0.060934092798737925
0.12113976539756476
0.12802014039868964
0.19584286969509587
0.12307957158255632
0.06777991394506434
0.12925478360350753
0.1804230546157436
0.1747713303577955
0.4240813200575576
0.4323976174024881
0.08290276932968474
0.0550019696686789
0.1954888883826859
0.11283910580891013
0.1255008270521897
0.15826676050525118
0.1907580008190076
0.30032786124851074
0.200092177962697
0.17918041942645604
0.13582918936537572
0.3068984304815701
0.2383245883963191
0.10305497880433094
0.2446991056679263
0.4335830695411333
0.2431033856872775
0.1874745019517252
0.28826811522598544
0.16870122877565746
0.09851804179602254
0.03436707387679578
0.0867005691489381
0.3332685599760967
0.2179064928214812
0.22166725194249454
0.3254601537297619
0.14268047878251613
0.1646407458063146
0.1957786764818639
0.10560861598611483
0.05013295380135429
0.2949745442627652
0.17991278461469695
0.08779588005301985
0.11779936831174426
0.09799520329397547
0.1164603393659006
0.20739596144794611
0.2864914416245711
0.35884746700616177
0.22825740915161805
0.1369021866160608
0.05498233567037317
0.12874555726198628
0.025333743687358155
0.10954066572070112
0.2611033113765009
0.07165376968220533
0.07653144755555903
0.024956987975745474
0.07534422824648576
0.0259939799713956
6.845367522157325e-07
7.125866136147904e-07
0.2243264330281271
0.024704717219283717
8.493167342482246e-07
0.12477367284331768
0.11206289701626496
0.025380020826187403
2.0002566166321257e-08
0.022812777193346512
0.03366727545093039
0.02542404894321641
0.025375198076275383
9.705636400142216e-09
0.010026043402615968
1.0317817929261522e-08
3.166513414713399e-07
0.025502767130116163
1.998173726882741e-08
0.05823484602478497
9.299308125605564e-07
0.02034205780126436
4.034075319260825e-08
0.012854073871329957
0.10630449808500164
0.010069395476341898
0.0108730591048795
0.10339479432821101
0.009928232795577486
0.0816732877942578
0.1126128531754976
0.044895756941761684
0.0670847092731926
0.03748653077696868
0.0429768600559628
0.0405082467171929
0.3841361554990069
0.025376143695283564
0.03410515976357805
0.15974849600121865
0.09546277559062223
0.02537649360483164
0.08531978202463986
0.15629216068668322
0.08906820770790592
0.025289350203786257
0.0778777859940701
0.17231436791072366
0.1150185876155028
0.09590895833246306
0.025381726120767698
0.17784296388843882
0.16553739272962434
0.025376224310712014
0.010095375760152396
0.05659953686101792
0.024549341135424427
6.266245521946347e-07
0.025375312967892125
0.05560762063981297
0.042099344175367384
2.015278455527521e-08
0.010296712788335287
0.0947679046511019
3.38061800532499e-07
0.015505200025981712
0.025369493488932585
9.717619964986668e-09
2.8181121492237766e-07
0.025376067224352983
0.04913552900600314
0.09663925282378663
1.8980488787624986e-08
0.025375983688531733
0.02737613353214976
0.07855037896041135
2.817440718056282e-07
2.6821566323614964e-08
0.024981320754208374
0.06605962537550493
0.025375356760566237
0.06702950423367332
0.213743956467184
0.025280960479415183
0.045080202460931335
0.11252216203100156
0.3985148046071237
0.025376066251515308
2.56515806166606e-07
0.03432215382327495
0.0704022976422873
0.07780780818477033
6.898724278741025e-07
0.04765268282332493
0.08853657838213419
0.07965893226685894
7.268292783722453e-07
0.02425420663978793
0.18311391474306152
0.1473184140051429
0.0253762455987526
0.0498118402156455
0.20007754012232767
0.0104824827132785
0.01209300599350253
9.721319980394765e-09
0.020258987523931654
0.025369176082058617
0.014631211197679038
0.10013321233133464
3.1499537109693825e-07
0.02257261395189805
0.025377540559297283
0.029747953110762924
1.0204797980682172e-07
0.019352489248645768
0.05300186183853068
0.02537550668243636
0.1816480576693889
0.10018542678879096
0.10871458371066386
0.23130264605999645
0.10819683222859557
0.08149452698074403
0.09644025160711456
0.1769762337900225
0.1614081696295598
0.11152851219589946
0.08517027030956467
0.12295320672816812
0.4131437426753613
0.02562133006310582
0.12500101441417094
0.1761449253690706
0.02447295362368661
0.025910778596695702
0.0712190285929442
0.1109373169595729
0.20164924981746804
0.17227495523074418
0.19323604747143847
0.3714210352858873
0.07197451192252446
0.12991200080684626
0.2714107252962975
0.2556850845522581
0.2149991819133637
0.051833837935983264
0.4092375890489508
0.4098768840756861
0.08989038040902246
0.22474258666768165
0.08435495409031464
0.06345809280440047
0.2056575227863416
0.025375900408617102
0.025338748856862468
0.025376228473958217
0.02554131482251953
7.070774454084637e-07
0.02537849701902469
0.15162489289387918
0.025376361323236448
0.025130860193511958
0.05090481761505025
0.07440933373234078
7.48285120547856e-07
0.015143313463018926
0.10221259847476474
9.71299572474552e-09
2.8181947880706663e-07
1.0026495157360853e-07
6.629125853025496e-07
0.02773065109107118
0.05673434783408754
1.931445228953141e-08
0.02222237963899021
0.032823365446456004
0.0249699728502835
1.0888041223117893e-08
0.12547709149624325
0.13774713815803394
0.025753387399315524
1.0777749774927185e-08
0.2079379604756413
1.3724890221873743e-06
0.0894027503734677
0.10628151942490237
0.06488679025794594
0.025376419742885053
0.02535822553774315
0.016541007838763458
0.11656369678846636
0.04194164790562396
1.5688053553002814e-06
0.02537864531022096
0.07908060450207981
0.032991819138605334
7.017274201363042e-07
0.02579639670954045
0.16715910442028908
0.04068991912467666
3.873626360311718e-08
0.025378008645794717
0.03731250997775688
0.08408502153651191
2.821572300072381e-07
9.704315512023092e-09
0.02783837577927875
2.5636848036264698e-08
0.02540099742603261
0.06294367967131252
3.672995656374619e-07
1.7279641960377516e-07
0.025376126151765453
0.01017223213759237
3.4892998921194956e-08
0.025376261271879717
0.065046616355516
0.10724305284999593
0.05110228048716537
0.17189554279186964
0.12930805662801012
0.275425349412372
0.2056587417304961
0.1473082851360402
0.1985770265846519
0.15642947451117126
0.04741048056587045
0.08663524026138372
0.057550228885188966
0.1183247111760255
0.12230118157066915
0.08185611157373347
0.3314000549661876
0.23567501296137794
0.047077428977682766
0.1962704310635922
0.34803603539540096
0.15889675462902975
0.020572172562751973
0.15490717902781184
0.22459661847328669
0.05415740208575449
0.0777997344548964
0.025376388344355925
0.2528883836499735
0.03801443878147276
0.010046970854277623
0.02606603439573514
0.02532756240519232
0.03316065853053251
6.964080359606547e-07
2.8832495474816937e-06
0.07854479806259483
0.058268769413552024
7.707283980610631e-07
0.025100042865908345
0.08352961860476807
1.9771409710205945e-08
0.03228192561434188
0.10073247476257197
9.896170004810804e-09
0.017508259435986686
0.2037442954728083
0.02598203445759763
0.032086998434477265
0.0876853413442008
0.02537726774906467
0.09108821198224848
0.026914750028155226
0.02537627922065939
0.025376240530073608
0.025792045168962014
0.19003226733861556
0.02537544338397004
0.3408130292547624
0.3132650797202797
0.05510950491499665
0.09861947839013938
0.090955702453539
0.0962052218681906
0.1491752050940891
0.1817038681265887
0.0253645645498136
0.05626484528685762
0.0992656112763441
0.025828972635667417
0.15378158074082487
0.20644782440758744
0.2197505617883975
0.08607408858633145
0.08135829859774486
0.2600217867531865
0.07750277559735773
0.12223983152878433
0.3384637645942166
0.2189534952918142
0.10575913839930047
0.2338532397746681
0.4293640074763218
0.25972226361843503
0.4297378480908136
0.3098114907995722
0.1785086356205997
0.2126793728202772
0.3340195467740449
0.12495814527522138
0.13577720106321975
0.1050527971966996
0.12287191553740978
0.031877812535369504
0.15195405345555113
0.07834724022216348
0.025740913028508675
0.06174826077235888
0.13116118083994194
0.10441056735001353
0.221580513557072
0.10346053074048288
0.08263331962845401
0.07794577506314909
0.2977557061633801
0.2475408914972265
0.054292567229553626
0.10341498011613692
0.02537599835967441
0.05603258421506355
0.0698062213874549
0.0765147009738837
0.11736539873431218
0.07875818824721956
0.06692484931458417
0.2921900775662523
0.1462786238773843
0.25532752207202003
0.100312279620586
0.2581629109349283
0.24059312146523956
0.0640992154478413
0.09690258670854247
0.21846490906872126
0.050686675544722434
0.07917928545491375
0.03386161416013828
0.21455763461588734
0.025428241427960317
0.07656280086835195
0.23401603721050945
0.12261694356777153
0.08643424759960003
0.13587733833317664
0.2861113863102435
0.07136866848621236
0.19196463662959856
0.15793608041037704
0.20143567299295714
0.2389153815490526
0.2016517269826979
0.0768301648268535
0.11048079459773548
0.2260184328950487
0.15621257983371856
0.0995569249445058
0.1402243303575073
0.07652676722379691
0.10323039166544973
0.07614375274349437
0.12766625308040808
0.3485601933264773
0.11503229839913134
0.22213768629240954
0.3335934156355928
0.2567078958787253
0.2837965585684446
0.30319252691024257
0.33600724108318003
0.12138071418185795
0.2272074155182812
0.17110409190897402
0.2784352522737983
0.08046704283422124
0.02539871345279553
0.2776701728059925
0.1966418301700555
0.1052431984239174
0.04759369111213517
0.23592299999382266
0.07970355713305775
0.02515124458388142
0.25142198057231085
0.2889058951738239
0.1065285433211946
0.095750026969034
0.3873458398187678
0.35998035211068763
0.13829684406541864
0.16132618643151428
0.18174528003982116
0.2099606838875945
0.11317950479774044
0.05124475660432189
0.0732660172380267
0.06806703081991078
0.14077369068591886
0.2037078020288752
0.20227889824667253
0.08297915164594129
0.15587355036048645
0.07457868673924818
0.3578944262495042
0.3810455946034901
0.12191798232884794
0.079502249042142
0.2938505669187857
0.21340994665110208
0.06174329008066583
0.3051687466398532
0.3589870297007833
0.14717558109510584
0.02538016875819304
0.04917030761205874
0.025344180453670245
0.1482413776533736
0.08449975868012778
4.094958475177788e-11
0.3308800578974799
0.049424171158571034
0.025376653373772116
0.05429583533770705
0.1438487266712885
0.07567783685998035
0.10124090106482132
0.0774624732358058
0.08103249704889498
0.05747289898572167
0.02548020616951501
0.221695911276681
0.061354002872630625
0.08145656266245851
0.10126350275421844
0.2576234442078802
0.1660891966045025
0.05808635196874396
0.087739957935019
0.14682039535513616
0.02598239347521106
0.02590547473102705
0.1074002645297144
0.063207516365012
0.027858454706489004
0.026775318959087763
0.3472182959530593
0.029391710468701968
0.11413405227934985
0.05826520870962425
0.029284852888574363
0.03254688767861262
0.08149143757567287
0.0941605647654396
0.04997961832390576
0.20751191085653029
0.12680363677474574
0.08703456056189145
0.2917122949942782
0.11386881388439685
0.025854992140039498
0.025502805289360324
0.01984979589896461
0.11653963197509565
0.13906768925654844
0.3058562280498449
0.063515683650152
0.13875634075731708
0.08144247111817697
0.08907339215339034
0.11755415204840368
0.07453312618759135
0.025457327713105413
0.02537616765361373
0.02567047908095877
0.0472679546776193
0.20357588133446716
0.1195288888529598
0.2932840445467702
0.20143967456565973
0.15554587302177092
0.18078285929229465
0.1514758071795052
0.07878618384056288
0.3830520947495668
0.05424086889863791
0.08496807878715618
0.2315236268399271
0.2066931511573934
0.14214008786533913
0.12008186899194327
0.4336516292763054
0.10050852522774946
0.06619711798427945
0.21906250536279406
0.3288058732181044
0.12029207232810885
0.07281342229079962
0.39786754758952736
0.13569227968621833
0.19926142071989367
0.1057296980235136
0.10505982787818953
0.1272273969300567
0.11241875691331144
0.025366199919876882
0.06733489472195887
0.1372941294580445
0.025536292624816163
0.029435070995931394
0.06336685064336002
0.1069086671477964
0.018030538805503808
0.24928245251798525
0.24824255298204714
0.06048001745949365
0.18615040452749226
0.04921474638201042
0.18087322088586053
0.12125590757900742
0.04100579550639217
0.15204921848985892
0.1031030477048892
0.10902982224098726
0.07098475350868616
0.08024118734078026
0.1719739250267245
0.053400720745616664
0.19998732313795767
0.15835821483566
0.08151592223431284
0.04379187057455871
0.07683135934864076
0.2361343714915477
0.02537687979577993
0.1154097741721028
0.028781169953786438
0.02566612412986456
0.025472524863887243
0.12796358559374085
0.16081811141747027
0.07504800315474568
0.09068902669687648
0.08784162155215705
0.02946412594716801
0.2387621484392772
0.02578736114782583
0.0805397673431332
0.13318810182830304
0.2111808237926397
0.2692662670954806
0.08208472104422447
0.18662680049465608
0.33819517993681003
0.11200480073645326
0.025375977173162142
0.12451519182762845
0.12089043973828835
0.09537091672082948
0.02537979565331174
0.13553224737551733
0.2341062749490556
0.05581517550514053
0.062141670211116086
0.06467449019399546
0.09400900275310907
0.025375950545839857
0.1877179707580709
0.0503794044542856
0.014458513927307638
0.11804288491179984
0.049095432629818025
0.2921914792708501
0.339100551781348
0.09502183108127887
0.16091842426496844
0.025377613660127262
0.06196976670847339
0.14981496401869818
0.1835926790030378
0.0977138085174242
0.05216945405574333
0.2735387577454737
0.025376388525152848
0.05484091984169536
0.09957919438123083
0.025461915364282026
0.025376082663582426
0.025375962488907583
0.02789053517369184
0.1295408980294852
0.18638804184759308
0.20147955456173444
0.07987155292316306
0.184151712136883
0.035918646226686606
0.20979289534395634
0.039930627064239416
0.054908411682244584
0.07852037638121677
0.12104416770748112
0.12918599620711224
0.06103485804460281
0.1776570694475764
0.05595860857196259
0.16353361719994214
0.11891846389042765
0.022532392766681772
0.10601503950910043
0.307991861329925
0.07975715214315801
0.050412561715194745
0.05360367037409353
0.09714695053074053
0.04531338391015568
0.023384804553491415
0.18089608564968154
0.061122575302723275
0.22163105799329874
0.2337438923143676
0.2213686595791747
0.29918719330514976
0.19227613288651288
0.4357012798504728
0.17222250718757304
0.04753951793813644
0.2668283704942456
0.4117765201133576
0.2826278682653361
0.07829926448052718
0.20336937034942384
0.435438705363409
0.055193125963035945
0.10144349730885513
0.3990434243994972
0.0782352915411856
0.08321821911999197
0.058220586438720925
0.05214275929679312
0.11689511176929103
0.02537594142722578
0.02518711782371155
0.1709384427543678
1.3903004825305714e-07
0.17578151811042175
0.025374713865842932
0.13339766312886825
0.20706763521748173
0.02537443480384335
0.0253762449948782
0.1899086878786327
0.043452542242895985
0.025389963897693255
0.05537028325216711
0.09166487055981136
0.12143982957327247
0.14531722375024664
0.18817365896098384
0.1291606120058518
0.034366233637884505
0.16190886747605912
0.21129173802129209
0.20152155296024185
0.0965670333075337
0.0867096024780207
0.0872295383742623
4.27494971171756e-09
0.041049983408175186
0.05237558909376753
0.051948823924978516
0.07042496850925248
0.20540269551846949
0.21399042856265568
0.20657896363807352
0.08745119559191245
0.08149392103042473
0.07848106131423252
0.06400527636771895
0.17810250348687665
0.14920057209959042
0.13472056200636007
0.2336444332621812
0.10246965990184956
0.15332551145247747
0.3091023993311139
0.1127206083998986
0.30451654616171475
0.3832463269186831
0.3205498912176893
0.3852908944150822
0.12341485405557773
0.3354845733912928
0.26530498437867583
0.32697623150874056
0.1842144875075464
0.19821976836062186
0.3064826423882893
0.20002722320785774
0.21491170515898408
0.29805546902389546
0.3428206908320853
0.08962357353066598
0.11418975310883453
0.1821404499572095
0.21554187722087356
0.26535848672001144
0.4107352642844948
0.1731821088733609
0.3205672863729748
0.12356841469071653
0.11761338668590708
0.18220216278101944
0.056440969568376874
0.1119687077869436
0.04667277039505032
0.0733356645019595
0.33118292503863883
0.2012503903028557
0.05213402272548489
0.09270384743311892
0.26148106825016043
0.17702362933914514
0.2932858479446626
0.08600594245944544
0.1001090344195861
0.306321401536486
0.27388489639886743
0.0257333046230175
0.051634890572104034
0.3060973141691869
0.15400885658567232
0.2369060076525231
0.1250509505547869
0.0638789246085329
0.16832437677383238
0.18982897701386992
0.04689870217878238
0.057010856911313024
0.2690366658839484
0.18558091659904116
0.2183710454476482
0.005382082496232994
0.051868248205238165
0.3224136887593553
0.338516907573421
0.14394833453507594
0.14712819857865742
0.17771462250262984
0.15984143698617387
0.06816078979377548
0.04557615597650807
0.24167187983063465
0.1416163950185876
0.1990075596178733
0.025740229753064385
0.08590103935313001
0.02390952142257156
0.053550458424276096
0.16532247515996806
0.26050153456542136
0.029151697388610436
0.050443227508448464
0.24858848703080436
0.17448074367524846
0.2553506782347106
0.26935162220524506
0.18572770424915067
0.4437353262472529
0.2230655056183412
0.4767554928835992
0.2021855428982325
0.02452409078719701
0.07957805015464771
0.12757631019208854
0.17837494181800215
0.2932605979532267
0.06392971706740867
0.09447611237179096
0.2433928435195882
0.2853904771704847
0.2521611844007733
0.03862103173412697
0.17274679316411884
0.16975823775701085
0.0639958089948288
0.08795320174374567
0.3352386160513068
0.2830368278292822
0.16699815684363853
0.09449262273709924
0.16864480892305972
0.23483601952510516
0.3263892673261976
0.0267686851750612
0.1725371563948693
0.3750859928213304
0.11250789357346376
0.2373104722678721
0.3188394209907268
0.30803969205117554
0.027168150569691026
0.14334907605547867
0.17166707857974575
0.30688328459875297
0.32124955241736153
0.027195701426771544
0.12805284830060087
0.2908052806113214
0.3213683320622255
0.33131845957059824
0.22604816213724985
0.048171748297683364
0.21351340843051173
0.25560619855185146
0.31604468079750725
0.21034819492167245
0.33084027612239275
0.1910356812715364
0.3105408340968821
0.031979185922163283
0.17673170697042306
0.07965419518828416
0.4387824517053023
0.029147342962895124
0.02537615419523576
0.10973280303798356
9.15231040760874e-06
0.025411217593671053
0.025804374765657303
0.0507167504028844
0.031779203854822635
0.057137068532009186
0.0936488383484846
0.05191403462017945
0.1403236571159223
0.1893348049568327
0.04208931649172412
0.010437066664513588
0.08280997194809771
0.1878464837474052
0.1040585807444368
0.01017411730400828
0.025379817230088995
0.02492244785377188
7.754485753543553e-06
0.026684308572467168
2.782441616120304e-05
2.2067606689520784e-06
7.551336388321196e-08
0.01017478271908266
0.02539935188334416
0.011858495860251242
0.05541262418848781
0.009884945302921087
0.0506947016222069
0.025689884181053186
0.19572280777867332
0.07580724783040223
0.03781053084599437
0.03127889439910634
0.04886769476888237
0.01123170188503114
0.02538378659016803
0.10672143854482348
0.061538943927026225
0.12047062992378475
0.1442447955399198
0.20588870186471428
0.026362841345862247
0.08435854416616283
0.023627280768685126
0.2337024956304405
0.09107184006507084
0.14920896617157706
0.06487577317163981
0.0908680648456022
0.2675114262663422
0.16937013341948326
0.026346721900306343
0.03756759027131044
0.022718994912075217
0.09582880351941103
0.19426016654094494
0.04564554479991397
0.057218469030751014
0.0496030186927615
0.0425599316307507
0.18112236264924025
0.05147276205370965
0.05174257230615378
0.0254031821608819
0.025368269808106792
0.025116472373506456
0.025965362697257837
3.819760066846315e-06
0.025806309009875125
3.513967633109329e-06
0.1297068217907315
0.02859762868652212
0.2003472271446216
0.03497090783095418
0.10111442610332863
0.1190038345129696
0.054120595671466695
3.985313843523336e-06
0.02538107891545412
3.894343738264058e-06
0.13031391510325632
0.1361575602096041
0.23380517068091636
0.025377447708344388
0.108250459869351
0.09007044040290069
0.1387880556022744
0.13173190435730142
0.17215444223288195
0.17371433545328896
0.09881336425282207
0.12145017018610656
0.0849769633450577
0.07663633175961376
0.06495668428438449
0.06209677590986271
0.1238407856034436
0.0612370541723425
0.05588049258040579
0.1209787388316599
0.026454429727541057
0.02585341050576296
0.012576297822239796
0.04983253927480402
0.07812928671553722
0.0329920905660679
0.10394288266754048
6.888899992317287e-06
0.038442560801911815
0.059879698489547474
0.17731802496779334
6.496507275609635e-06
0.20500127836002174
0.06664611075026436
0.051855400095211515
0.0305671018919971
0.025467914632169884
6.460786456200131e-06
0.029144674261983406
0.02541762602119701
0.09268688828744913
0.23518051115061836
0.05678338231622002
0.05020373964699509
0.03833396373108144
0.055658625231974936
0.08720616620989474
0.1047251548224406
0.034048274650442883
0.05962019055747899
0.11241989314908762
0.1009510457494558
0.2168504181730925
0.2007755175289599
0.2772571749678791
0.1094231673081707
0.043140739883672466
0.05120446077661942
0.050922422528435686
0.1057276104780188
0.18487672076752065
3.593987607277225e-06
0.05158350390166504
0.025577069031781047
0.02586091232542416
0.051692493616524574
2.2425344053115746e-06
0.027368176529319256
0.02085320064651549
0.09895927412227776
0.1956385881274133
0.17334165363886592
0.3252148784815249
0.02541045344174036
0.06586936313830208
0.099541609159938
0.11038959732852308
0.03706616561619127
0.02613906685455011
0.014396018336039975
7.048252425165758e-08
0.11463173576609174
0.025403400679371142
0.025528947457999857
0.025379991913307885
0.02530596894653373
0.02326253756187473
0.091493606123576
0.041306121819116685
0.06712341384525984
0.19918129149080752
0.1191374784008168
0.2496934578460275
0.058786649389160235
0.04728980123197536
0.011055229591193696
0.025382062702208438
0.1514425016989002
0.028310014065674717
0.02537780718667053
0.024535112863086583
0.025377742230084068
0.03567039707180437
0.12123638837128375
0.055191922923371314
0.021051395480780125
0.02537616858473425
0.05047780614543598
0.030452166126221862
0.02578434091564284
0.0400300183535079
7.047834892905654e-08
0.18687917406344026
0.02488897388160248
0.024343864711859918
0.025381737640911797
0.02792198336275848
0.056153970341460656
0.2712114364134566
0.4357694953250271
0.13172500075578691
0.16393138092650486
0.2548470092422036
0.08985154257448298
0.025375191867866232
0.02981080413794257
0.15603997087452673
0.05970639602493701
0.02537263374522635
0.041892768841365606
0.3681427704683403
0.05932952737805505
0.02537448221314104
0.037728779015118175
0.17183147979057126
0.05223988956651659
0.08042915618934132
0.0877197150580275
0.24988015989489745
0.024897856413741586
0.01863888493078166
2.494462323344892e-08
0.05177409224542268
0.02537162115991413
0.025378759640183917
0.05400787006655911
0.025375908630821644
8.451883188547106e-08
0.025339972483169312
0.12462345862356015
0.025375947074465874
0.025375954831181567
0.2946619602583201
0.13977190262767686
0.14210606136317472
0.2119462191673627
0.0912199715428207
0.05759022456160191
0.43580210178368384
0.24491336491284846
0.21424262811290587
0.0943919489554326
0.08949105083189766
0.2931810275001648
0.1056592311529964
0.4322122744853769
0.12541013905587772
0.2680336961397709
0.16170942191094798
0.10208553346048888
0.025339657962172503
6.558085237678348e-07
0.024977313867685213
1.7883292134900738e-07
0.010854724401136842
0.1401071112249458
0.011374740526259098
0.06522203305950455
0.0790055646221178
0.057164571783176125
0.025107619386447625
0.024816141272592514
0.027482733696875025
0.16483332888368152
0.017247657881481682
0.07632624557165785
0.07237279521136436
0.02180273464314969
0.025248067150691254
0.010121421612811222
0.11545918209049795
0.18248956400990385
5.046717315082746e-07
0.046066076964165516
0.1663851433934927
0.12288371049965133
2.9365698890472286e-07
0.27424807216149394
0.2614384775238464
0.010160242540115608
0.2042073694392804
0.060495762794652526
0.17731910736223133
0.12097098702428323
0.024935221645048567
0.03881330749679685
0.17421057422710998
0.15262056921394745
0.0253760108962265
0.07307303694140216
0.17434887727699122
0.11782712740478135
1.9214716558977871e-07
0.13140921538363984
0.2360754548152053
0.05143066983955246
1.8489078738759736e-07
0.11951878911613605
0.186912036592632
0.028298561150221887
0.020581151240844614
2.1989398486612623e-08
0.03169786623388243
7.509352794638295e-08
0.11021704645899252
0.12583224248010735
3.319985261694017e-08
0.048831273767895984
0.025377140884621816
0.05603544739065019
2.3360775318361268e-08
0.06658015243799392
0.030571784985941267
0.09870967596302634
0.029841391832192737
0.11660078260523395
0.025384587259600414
0.3094141668636132
0.12934669951963332
0.05878770094782509
0.1721593512324258
0.2071088672142896
0.06638618275999614
0.27975315613470314
0.1688080503144755
0.09866648543144607
0.02758127774427012
0.08582974118096699
0.18769267431070075
0.18010201194623746
0.08997549681757486
0.07690734109266507
0.2749479948911625
0.11487801169931135
0.02578203309606759
0.025323629060204272
0.02541005219577865
0.13984296962608506
0.02537360394319241
0.08671478744843028
0.062083404140297324
0.05114960794620449
7.510510175994926e-08
0.14055842704474195
0.11573758119558712
2.0472177472204535e-07
3.6312033632764203e-09
0.03381535021903364
2.1983459965049743e-08
0.025636980918232282
0.025400393080036908
1.872500573914056e-07
0.035418399460166235
0.025345464397866842
0.04770231048474685
0.025079665508251827
0.022631979351609984
3.6485531663186773e-07
0.02527382077647148
0.08472320988579413
0.11545588862061973
3.5162462619487236e-08
0.226345610883002
0.17130253123111314
0.10481300002509963
0.13228467992468404
0.11268378901438185
0.15911482188319562
0.12563525467841755
2.6530818396230675e-09
0.12260474503947323
0.4354432278125806
0.13741311305809126
0.02537644983875165
0.1987170161622771
0.2973293034922818
0.045767957366163466
0.026196168553080608
0.2270592006873036
0.08773066484934272
0.05566093006915051
0.025397732918607814
0.13808952933300955
0.12663831175592982
0.0253756796336227
0.06462561380633537
2.1981926295168408e-08
0.025177869487519315
2.6382384796521412e-09
0.03728082442136007
0.05437423560482762
0.02529252531218171
0.025288087534841942
0.03274320126331928
0.017103008721444643
5.0859051419424264e-08
0.038905646169665034
0.139721969010453
0.07241710653722068
0.3315626815427206
0.0927055205648592
0.0703805801569673
0.18398519875713032
0.26313744162114044
0.06916199771219002
0.4022029830896452
0.18307587737690229
0.12258510808756536
0.31286803251078604
0.17221225211362895
0.4262743068832212
0.033091818875348886
0.12825744310549164
0.1731079200518248
0.22256344424574734
0.07578846430155889
0.13344403228230026
0.2739591892901413
0.16652078389895336
0.08262720680544429
0.0195280652928307
0.02532088448215147
0.07091055825512739
2.4017255897978977e-07
0.02498979794901573
0.16968617395859484
0.024268591715323726
1.955565386474604e-07
0.03739315936708134
0.2228606957103544
0.025376000410378224
4.732370532718849e-08
0.05755485535120289
0.060697840755727914
0.07441392977723334
0.04691094130799756
0.04528721466831362
0.025392822725518585
0.06616460393339793
0.01596304829060765
0.062360875460207715
0.030908044156825958
0.02191934015619969
0.025372313665011227
0.0254247352414975
0.0287306039530092
0.08195132292671667
0.05187714411593175
0.17639584740983608
0.16964486403815435
0.1986217387383366
0.12445100733153655
0.21985016244787356
0.20259128864552314
0.11564585141580624
0.3658823830800033
0.10955656772023904
0.16770256767595776
0.17281060804173387
0.26056006251102265
0.21992171644972147
0.12498331225731515
0.060361240882052775
0.4432967515531847
0.1305554185360563
0.08068918478809152
0.4269392480148979
0.17819269419898207
0.24803638201091624
0.12178994306654813
0.050830414538546
0.026349667152870127
0.025423453994178176
0.03241418508309148
0.026513719482985608
0.02537613289147716
0.02538106815553709
0.025234864764367045
0.025375835869806643
0.08912940793029803
0.025394262334624336
0.02537632916327603
0.02539068071864593
0.032737534248042766
0.1704340110025648
0.2516261552857289
0.01240126128134912
0.03183293795458854
0.15291633072520192
0.15479253358566464
0.025358502992794317
0.07343448655174901
0.20356927653444915
0.14090467347912666
0.05180647587324297
0.0777596526919811
0.14724891374219987
0.07827630787085696
0.0981123225625431
0.023032048916796104
0.02638318039835989
0.025298322678522143
0.17621179304008627
0.08302774678096501
2.698235357864352e-08
0.025379047004559185
0.07627036938254847
0.0752999504670541
0.02470386253000607
0.08484415119311088
0.05059964137010438
0.06899829319381351
0.056629194636264674
0.07674790247888492
0.0253923763436159
0.0253751565388727
1.0250961564694265e-08
0.05272499990288136
0.07865423574825292
0.05020896963962635
0.16777009475730345
0.14878214185955152
0.0503985057762138
0.025376264913598345
0.1877458745654044
0.1952808804947079
0.038113896769476456
0.0253759714035829
0.1194258853350071
0.07400571857835209
0.027885718584603043
0.08052999311422958
0.025379310527854467
0.08542274567976238
0.05271676155316172
0.14929450026837074
0.1059237184060572
0.18349917031776988
0.02537053708215595
0.166472097319621
0.12951553124926216
0.1378385481465454
0.04129790742043274
0.05346251167978541
0.07357850862882856
0.025401426322635902
1.3507895353168138e-09
0.02545446555113052
0.025534566617117938
0.0786758342058712
0.11203284795887317
0.053362055325624616
0.07233587396807169
0.07341240839836961
0.052402898587288686
0.07794638097800896
0.04558073249765966
0.02539518844960282
0.18264182105490687
0.15442041182735347
0.05171820736747328
0.12741313789705588
0.027787933969247856
0.025552640457898304
1.152802647432082e-06
0.06008356224679823
0.0861173138406591
0.07604150175797901
0.02546100871078129
0.026468140644470013
0.033590517917879786
0.0146348956972762
0.0777711800207707
0.051242708696422494
0.0782282250538278
0.06748261035653608
0.08061650372311
0.1708975181026759
0.1975632679182311
0.3374004105648227
0.14579110678159396
0.5112190127695481
0.2988112748539771
0.3726186310620158
0.3152643582217575
0.21212759716116944
0.28297843291241603
0.497562997684671
0.2538415087378121
0.2475022014240104
0.26627979547260405
0.2315001802719596
0.2714624821149492
0.2858514640173213
0.25252568356411004
0.1575116279873757
0.14406094955302215
0.4153441180074753
0.38561941094359903
0.2365425313063999
0.03858357685004942
0.3056263372211968
0.0915551549007969
0.13602636636503376
0.2272964705599144
0.2183024408123755
0.06737921316073794
0.09287556868465152
0.02609352462860469
0.22353981581991286
0.13288212098428945
0.0544187904585544
0.07617789467540935
0.3082999772728825
0.17402436036656116
0.08140048509926542
0.06328828843862205
0.02537378752090699
0.14948285847422466
0.04004849924306501
0.02537831465449096
0.13290800161077362
0.07168678408430272
0.05805803276696257
0.0253146737949716
0.025375933364396117
0.07641519134212844
0.02537598757506281
0.02537124656383176
0.09225171390844293
0.025375956561571964
0.04727775431758436
0.025376759858902163
0.10183454226038992
0.02544863211075036
0.0727952166699293
0.03674005134966838
0.099038770669442
0.04212100786558103
0.07488885243430739
0.042519564178280914
0.07560491130419651
0.025376589929438337
0.06550497805354583
0.07302256897900278
0.03776066004628385
0.06721909901653343
0.02537595946588477
0.029938667331629764
0.1007333494491433
0.2182134008225524
0.07657118818625486
0.24590029185876155
0.09791923753721904
0.13671364577269365
0.12250871763380268
0.02403179079990814
0.06976170759610274
0.0740966905773701
0.02561331722468016
0.042930742438766406
0.060980717828424964
0.025376706584857474
0.2466419163303985
0.02928063840993865
0.028934077170692563
0.11256443877971348
0.07074266805752757
0.16272461658407927
0.11022479542140508
0.3591250560052959
0.3526885287498153
0.24785829619863045
0.26793816244089336
0.041666206327796926
0.20145693316342034
0.14924033905896192
0.15249190255046055
0.025618395809963525
0.1974770468127792
0.1856162596335407
0.09719900155663068
0.15576018942636286
0.19945257216681966
0.24548943473636856
0.07152523058580547
0.3330684275862336
0.1637036905139737
0.2178709485236366
0.3177023470758537
0.2237513062266292
0.01769399330132022
0.13896283067701434
0.1996182169023251
0.03164101594633824
0.15354952955930648
0.27188948047067363
0.2345766797429332
0.11677128197677912
0.2661803756419481
0.3406436428883263
0.23207531620869465
0.21453771028525054
0.3249599327713017
0.4343812795854123
0.15690946757496754
0.2210027178177664
0.13071524910058435
0.040810613418925376
0.09530680445923408
0.08359165150189889
0.1213966761776152
3.895006975999026e-10
0.062229709242302714
0.15821612458190934
0.3014912171200114
0.2649219181764987
0.09653687400687437
0.14719889014769302
0.1601296498267411
0.13062124293438868
0.1898798172538289
0.1326868661712512
0.09523301696847047
0.017487249614398185
0.22098082185797666
0.25902611298140144
0.05239628984337975
0.07449720739000303
0.2476999643980614
0.1483370975090195
0.12651913323350514
0.2896617058461886
0.38045995063965904
0.20064945344329504
0.10084773408706546
0.1980989052434444
0.4356830896687853
0.18218116438472712
0.13636250332462738
0.20383427406635046
0.18367462187519334
0.15222066358089753
0.0575852325171458
0.2072283081446736
0.07445346380596234
0.10968875230057172
0.0972783791476908
0.3658844846225242
0.25634812069088386
0.119525706434452
0.2867217715898561
0.25264751408586417
0.3142354843388109
0.17697488672789027
0.09939931531819772
0.07555728786723034
0.19857467924609454
0.23875820921734586
0.053110980786125216
0.09363879798533403
0.3760297032895888
0.11456425710056145
0.023939579141376902
0.18804589904365526
0.14158341238209105
0.10548715023589347
0.1065272730724622
0.2519914763198272
0.17387179425722046
0.1151483630583876
0.0253843522111102
0.29258677871248856
0.2645995379019465
0.11070559171847222
0.02592525423709409
0.1328352397276366
0.26095999920353485
0.1265382476293912
0.1204785184428036
0.4216704357775504
0.06519931437362514
0.19981039522982136
0.10556847411952336
0.2086985769731032
0.3380205828513636
0.19228396291316785
0.1510090569934543
0.1410308384257196
0.3341596291277353
0.28247933645668405
0.3206126707663617
0.35143325509614065
0.1382386573513052
0.18758090227216986
0.1937628284763057
0.3240522591948289
0.3438242706275172
0.18250749006119413
0.1313834132861004
0.1687836633345562
0.2428917398163005
0.20148221136308364
0.2234232125415426
0.7159483650404938
0.1594123780182032
0.3812055439635357
0.3214382298872224
0.04908115643943841
0.20233335286055165
0.2356128470461707
0.21219379591795293
0.8254315335260813
0.18624693691061964
0.16882475150719994
0.2544476720334663
0.20576585559761507
0.2637181531086721
0.3474879442459969
0.4565711513341498
0.3768446606881448
0.08794720776565734
0.2654408046030527
0.04913456584145449
0.1708892165419474
0.1648170058516011
0.4281598236952349
0.1291647547158872
0.10085538457287424
0.41911038658863664
0.05055356607799998
0.06880816096461981
0.1389479614288723
0.16294462834503448
0.25699321595567776
0.4000656099521952
0.31522162794543895
0.17016748096602854
0.41081555413801135
0.2782805233954126
0.2736677186808881
0.2780424325294723
0.21875429303432065
0.15517269930840924
0.126184372333602
0.13471328533954574
0.24477979192825314
0.14532790970768078
0.1564412962563231
0.3369077367542988
0.14940497260139604
0.2946216834179836
0.4337700548443449
0.27774560351593075
0.17635071012232614
0.3228192977808097
0.3836521767918135
0.2056157926250696
0.1389031508392227
0.17216449365242253
0.2576139513695045
0.2615846429431344
0.19273656925654986
0.22980445989560985
0.21814770730839456
0.2657733040619698
0.3417436627996881
0.09866391041928796
0.09186585001238523
0.1272361292806046
0.2539502724687884
0.02537600644216144
0.07829582512163485
0.16700765203497148
0.15722212680549622
0.026596723266002438
0.0999618535554346
0.02543300052148437
0.2541212708276063
0.15850088194545495
0.10329348162266744
0.30218405311831537
0.27936652433605563
0.20455920398877087
0.10007452198374342
0.2878871103944363
0.06637931744790591
0.13640026926485316
0.24682498239699804
0.08159266897546145
0.01592497225818731
0.15401429411173614
0.3093139880308425
0.029183799836634893
0.05284930434669652
0.2633130731301909
0.14583036750343145
0.02541990484579729
0.06428726352992259
0.1599699014734381
0.21809234909594988
0.07788664414383842
0.10446479143353174
0.3021047963365943
0.09508226451461994
0.0512078918550437
0.07468751982836393
0.1619438956316001
0.052377621071263064
0.1322057644349406
0.15727415291192506
0.07241335954501045
0.0536360993523702
0.1596918975669324
0.08138182066593325
0.03219971648032143
0.04075191715220342
0.10843110345606533
0.12916557499487194
0.2497145088855944
0.15338584550708506
0.2275951778117367
0.30063867996964544
0.23883552429504784
0.23365526248222396
0.1498276748062613
0.23617159983695
0.13299830105104996
0.3093773332678829
0.2915851813496632
0.2611604552261816
0.10942788943631963
0.27884236065060564
0.1828804908416902
0.2494518937203657
0.12439763907936832
0.10105610044781696
0.07166214592386236
0.25604968394431304
0.09735392958871183
0.14755484055934318
0.10237144749239817
0.0759336350404604
0.05988785459748749
0.19425595625806005
0.1008182139033761
0.033103391561264774
0.014750277899528713
0.18711268158247327
0.1129374361137494
0.04459789128919938
0.08808676499324519
0.02539097899098597
0.05796450791574976
0.11723793135086505
0.02618956360951156
0.10892132655449346
0.32783868000650856
0.2640624672152778
0.2032096425029417
0.1369620809211276
0.14531619008225138
0.13706709840495768
0.05442538787830427
0.15038624365237574
0.12720318262894326
0.0686453278978449
0.025458189684700004
0.11937250780323502
0.05221192673964484
0.12068313814895452
0.3186474455698075
0.24722401085891396
0.025370647791549024
0.06304750705620761
0.19727345217118225
0.16830409798279605
0.16185819310781818
0.14660306160547842
0.09547792305145786
0.07615494522492186
0.0695958499244464
0.02280491635661731
0.12063893416666187
0.17481509959842456
0.0253012354439648
0.028389010511175518
0.2442196377054091
0.1236995817549102
0.15430017839587226
0.2413888308578455
0.2615128066065397
0.2482761284395532
0.3504338504222164
0.025392952104280612
0.07633733323596853
0.13315713902871182
0.025375927984887067
0.05669467848953516
0.07894425710827695
0.03043410749150105
0.07795860669339395
0.06252125723897244
0.09073144618317908
0.04962441298531562
0.3077667313483461
0.34207353757809056
0.1622820943649725
0.31217649506851364
0.07201942758943825
0.26395299995390964
0.2370767276042968
0.1488856555383068
0.10561076384809737
0.1861531430020784
0.13212261823316146
0.23002370187788834
0.10724504974229844
0.14181377688928046
0.20618205567219436
0.14420624011462008
0.02712335940366821
0.1022434410431863
0.2589784365794282
0.07887505651303016
0.025372109178247
0.16442219723739288
0.3517384534984086
0.15445097468145286
0.15978309819091702
0.08431895544280313
0.07778381445837462
0.2601175002678124
0.2472067738898301
0.0780695381606208
0.1269941651804272
0.3716462495795062
0.3477961529891693
0.23442705273596906
0.3186885472133894
0.2786277243718454
0.2754292768349644
0.3527633403046248
0.2524356642309816
0.3395877186215637
0.20361778916603404
0.2786038034477071
0.34769477922533504
0.15027630897526645
0.07654853227506113
0.2736816115811044
0.2424149868482557
0.1281273973815707
0.12621001589280995
0.23489685581190803
0.15185138227781533
0.13209543679468636
0.1219154149139044
0.32035466510872906
0.13867698536007392
0.1430417601718194
0.3044852337028849
0.18326870766614
0.06731070063943329
0.05638238862096968
0.31743312217352154
0.28645604810801545
0.23745457367600495
0.1623348689195089
0.025375969225440026
0.22915666144869076
0.1759170858058328
0.08045667114335163
0.11835957581780772
0.2845319414384093
0.06442925218660668
0.10371975218206632
0.1986815956656515
0.24689853254264035
0.08050658370837017
0.0744565580996262
0.13905194595446352
0.25332054265263354
0.21100254397605325
0.1856033875280119
0.21767272060286064
0.3900466225083987
0.11438583198294795
0.17710207503844352
0.2721511515184968
0.2483972128150561
0.02608723529676774
0.08144134119102865
0.322510405180562
0.15421031165178753
0.02537492453694561
0.272408003228488
0.35223968889543605
0.10939005425314692
0.14823530151899342
0.19461283719808206
0.09339530732814952
0.17186815949261575
0.12596471300321946
0.06059203367802112
0.3381849736567181
0.2566735754174194
0.191158832105019
0.3705200351371306
0.3287556456391256
0.12179361375552493
0.018392637227637145
0.32009284458174664
0.21950537327827288
0.015087914072291587
0.12016812143524574
0.3541322407391398
0.025363126107815288
4.419881801437433e-09
0.14439689761854524
0.22744232988136695
0.25142434929292057
0.06913082166150218
0.25626240153014845
0.2556499894646285
0.025375945836909376
0.08640488679522934
0.025375856869015917
0.15848673472275468
0.07805724373539218
0.10477144028515542
0.2164976994299179
0.08920560907419763
0.030887344481158093
0.025649519500825408
0.15310835940191014
0.14286485710999566
0.06296787079888623
0.026123493012786846
0.17031930828705635
0.051010670723166375
0.09970123260379844
0.09974653533347956
0.25249570702858903
0.15098582668176622
0.1585263347126899
0.3027664702193175
0.17385174266090553
0.2320732184905401
0.2582821370569757
0.4283709334742829
0.19016183700163625
0.09670926561689236
0.1219390833667056
0.3383682667103113
0.1546181307683325
0.02538489525194193
0.3279242237272877
0.27161834302004484
0.025421720211337148
0.20411670836184254
0.43544020259640026
0.23397917983503375
0.06556531313097015
0.3387088539972186
0.13906079254606554
0.20072065506792944
0.1061674314454614
0.114023817336965
0.04678421605711799
0.05807993421639211
0.1086158397310873
0.056046706482489765
0.11958771181980865
0.16968389896421796
0.11703429370740012
0.0813684594246489
0.14582514216909773
0.05347282232703199
0.3157746315164843
0.10349491653794672
0.05823885373346011
0.058103169498026276
0.02628613815826212
0.025376250615203703
0.043911233486409566
0.07613104005418009
0.025691054184160875
0.051729275566028514
0.35928044716676066
0.08915649235130874
1.2397438007663786e-11
0.09833566518035176
0.06104905689472221
0.11632699446760725
0.05523851710869016
0.08580529936371699
0.05171618731501569
0.11697652621746507
0.11510724651290495
0.029714066705176893
0.10718369564681776
0.07374446424438726
0.07066885267094009
0.0761271704712749
0.10073199131452183
0.10052385765363224
0.08209474788955896
2.517959248606292e-16
0.10712484973370294
0.026175029243080114
0.08666305864365896
0.10306360027572947
0.05078024351715255
0.05489465086732187
0.06273000703110608
0.1490811010054081
0.020611389287872803
0.035006655512510386
0.2401355865070745
0.22605952027967285
0.08393677025187553
0.04715918088802131
0.05214755227324255
0.05118254911258261
0.02645186384372461
0.06653540593014005
0.13483373482015856
0.13185615225988226
0.056918458924194976
0.05137067432445208
0.03185394408925032
0.25783281484150394
0.0779052592304196
0.05064764207147508
0.05311796873958679
0.005265319662855794
0.0583320003281393
0.027356561208671804
0.2535234784046354
0.3051577449576203
0.17602699777205993
0.09250173553859203
0.2505441499326879
0.1575252332016122
0.1535978757180372
0.28928359073200816
0.0982763969803654
0.17499972078789475
0.07723805005996894
0.11938453670617954
0.11321140411786725
0.059783066085884
0.025331004271625
0.1716626322262636
0.06960640627025894
0.1482618850508423
0.08829516786312472
0.06457258882630174
0.3106808162213165
0.1647583063569336
0.10760698440645072
0.10202778569875147
0.05480411525027362
0.08491000872614665
0.05954161801097242
0.21313481289156794
0.05742751318639579
0.08977166236341368
0.11675484080837592
0.06027729890783452
0.025375938425845276
0.11631882638863625
0.058211903005076
0.058175387927669214
0.02537641980962428
0.19907729414855424
0.16652464813224704
0.07376665430723615
0.2743459925890524
0.10333945458594036
0.4251738397174152
0.2677699779952254
0.4034667541648969
0.16862136531842198
0.25832345082709274
0.3320981080826554
0.058758703959520965
0.058197423518499776
0.028246123472455694
0.03100913422712648
0.031456539578548465
0.031154871489593387
0.05376652725450695
0.09295658580714283
0.07075208540366318
0.0993972402444808
0.06810651015383422
0.054949395322751365
0.07792530212675325
0.16382916750565765
0.1169266144510828
0.11168778360536984
0.02696433936158012
0.0280725339627706
0.0507807839518729
0.11641307396386252
0.028093297820705247
0.060612347732195176
0.02538389895867442
0.1175179262581183
0.05825287149170874
0.057023746937441465
0.05161975683145873
0.051380924555390256
0.058616279510384825
0.0569227509433911
0.030347340826220287
0.058388860501069284
0.050971848933849394
6.643663384407348e-11
0.05775374034140119
0.034824018851843934
0.1354114503754303
0.046831947752062585
0.05200222811886372
0.060066090206114975
0.025376017955123703
0.06407737939975018
0.05803864114049255
0.0582919084384205
0.057837357835573415
0.0581368517247703
0.03861746029450152
0.05280590416385048
0.054854241604570524
0.03755305139817031
0.12211464847874175
0.08436157208338388
0.058436938445319005
0.05234773651920625
0.03268720947305461
0.05467458526839501
0.16515978654952876
0.10561278255614384
0.025670335439656886
0.05470847918371967
0.10399639631776204
0.029520990192426894
0.07767036046630604
0.0794811697663119
0.0960035105441746
0.025386398940668728
0.05090036815991026
0.049730814527626996
0.10965410346003614
0.026270447457364017
0.10461896402639127
0.11380608423930508
0.057025590065599624
0.09298970048337032
0.027103523289232902
0.17952239745300164
0.08795657624653022
0.2835040311142505
0.05272629231163777
0.02550858355523692
0.0582458003050631
0.058270194772216566
0.032008337997080624
0.09178537616283514
0.025975685476839986
0.027273320740926896
0.025202913748930432
0.023323862577994302
0.06294120976605233
0.09194077078959056
0.025571654169063675
4.7278062865840806e-05
0.0003977446503199108
0.0421257628367417
0.1014017940115059
0.02539807424073703
0.02399922036274502
0.02758085485365291
2.7208252521622767e-05
0.1323642534493725
0.05973267871853623
0.025559255753399675
0.08321453745882461
0.03323403822934808
0.07628270455677065
0.02583679665341557
0.08579617768693752
0.09631554520456384
0.04204248599057205
0.07694156132113772
0.10950064771525927
0.0134102628802117
0.16226143078968333
0.0370585895884258
0.1185892817258012
0.2640741530094486
0.00015137984253876382
3.617002889844334e-05
0.02277742663226216
0.11512747433110178
0.02555282258412695
0.00017221057282579117
0.026980769294706712
0.045922511717961
0.00024364713760589556
0.0424716092319807
0.00017617680364781735
0.14591894208924072
0.023406043367297614
0.09952370126700433
0.061890691046492516
0.015225600408458127
0.02874901156441885
0.05447667133192164
0.050642186673755966
0.0142761665853826
0.0989090342143711
0.024292930580145547
0.04584579490977513
0.00015430043730686534
0.06774930103247448
0.0718358274205862
0.05994311665445829
0.14173595442238146
0.10262321742939272
0.19103690821232305
0.03283510698335844
0.11506472308520906
0.15665220208543293
9.2962119193789e-11
0.025307996542027013
0.02523779753952588
0.21198657776658547
0.3140280334946325
0.02540560071589069
0.1406646807334898
0.26322306613464685
0.2082621447724457
0.025350399806334214
0.19688771524047294
0.1972072162918478
0.11479132369017388
0.05086058393960004
0.21145443478826306
0.20747951172503915
0.05040285601350137
0.025409495552185243
0.4348312351153442
0.29333845816460524
0.06016664617732655
0.21006353436074016
0.19511496747852491
0.18476703133131514
0.040964336871155464
0.30915372927852164
0.19071057816705325
0.10412896617584884
0.2013590286115472
0.2388635586880732
0.08704742130293547
0.18857866501165674
0.08356747588394084
0.18597874556641672
0.025899849823938104
0.025355952360798517
0.07304789719896042
0.07868063193513569
0.12416110480504723
0.08586639321119585
0.1803039347878154
0.11065763737913796
0.025377235167891282
0.1479047025675546
0.038180137769427004
0.07638087878444133
0.1236021281287442
0.0796612147006855
0.22054090804951665
0.1012602877903352
0.11805378832171742
0.30405727931653376
0.18012080712392295
0.1405763817235341
0.24069848986787354
0.4299807548728711
0.05352280847865744
0.10285261073552412
0.4347428970985192
0.11373626651835553
0.07526059768932332
0.16837397339244106
0.3020900056212297
0.4285646302548695
0.2017754701326623
0.025375985013922773
0.049146043008137255
0.17242409433947642
0.25422417323698204
0.05497414560184522
0.04473558875274949
0.02537644069812424
0.02534079325312328
0.09745356404648613
0.1131256487500075
0.025687405339619912
0.09622838327375158
0.12393429157298473
0.02537581783370249
0.11419839857303744
0.07826671081965933
0.2460287293252641
0.2093404870092534
0.06625352922272171
0.07924615446077415
0.3075137986707268
0.25003872579494857
0.027471115642137472
0.1446770441030653
0.25207319701912617
0.026240787187155223
0.07621884212072699
0.17442391531065576
0.12776957294704852
0.025379906320279692
0.1529142931155673
0.1461936658573568
0.13278360361464098
0.3761603246889893
0.2187333016985183
0.3314772365895518
0.10871143649330604
0.12087015593677247
0.15680449884552847
0.3117276509357649
0.17070924742407914
0.16429433409376834
0.2252596821045218
0.19906687346868265
0.05988153416721735
0.08869342215415055
0.1775611254415833
0.025482495580994854
0.04971366766706108
0.1015089997457354
0.2253308386546425
0.09781113983639884
0.025376869375390042
0.2220523473699336
0.0925707174185459
0.21415031425594225
0.2094800772908376
0.10878367935365917
0.0774634590648378
0.08509856148570331
0.045887337756763236
0.14146264352330493
0.030053679142059107
0.031179556770896
0.08927815268941254
0.13536936554774592
0.07955331249439876
0.0495976502552116
0.12877069881888434
0.06278583170506001
0.05956707972254075
0.1249341251415159
0.07614807257363072
0.17564531700861746
0.07916551573120785
0.061950322907706065
0.025375945024055897
0.22860829577786335
0.1523027032270362
0.07843990253601381
0.029084329306071976
0.02791309548910315
0.051480014913210435
0.03807917423295444
0.05005530372961083
0.11349966142357518
0.16076836963539978
0.12581637582529373
0.15999593042597507
0.10147294988240133
0.12123452885780875
0.12366354630187412
0.04815773556884592
0.08241009152641944
0.12654466020902302
0.03990952520987826
0.2976905519085439
0.08666631921392708
0.1135029706065567
0.05105492651122577
0.05442866612262005
0.11339998960333908
0.08083440829681174
0.050713313117326866
0.10531421281719633
0.11335642115609836
0.02536840736925374
0.045013897486644236
0.02537643277323741
0.05725184707959704
0.02541003564701776
0.07141108389534324
0.1048543075357556
0.09096204192663224
0.18098640312360004
0.1984745009025352
0.057431846827244615
0.09204049780325843
0.33053599974670866
0.2497573484140921
0.14386583606471326
0.1817007547173068
0.3763388366808751
0.2867874171327115
0.4186209399062757
0.13256077616502746
0.1405488245226756
0.2461566156583163
0.23391810628609835
0.14820793058535212
0.148463546416972
0.17102843444466795
0.13748711996473986
0.18565395183216332
0.26448113966021497
0.3802630481322513
0.1473690145767436
0.14867759780747752
0.26875829107754085
0.2245592282716901
0.13827812679535656
0.33504300927771197
0.14766412002225904
0.06744698417828271
0.2069302527452139
0.10521117372672703
0.2645930715333133
0.1838845949785446
0.07419658907602361
0.15678612383340448
0.12200381807065838
0.15315295127403133
0.1513900412557274
0.058006570549558885
0.06949759516177294
0.3719148880535415
0.10917958130053626
0.2453523762305669
0.07981389266183612
0.14901657475497562
0.2022316055262086
0.1384410152629285
0.06523535165579697
0.2260820800475792
0.1491250167121413
0.058213231711124525
0.06597104194542235
0.21110418581075693
0.0663556980001179
0.02623182404128741
0.07797331129404199
0.2412554767389032
0.062412711079933576
0.3286019911762164
0.2557273216466037
0.3263915932934653
0.06471609635271687
0.2598401078844004
0.17950003834877326
0.2346492575073339
0.20392922765221846
0.3572540454472385
0.15498458050926
0.1262987136724488
0.1461318413312818
0.4305105832568471
0.3335578339370619
0.1364790651117204
0.21240950293444988
0.4356182723896543
0.21013042213596694
0.16463455975046984
0.3225172562822834
0.4046666310768028
0.09929191484908964
0.10957397942961376
0.15180472859776425
0.3344165178369263
0.15034289902725714
0.15039381018650375
0.21959051009864666
0.19883954519620087
0.1536900412981458
0.10924351571602102
0.11350814865490826
0.14114881176696745
0.051583753184803564
0.11769514496813252
0.14297836758938354
0.07708844581482463
0.025377537910190862
0.09574671400207267
0.11676552380559205
0.051161312740190416
0.05614026832918007
0.16191881296290692
0.13003649373795154
0.025217128221458177
0.13404378380809787
0.15179726418399309
0.0860045625425491
0.22293359072667007
0.19940814522681305
0.23620178426115185
0.2929428048578258
0.2268395290048608
0.3561182880909434
0.15006445740035246
0.40516696484429227
0.1448455995318993
0.09822946440823556
0.14601261900865134
0.3618966864374375
0.30229163292031
0.2433177921568713
0.14321205953399824
0.3517212398341467
0.14905503354498795
0.3401911773535714
0.3660588506412651
0.24001992484589865
0.12311850086099345
0.10744680536422607
0.4188755373537381
0.3665762861763437
0.20579499892999126
0.4031617964709344
0.4331390003919002
0.15255165226701625
0.2959731323408337
0.21167118986102432
0.28348094937346097
0.16321737765375927
0.2032164058402426
0.14349521596907772
0.20876876153161847
0.12285190338873435
0.08788217123221183
0.14099124103608351
0.14834791015022405
0.03894208989849175
0.0759289908352032
0.19242406278906
0.21871832986157155
0.1375169714587578
0.21803050565907076
0.2696342785282104
0.22573791950064434
0.20467826911933876
0.1325222153052929
0.3098586424178852
0.28173404600120544
0.2714675272942305
0.16038320242333104
0.3481940483839242
0.2473741419574499
0.17939700947886544
0.3956112606396208
0.3424008738527058
0.05585253828974217
0.4189265150808587
0.5270728236899934
0.22387717749800826
0.2674256452079221
0.3186687423541149
0.29060912611881584
0.2149239704323304
0.2326905393334693
0.4114509751610863
0.413095211840044
0.17534993712734626
0.2194281930692451
0.3553475428582851
0.4344658921640767
0.14008653716607286
0.14357668560710166
0.2705354005347637
0.2319860067773137
0.15471215210882558
0.3598090541037683
0.2219791572929904
0.3659704902179521
0.26180894865727755
0.3424922504583029
0.2965421860252796
0.16838924084217588
0.1718801571488945
0.21434114625675166
0.18580961927105796
0.14521676758458668
0.1663334244636367
0.29321177023154393
0.09429830711466544
0.10360855376840164
0.07169300539570046
0.15904837924982662
0.27556505751029403
0.19585351104399704
0.05525825099863455
0.1946415917572785
0.3236649050368701
0.24301764245952184
0.22218702399591295
0.09459292225890524
0.17904738130013362
0.17225196424019049
0.2506957005270246
0.025396965050075798
0.3056218201500485
0.3330893992295968
0.28683392772732225
0.1700028298301873
0.2409235298361521
0.09994406416908402
0.18440674555809075
0.1363958220348771
0.08505799659165415
0.2911774856709835
0.21632103928340612
0.2259839011846557
0.02539117682776889
0.15065245700826835
0.07057073283260208
0.046048317354530056
0.050151912260580966
0.10224050246872553
0.1106935384047876
0.207402930341607
0.1519208464748411
0.2282276657921906
0.05931371357723561
0.025379333338729927
0.29714251431246763
0.1573351516187282
0.11180916547794648
0.09407630206595027
0.09681999193549576
0.11791319322524575
0.1656235996005865
0.25390358200429125
0.026336952084604827
0.02539098425746306
0.194548864847108
0.03463206046252415
0.4064555829255713
0.1359020012234078
0.10173753489219672
0.13925875131437573
0.4216828403731889
0.07055100663552141
0.07993904929057159
0.2105872429264701
0.12513074815456188
0.14652948456723772
0.05262271979005705
0.19879763072447865
0.12585907239147967
0.0971358911213794
0.2073394410123311
0.025361438979339814
0.2053497388517112
0.02532724214315196
0.025380790163916905
0.07313925080972658
0.025376018459348774
0.02618148948864498
0.02534479395080765
0.20116547843327606
0.04997064645622165
0.12672892859215898
0.3708877962404112
0.17328605839713154
0.09400900051465584
0.3336600279802384
0.15800372301053506
0.08896840913155883
0.058401137654357976
0.1608576030691074
0.19184584556670115
0.10674316712359218
0.14821774951263886
0.20172582336199726
0.1548621575233477
0.1914105482173746
0.2924502660130594
0.11775040289779325
0.13359613234133327
0.18841878031705625
0.03662069421050295
0.1817442802169374
0.14193834890168086
0.13124273711999426
0.1249629293706513
0.17617167203371645
0.3254715842721852
0.07493148905248635
0.1251002415882986
0.07871692738553285
0.0646123484303463
0.025563058268313062
0.1851192457669439
0.025375746770869317
0.057382027988340585
0.025377233534025642
0.0763260731390376
0.06716476635847604
0.02537809193543634
0.025695430340431768
0.16872506116587382
0.06087482244858435
0.08558339598852115
0.1395241970848198
0.21573094793355715
0.04130092330480166
0.12190179318212645
0.10244656094725337
0.0906610261354063
0.03301969097627205
0.08716761010036203
0.12522827966611058
0.0884083317614748
0.1004519537334449
0.05268217749426778
0.19711850885206875
0.0952955052324824
0.0395439166556185
0.19683776944484227
0.35745342418322845
0.14194513668907954
0.12195664448532095
0.08740023712628474
0.3180406756378841
0.0845052528417706
0.044091280646566096
0.049208036948163114
0.05305704764035876
0.02537742639980847
0.07809426839326737
0.025339399929016692
0.025375885440903027
0.02539505500662147
7.228852735551469e-09
0.1632541438313217
0.1491951967119198
0.02868507154274742
0.16075794158976092
0.13493020048953047
0.10137780586025352
0.05032024283111647
0.21740258647157445
0.33356248914977416
0.1054253694054593
0.026832238162931656
0.10028408833885002
0.17864163574171166
0.14243162574140586
0.05919996793775185
0.3838258548007933
0.27969769822843216
0.08494882398775662
0.13878038281187546
0.17197452161346755
0.2803943062951171
0.14634985579614013
0.2354666532130979
0.11694746673597164
0.13290318342723118
0.11665978606277574
0.07891723083107434
0.153704016496501
0.19810213631772156
0.08453733391263117
0.14717171782632624
0.2730429466214651
0.18649691151961814
0.0289922049155644
0.2043935782726527
0.05174782893369916
0.02572731988213696
0.07086468033739797
0.02537594009582906
0.06388274168735765
0.07768934508676993
0.05199982491389255
0.1183480307165551
0.07118184641554587
0.19005936006799096
0.16662057550709114
0.20000634502215286
0.08764110346929149
0.06729862887092154
0.16948989805818598
0.09692584320687156
0.07154603153707932
0.02774430882252492
0.1948454102843152
0.2941279443727018
0.3100273378470077
0.3598091656297093
0.3117957845763433
0.19426183414297832
0.027379681475231937
0.05309051439661573
0.0739655729004297
0.05301056800160557
0.08593087015445057
0.07585713010860619
5.282241667259846e-09
0.16949194650616484
0.18874216120189302
0.0898930918966861
0.07979604112225401
0.08064005247434984
0.13640743266658534
0.07713443823246613
0.02804723024119381
0.1220039303863108
0.0727094890679395
0.032184084545858714
0.038502233664503366
0.06463374231618897
0.1394234587238104
0.05139337077907225
0.12036002265935294
0.08039915902683396
0.1945478893245454
0.0797941583556654
0.1967459467826216
0.23233898858367155
0.10647827172331563
0.05419480095500042
0.13449190157947855
0.21535184639879693
0.3138915565826993
0.19123953101693245
0.1907477410864116
0.05568100301827534
0.059082082128973534
0.056650242300078285
0.07334254605453774
0.04220798303891975
0.2996183203695265
0.1237156840659384
0.05554347721793106
0.0906480735184572
0.115935334657917
0.09250095831674243
0.0798254398129755
0.13603101632451794
0.028185115682507582
0.13083909170605906
0.06595460802084288
0.11606911280899762
0.21110559715422134
0.10872356575605403
0.07611878142469414
0.1609942386904064
0.058276802893884025
0.08944641887955286
0.05409594676469222
0.0281494430647861
0.05627544071768758
0.03458784737776741
0.0737378543641729
0.05322599170589962
0.07665731372125448
0.06709406838808794
0.10098989711118808
0.019984912875773645
0.16195288728131993
0.11192272583828906
0.3257771810462604
0.29528451190946176
0.1240121479363696
0.15593951149431826
0.168313051659519
0.06862031226663465
0.08297464091865185
0.02571554520379991
0.07670807317860419
0.05127854263919103
0.07621310581984707
0.05862970746963695
0.025687934528452114
0.028980543378237182
0.05831891716233253
0.04157553637777865
0.03796482396516991
0.02904701653427725
0.03051456278197555
0.055235199103357
0.11527331698004688
0.1142658525226269
0.10016255603908483
0.08209561413423896
0.12612419959108878
0.060278869202841937
0.11286323501566756
0.1749281176843904
0.02174962905095457
0.05819569495261598
0.025560783888050075
0.05881731851597189
0.025537187573455338
0.05144977669758775
0.1396489812902342
0.02558804632847619
0.1105306370277658
0.13981750506558382
1.6393290977117287e-13
0.02586314344891294
0.05832598089880256
0.029362791098350313
0.02543332272752865
0.11385530454210435
5.952652648993612e-11
0.05835500582686984
0.09304476933904393
0.2135742257066321
0.10114675387185104
0.046589614075963084
5.932220523720874e-16
0.11781165622504593
0.05740627016889194
0.0581994402363555
0.0282479675729603
0.16278057250291214
0.10441003675248314
0.0934292185942954
0.1304988650833459
0.04099062953419761
0.08185902197314761
0.07523488110609394
0.15515923985529972
0.029064921469067508
0.10877306119193457
0.05432576265444699
0.06755255651113178
0.02538621027853807
0.07429655127802165
0.029038207214581124
0.10733307697709646
0.05427823977747912
0.09955510908578333
0.06006335138710204
0.05813909628318716
0.0255470913296718
0.05749275454647534
6.041997553651938e-12
0.0264813815089363
0.030312986678609436
0.057400875796446996
0.05187286551679467
0.15588359679802533
0.06250722526727563
0.030412976810991005
0.02538672064418786
0.09688736962746836
0.027703085295759797
0.02517650896046368
0.02905499297062764
0.048134785545265735
0.05830519931932378
0.1138307001270398
0.0954035187728277
0.07485744371929179
0.13951910841467755
0.058131485166695473
0.05727959649779221
0.17653757932521072
0.13991369824923852
0.0538039407441912
0.10480182268366947
0.0346627227850061
0.07480182715972122
0.05920537523597686
0.0580316069663602
0.11575538529453633
0.05649545808305392
0.044621347009377685
0.026715462372567254
0.025587271896604872
0.06132089445857225
0.08227912981141593
0.0516135999705109
0.0406537801033582
0.058278680660742
0.058865821767538185
0.16948777408857016
0.07888479573110993
0.03175837119912861
0.02537614504926033
0.01936016384720882
0.05761364560646955
0.06388052349969987
0.024522512682259672
0.15183948404881786
0.028432116476839363
0.0692494978781089
0.10393477006744097
0.17063675940906345
0.03456886005313817
0.05814174753598226
0.04439151950945109
0.10442971854201732
0.07224033271899226
0.1142321265201405
0.05525666450876813
0.05823073901308552
0.22952099515332744
0.05277758042582127
0.2288343170597832
0.12117933271535515
0.1762586459650884
0.07513314025235453
0.11510879474455192
0.0783147850887065
0.030850167833611362
0.05239101502413125
0.08855710269293203
0.052601015564976136
0.2845424684789895
0.025619493468554556
0.25134855432325603
0.07703539069223549
0.27423641879098404
0.14420712795281415
0.2034660763956592
0.07550398817279567
0.16732447341821693
0.268774282929518
0.05091234166490292
0.2761010880356012
0.2475057390439415
0.14130140132510707
0.05301199438202142
0.07778943568338369
0.17890897374111558
0.1044059632307686
0.2375604378425257
0.09857972063374423
0.3111025713054407
0.589887431750181
0.3615536464252296
0.056666067388012865
0.1074420466303868
0.2426547440045285
0.21339369215259946
0.3019801985295612
0.22125255987442535
0.10755703982063763
0.10192756434105332
0.061154037245158936
0.17764875372229896
0.07589277177037458
0.1451766707692684
0.15926219219047075
0.4270511203838753
0.6305971502754821
0.2252276883109952
0.2796802982804383
0.06492286115921032
0.15744099044315166
0.2513322507337794
0.13249278763791525
0.14197541525553511
0.13514875332924906
0.18418677274794906
0.08789617785427845
0.2912817267798389
0.09332115561798268
0.17149472896534024
0.1048774965517908
0.11913521173774624
0.2412114660732596
0.32577964534038195
0.05830144034325225
0.05198193140370529
0.029879355075997514
0.05147867961957561
0.057587254007205366
0.026383412739896483
0.02571658602288624
0.06622856743952832
0.05105132503891588
0.08396808354959444
0.05839226291963823
0.029813632849064683
0.12706693156463153
0.0582050090412781
0.051485079511854825
0.05066879444730788
0.06304381904475613
0.11230833387950642
0.058225264059838674
0.09992878220521816
0.057921975807170574
0.024524578533480886
0.14720620960755426
0.029890891926716574
0.04975516051368937
0.1133991606118538
0.08447958426837705
0.025379598642800486
0.05076155731897922
0.03166204128442904
0.14717004303279108
0.02537595412805621
0.026001753363515224
0.02718288546415348
0.0995730587422866
0.025597329891220842
0.02541240140434853
0.11568897752181162
0.10020383380800728
0.10758627417661497
0.05818201643423319
1.0860640814959274e-15
0.12106273206339095
0.04588984545654327
0.05144286894442001
0.037194911520472364
0.038155974736380965
0.0257635472443684
0.07793378539508626
0.053010816858864745
0.05639264754628452
0.05068391882481161
0.035725966112097475
0.05236939121586631
0.11522912487071647
0.06780113824966177
0.03308487851369093
0.025377496936279588
0.038299915848667015
0.025492712764550767
0.2182246922748019
0.03354793635751685
0.025379811993391496
1.308184889368021e-13
0.04820070851109382
0.02548782334096064
0.050526842697727364
0.025377532212679514
0.02537594007006272
3.6274264200189134e-11
0.025391234989289645
0.060705348961804975
0.05387010046937773
0.025401463359666872
0.15680089159559982
0.05076074358318537
0.16569192287005438
0.02537594683154351
0.026845950095428298
0.06989718399189991
0.05806260365797549
0.025814828760488417
0.028611655122048024
0.051523629427146916
0.05824953530761296
0.05634076639727046
0.029772999134963143
0.050984706681210905
0.05822433555714415
0.14244148893212036
0.027733588789872
0.08844521373458879
0.05821405271737636
0.07816487398282605
0.05820392109257904
0.05665668172474104
0.05795379237404804
2.2435549690748423e-15
0.058447552821185
0.025419247482227045
0.05655243220656962
0.05443182532912688
0.05079781101530186
1.4098468100358153e-13
0.02915990619414487
0.040976471117989535
0.04160476917228369
0.0574040266819507
0.05466129463957525
0.03197403376513367
0.05413530793556187
0.05769997443586389
0.04355095932808893
0.05813833213422988
0.05821538061442009
0.039579366215429776
0.06778150961902152
0.05822359885109887
6.579326106502039e-13
0.05515185522928605
0.058639407194564425
0.060605905800861996
0.09658597947792133
0.11530300470021085
0.05821783224006434
6.387742753463178e-13
0.04328628282695992
3.4400435825173285e-12
9.329001954325602e-16
0.0584966309216336
0.046282817012748806
0.0545796403485966
0.059236535600203616
0.03764216348880162
0.12391805608409155
0.058261194707406226
0.08007738978635599
0.0935274605993954
0.0582628557926761
0.058254533716852866
3.104463949922253e-14
0.06593335128064208
0.0515879705746066
0.05063549272877868
0.04956147791605724
0.02580719900605984
0.05383362069993482
0.05334336825340201
0.0582381346878937
0.11882156736680813
1.1109290882150282e-13
0.02552994280191561
0.025375885727118026
0.09169413995880736
0.03878623925149429
0.012640040001039986
3.6274264200189134e-11
0.057910134429762214
0.11617216161618467
0.16063629223494408
0.05822202185037054
0.02535377995110169
0.06316566303733569
0.05103202400453647
0.05601534499353114
0.11642129418464775
0.050607800365328665
0.10737389829200016
0.11454597436772458
0.05890556497008528
0.0342461426510075
0.025458884758347587
0.02537619956886339
0.058632365013159674
3.6279461070497315e-12
0.04027686077908058
0.007756852071716609
0.03647074496962205
0.052336314005777325
0.16582599983463867
0.05835747665039522
0.0585469719832769
0.0590826110280378
0.03386396462012009
0.11955881790136245
0.09854065649600743
0.05821244566632273
0.06551011936685973
0.1334281866699967
0.048889716136489784
0.058274594187449125
0.058238167943293326
0.0559612021953076
0.06890644035096906
0.058610621271933415
0.025393655871453296
0.02545253551003246
0.025405835270790347
1.5498522429534695e-12
0.11027814393872687
1.0808280064058109e-15
0.05833609188695171
0.05093130737640335
0.0891228657544873
0.05176296790871601
0.05823093961557267
0.07071061658490567
0.04407306747950993
0.02538083884834659
0.1304454091250729
0.025419875482014208
0.07220003013263501
0.08019490926705891
0.03093670118140627
0.031499380005107866
0.08056840084178124
0.05062048646642054
0.025375939886482412
0.042882324108309326
0.07081967076455463
0.13805200749202395
0.08612024726327043
0.05125682567688813
1.527176484231786e-13
0.11393286882939295
0.08053876539515765
0.04363161225696503
0.039201111595701665
0.0570325174562524
4.0906744223223844e-11
0.05764935890185161
0.11653156189203645
0.025859669609798443
0.05442906290201768
0.16281261035556996
0.02558935881682132
0.21980103061602446
0.0499989581220339
0.10645816779809512
0.07602932473194686
0.026172308732211803
2.828425958292147e-13
4.681768786848165e-16
0.061239754577114676
0.025376450302995332
0.05456771095746149
0.057245533149301524
0.28990294752106205
0.0997175677450673
0.05827681875005936
0.21665435635608732
0.1152003397627396
0.208459006963938
0.1215522231868458
0.17116261254617626
0.21845470272810089
0.2016999417776041
0.17939696123678578
0.03045301571986142
0.1857866338478769
0.24097130520382806
0.22039837931172315
0.10749342739715106
0.02554804509763297
0.026700194890941702
0.17300584884497666
0.05556390468831345
0.20842493178673252
0.03322088688639421
0.08551553241496655
0.16662913874444715
0.09604295227693052
0.4518869409605132
0.2270377038546825
0.11891926358129527
0.2838521831187649
0.2057354163022508
0.058253156304313734
0.02537594009940376
0.2751286390806685
2.632828864903257e-12
0.12201733008533835
0.05827158138825971
0.027023986748194288
3.2940832231059896e-11
9.543586324414991e-13
0.032382656603172015
0.058282588089636066
0.12060938676399745
0.13625138335827033
0.05461240548187872
3.318645111376053e-11
0.04760173999750021
2.7841152665078227e-12
0.025375940199964798
0.025385290693926223
0.05820909133463471
0.02579587408902756
0.0579939388884464
0.058379063775844016
0.2895971830937327
0.2495023485779837
0.2341659201045551
0.1822587366275164
0.08620704231738252
0.026265668010682558
0.05817206515311407
0.029240841894938027
0.1395443613519223
0.03261245276296867
0.05820910285251558
2.348642932846261e-12
0.02537599072248001
0.02567391693746741
0.12948873846060774
0.05770576080029794
0.05720288265902066
0.036458618600636934
0.025377083204454032
0.11736855946681785
0.26204061722868105
0.025378461611933162
0.08939712222746425
0.2673033595794675
0.14861360642052818
0.3374563619678504
0.10526534434234557
0.058373806005192576
0.058700245675814985
0.02545809991136208
2.0998520159213597e-12
5.648965345787054e-13
0.05820339581067404
0.10181867274837132
0.12502281502368642
0.15576954564924628
0.17589609210425602
0.1158946668635656
5.525175769793554e-13
0.04497459154280058
2.911149049474378e-11
3.1301912926160356e-11
1.9206309871696482e-16
0.06395360398881997
6.337718626087976e-11
1.0062298081826508e-13
3.1947314908649286e-11
2.421189323541141e-16
0.07323494509658114
1.9678776557302106e-12
0.05578429480509735
0.21411553381220688
0.057993290344319486
0.19453090074977214
0.058493721596086824
0.2746239813218547
0.20932601383752408
0.16846900346197352
0.27206591926975043
0.12565444451328767
0.05811792362486256
0.10969791917844143
0.05920520179483541
0.046834036443135135
0.05128171682720942
0.10114627689821262
0.12158601735303805
0.05116279318949185
0.07101817194796367
0.1066022978428334
0.025377481433239844
0.12893514910058845
0.11242347883389603
0.1904357199790324
0.13218829391734133
0.24698497567139305
0.2341036203833407
0.11536222953646424
0.06068641138916036
0.06115606419741774
0.05820934817152545
0.025379726302422655
1.4389587377900337e-12
2.3071414802443786e-11
0.05545024466158948
0.06031473292834642
0.1172954458147252
0.07844330900825226
0.0585420672564447
3.0100121889042546e-11
0.058354094806059575
0.051292599530225184
9.37585877803908e-11
3.434081957454033e-16
0.1135360651074455
0.0318526835580257
0.4159115596270122
0.058439029769821925
0.13254591385727282
0.281714668857635
0.6944674523170459
0.19537666399275855
0.903062891214705
0.3624290322525568
0.17132314957251568
0.10030478230331608
0.05826467065160704
0.07606548274918495
0.07165209791429672
0.04350423259482066
0.05848693708024421
0.0584368884846685
0.05278562986184318
0.059257121796666326
0.02537797737687293
0.025376250331540454
0.16307766917971234
0.05695768648447665
0.05475466140013401
0.10763432029730856
0.057979100571513724
0.05841331211862458
0.19496122768797533
0.02535925551746115
0.2780043805653392
0.17697018807053072
0.07709027625221493
0.1558513064598333
0.211096421215326
0.05854179373101617
2.935050867982913e-13
0.10357609833039506
2.5055670983688218e-12
0.05830916632555416
3.0582594335082162e-12
0.05081382095234388
0.028803290802672424
0.05930151100575321
9.05245863330087e-13
0.028597022082349044
0.06259647452969386
0.02562598196667932
0.058142486648695285
0.02537984830196497
0.1112565932784236
0.2528872734486586
0.024575465658238226
0.0554803737167178
0.01015638877248455
0.0009419492877715484
0.0019746461466260386
0.0007101318179116449
0.02746510781599936
0.2947475614652249
0.01032772536837382
2.167784442581556
0.02200686524668073
0.4393744823949699
0.11318946958488575
0.05849630386161867
0.04664846988742506
0.3902767111999217
0.17483440202617662
0.12177077977873553
0.0019931062116603816
0.4357491320229017
0.017464170044039738
0.1556401533955318
0.42127148154597105
0.6645036745432339
0.6405014456992926
0.3949687433763363
0.1581849249219852
0.18902709423331024
0.02725151467772604
0.4360544587660888
0.9972791416012172
0.14946439446831938
0.030020656357706982
0.08186557429546626
0.14638126256504747
0.04800498033001407
0.09545275714245352
0.01919992529758472
1.3094599603606085e-05
0.07297786848745269
0.02547204852953088
0.0990915951043366
0.010569206629562459
0.04498731007213611
0.00994749425271739
0.010025518983980469
0.02538745660177896
0.01015050940223131
0.02502872966347356
0.027094406557121677
0.2870565857235265
0.08850881603927999
0.07409264798155968
0.07600494075740323
0.01823192441389649
0.05506715610421737
0.02635062248432603
0.010305987625803823
0.02537741213479165
0.025375973148483784
0.02538069386437953
0.054811537481363484
0.01764166884942782
0.08625163398520397
0.16414944279507285
0.02532806735488571
0.08453705540039225
0.12404495337116167
0.1042111583519464
0.1610648738203848
0.08002771556561689
0.12182522158189615
0.05697585694382861
0.06817682092462576
0.10220087479972267
0.10568352967178822
0.0969566282809272
0.10757550556449326
1.307220187204895e-05
0.035134930165386616
0.020693336686024542
4.429256200163978e-08
0.1677679283832938
0.049564895596490334
0.0277952757087132
0.020932999338390046
0.02558746600825855
0.16538290907167713
0.024658818652472003
0.08444397591997273
0.04132947418927463
0.06108902116009773
0.2962204012470672
0.17151531821762162
0.1737593887830173
0.3009957934811545
0.2777139952476926
0.09711739862412608
0.02950591665625413
0.1430675091413193
0.0464416252346712
0.10294439553958944
0.08619739298502213
0.037773888215035065
0.025311646793842024
0.057246818565175474
0.13325295053552874
0.010105811815420213
0.04886522626327885
0.011070544210099122
4.077237669695019e-08
0.1972094860279388
0.1933140140853153
0.10608887808324123
0.0974801555820719
0.14063002848810174
0.019915172762529628
0.03289225752517182
5.965712385994493e-06
1.2278270270762972e-05
0.1548991000206826
0.013363892318589329
0.023082023590369996
0.15259373536841095
0.1718340218172968
0.052381729022368116
2.5248700966618755e-06
0.025704690500064884
1.4301973925972583e-06
0.04864067080110957
0.025461308872744056
0.10761932186963863
0.4134586176904786
0.2896219947474911
0.14497913052689326
0.020823937968146796
0.13493996014896684
0.043875260227998036
0.09875470634025346
0.025532591806199368
0.0915819518251986
0.07137661076864388
0.058896268187869576
0.052329426715143214
0.01935796866117159
1.210771295291434e-05
0.02889955047570408
0.052753612296136385
0.025940035599071612
0.10474551547932832
0.030462360012931875
0.028846471840320662
0.02546051321982079
0.16277478642701618
0.012866600408951935
0.049903340854441064
0.029744323443193738
0.1574463106193219
0.17020459926852266
0.139768665154462
0.27124748968834433
0.17099690657154903
0.11839981336971178
0.1943929585208732
0.011974922195440534
0.1704275722934206
0.13132286674685836
4.077424504218928e-08
0.16645349667915266
0.07507766103794059
0.15028597005658628
0.25988630160042164
0.1661491796255036
0.07827873086889077
0.2006659801050432
0.1462565373934514
0.29037963687259005
0.10510959919027958
0.2300739560727016
0.14401924694315996
0.0844804738405502
0.05149875255320832
0.057326724299982514
0.2486070746906573
1.2484370520919501e-05
0.0188788114180796
0.025404877486425757
0.024093367331972804
0.08701017829001306
0.02142596138441891
0.06022710328882312
0.01002748080581022
0.06288540913560388
0.12858262918516405
0.03151108477144566
0.09104622231239566
0.06207729123390626
0.097651490774649
0.0528011758898933
0.10460745250369446
0.09334106407362357
0.052132220737574134
0.18440413781480275
0.07984440880773179
0.011320355420853094
0.06379150678544612
0.025377984700627118
0.10347029235852996
0.10771870717035616
0.07520331907311173
0.06294701936479967
0.010624693488608738
0.050563126118678615
0.14324498321288806
0.2424868357315593
0.05916303260041556
0.17293916938973986
0.1352512015394556
0.10203595899258093
0.1651218659319422
1.2054467693651582e-05
0.02217614085301457
0.06004999650386405
0.030578947981465182
0.09114267302498393
0.05942104140738085
0.025377939493500548
0.07772196028980329
0.17463746782992975
0.13914991434787458
0.08511940688845351
0.036089549306035716
0.2273017105521667
0.025980577489973327
0.1020228292784504
0.07236812535755162
5.965712385994493e-06
1.2259178770264265e-05
0.06867690919934819
0.061401073721353436
0.02462849471252764
0.04763870326644862
0.1983699029854838
0.02520398952438006
2.318695827692775e-06
0.025455621052047142
0.044270715210373804
0.12827322248629772
0.1783593311447016
0.08441439123878766
0.02169472422513169
0.08998272798860411
0.1896368824182755
0.015852489740715806
1.221722702035121e-05
0.02535327326292798
1.7669118370763605e-07
0.023877153632547776
0.06989449891083928
0.025542393591616797
0.025375898529659
0.07524028976748008
0.12689888800938282
0.17527242307596208
0.2453903152723468
0.2727959333819576
0.12282493276761325
0.11291441263957624
0.09987694921379513
0.058291045288444525
0.07681000243219757
0.1120174351418777
0.16815273283373788
0.10087831720483928
0.1169544831042075
0.09802196171126763
0.025376045881262632
0.07788081717375389
0.0948119985502313
0.09628655869504296
0.16845582834155332
0.13669070694801133
0.02944176231123732
0.17554431492353825
0.22485947934302966
0.08383812415118234
0.14465967736969187
0.08534219291225496
0.11911876669027585
0.1356778367827292
0.07944839605085433
0.1659044642494994
0.08701558966416982
0.05838554348866198
0.020525698307278482
0.024960507755546108
0.025376816352575583
0.09492977548102932
0.05146552036237821
0.04209849711606984
0.021974881311292056
0.16956363017661366
0.14719176678678622
0.09741856728262796
0.05220212662118134
0.2935918049533997
0.025464610537325485
0.06994354711432121
0.06213365964004944
0.0498474908656088
0.1729422964710244
0.2833372066371102
0.1637505943041262
0.07985479178521579
0.0816592392029231
0.1915706663315311
0.04726947106136657
0.3923414216242733
0.1691965991114355
0.16673137281316525
0.18076859112839924
0.02537794862631121
0.07539393099162939
0.02324692023305866
0.02535966772263906
0.09295230556943017
0.04820808195602853
0.015042016440890631
0.12076855313867314
0.1438658698467011
0.14217913992956396
0.025527370405731185
0.1411897627022222
0.07512169458534122
0.10747293080383916
0.0968285566083981
0.08611191091634003
1.2488780579493068e-05
0.025385407915166202
0.1598254823465059
0.0253477287732687
0.03969097469039685
0.13473275798875808
0.02439321792699203
0.17308461986043344
1.4148925160581027e-05
0.07552820120521671
0.31346576101033363
0.10194283671488644
0.31402936717373625
0.16024552831304836
0.02766343133043709
0.04447365476440278
0.08486303070250921
0.2430715524700008
0.1334090375571152
0.08498612070126063
0.11523728550726893
0.025980719623402742
0.13669701390024713
0.045687244878224786
0.16170954308915794
0.05885047885962511
0.15954941691662944
0.05512090722597105
0.10391054379192467
0.12638323048115738
0.0253829946642226
0.2164667221668629
0.16821850025877216
0.1023292908199163
0.10920131562475363
5.965712385994493e-06
1.2987407269390587e-05
0.02449607887217119
0.08672148228344241
0.06442702842589176
0.05140255261672498
0.044479770748821784
0.01077546114349414
0.10104143844805792
0.025381040007287973
0.019656310278895302
0.025396396369636216
0.0958646124304053
0.1020758973580459
0.06078958264511475
0.05635009041751566
0.025455999852534755
0.16107830633786285
0.049103406332697226
0.2992103305032168
0.025452416282993908
0.01731382565177814
0.08576200412192013
0.05437242189723253
0.1820418438195433
0.036817939597601705
0.025372582024285373
0.025377286880449008
0.0352109519101329
0.05280130511427252
0.2863770538128838
0.14387005033155306
0.17497876178982086
0.06173280049662532
0.13924137957060215
0.10733150893891448
0.1849129340027051
0.125963769998854
0.11706606031216485
0.05828884273060971
0.025715304622753676
0.0149623168725498
0.025375905642559076
0.1189738254210067
0.10140403886007084
0.11728647186578575
0.12897346816097569
0.06074845945322178
0.1550752091931342
1.7209904741817518e-08
0.14768333181310525
0.3493691041602013
3.699408091160247e-08
0.32079703849941466
0.025435957858939085
0.13191151243047367
0.02537773845277931
3.0409791967631954e-07
1.9882558387479912e-08
0.20602911791116452
0.3325568976972467
2.0546490725463524e-08
0.355275044662209
1.119648982034002e-06
0.3388746460332388
2.0256052232026004e-08
0.1512995281471346
0.21013144787851612
1.8221919365341298e-08
0.4294435006884338
0.025383688635829377
0.08715481677702676
1.0650339161331535e-06
2.10436416194743e-08
0.10802960009162084
0.35059794629630603
8.067042000085508e-08
0.40202119354614696
1.096219870172893e-06
0.19249028135599686
0.08204233898721068
0.05067248522364935
0.06685174449147095
0.2268148009287571
0.0920031033146188
0.02680086144576797
0.11488412107872364
0.06606093787353037
0.05811050864292318
0.02588074493283353
0.023380297436550526
0.027634027534447318
0.19184982355322086
0.13551094896594626
0.2742136865172985
0.1986497213002422
0.05430956042774099
0.1482099273199017
0.0665526089437179
0.0489191494506504
0.0788980274792924
0.0319781854216246
0.030464502913992886
0.07738790210099142
0.05080906315655221
0.025441609303898608
0.04481782568168407
0.06984308768918203
0.025366346717435283
0.0954033505219688
0.09937559603234694
0.025376953795641637
0.0980664455680717
0.09298453439556707
0.2058497687630981
0.07715128373145151
0.2864657468574831
0.02538975860784277
0.07182375758812233
0.05642263922284529
0.07769851482956218
0.11942030099481467
0.3698050337216664
0.14081982943606006
0.13642399507738262
0.14485379529396095
0.028237683125996588
0.025383366637940157
0.09482416287819684
0.06044653368791895
0.051470671935726256
0.07691314545691168
0.025797365517832484
0.1845417403621418
0.3008837768946664
0.08187764302539664
0.19806779666289875
0.13785655903938596
0.14357959561157066
0.07151580762042617
0.05108457363239827
0.06550567964805089
0.02622725168712187
0.05796131851504745
0.030604867232766394
0.07422814621887405
0.06451606268131581
0.3355640176658076
0.0773632883585039
0.10696802245000092
0.05044378938570899
0.058298965718405885
0.09379205937600238
0.21589429961920728
0.4084314852536592
0.2563627671146396
0.32727952987238684
0.3058624571671082
0.3043229692187279
0.1305640901953957
0.15928188332797755
0.3655144407231128
0.07493012200850882
0.2184735132440085
0.054093654687368056
0.1202714155081257
0.04858577182338175
0.04440619007393558
0.09039712506691136
0.07496702129799182
0.029637185955584733
0.04730747724897468
0.10929498050971694
0.12216012248942648
0.08177965294324321
0.13026005194777288
0.3351917443991817
0.4155543642091369
0.4994675874448711
0.35050007679778883
0.4244143168001757
0.14099157154278025
0.025376982150519596
0.21776413789766413
0.1289815358785286
0.2138978805305045
0.0594006131924058
0.08145025133475023
0.2011510739673555
0.08716744462976476
0.18933013169211066
0.05875408489494125
0.02538551729695293
0.10741391618027446
0.15115930185914894
0.07023051434090559
0.34138466975268794
0.06518817506218444
0.07985047870334035
0.05192006395176817
0.08594415247443266
0.14298925481099814
0.12030439394005182
0.09714431970969138
0.19727631878358387
0.05149481270350048
0.08356032004175255
0.08401407139601004
0.08023156525214879
0.2049655462630888
0.11479329539760705
0.07143470269571195
0.0925747110255556
0.03299490340399136
5.827096335229158e-10
0.10520482048219316
0.20364023015541852
0.06453068088968368
0.20213480573635026
0.02593957750937259
0.05821320744106059
0.02796419831370821
0.05786640227607205
0.11529057404854658
0.04681656399583938
0.15097654711118658
0.1395995535446742
0.14616327196765516
0.07095098504831572
0.09027296987566392
0.06460670088555512
0.047923513436041267
0.05798797316124741
0.024224810963384615
0.026678608023991995
0.025410721413796675
0.04643639222933814
0.12887341728143312
0.0510918769509526
0.02815939658567749
0.025438969730133508
0.04877501143606972
0.036116886475496435
0.02769291525840973
0.11535512757268285
0.28381685474574797
0.08378929833581908
0.1475622918872505
0.11282874192196095
0.02633068934288954
0.08617523811429012
0.15774310366627253
0.02541991080791304
0.10932957393200536
1.596293828432874e-08
0.0252675911544902
0.05848850811541539
0.21023530857622316
0.08392399209121973
0.08211607635510168
0.025378360816188508
0.0756524351054392
0.025512198212779853
0.10374784297071828
0.0524721965174044
0.06021312858294281
0.07405554415320334
0.10936017851599336
0.14257932283924613
0.02538241323730346
0.2970043540409337
0.17660118829129884
0.05846361055924521
0.17125174919542385
0.03818389985166449
0.06367505298899097
0.12115282701948417
0.027858274536009562
0.05433514433946696
0.058217579842775924
0.05822130667235405
0.025376077841978813
0.10632878370655016
0.07338969082712837
0.09920713361903316
1.3449532168944725e-07
0.07087948099134946
0.09260370434861316
0.0253760324429988
0.16007967050199848
0.07761947538199422
0.05819520029798043
0.06567320948063153
0.025405687022081392
0.04569626864416084
0.06796606535117464
0.02537793030395216
1.596293828432874e-08
0.025376491302034003
0.2933395638746132
0.13310317589395318
2.3950861840069317e-09
0.2773382804637142
0.2478634921064697
0.04807482840087327
0.02537739011432607
0.050998098152496674
0.032089117116028215
0.09434459997979644
0.05827385119766395
0.025833427468619972
0.025376646365016832
0.02564653266263057
0.1616844621934676
0.045424911883719145
0.16222741064603838
0.025411520341395537
0.02859466546216188
0.025371468430483504
0.025415610172570675
0.2074933450927517
0.23211870870774434
0.1786602074251246
0.2874488879866976
0.11950261085565506
0.051478035924152614
0.07581145107526276
0.09500168382638413
0.034816534859958004
0.09821452401762996
0.07681529185368717
0.2207245753639732
0.025381032298031004
0.014665283133667847
0.12318152197662376
0.05816566113253301
0.09242456972237004
0.09510265281449612
0.10831305240162782
0.028753825441099126
0.03483037225186695
0.06343381395559143
0.3094173382518111
0.15339593454545294
0.03395897173887948
0.012109529498023096
0.12538163088276152
0.03837349868253611
0.025584617887784468
0.24080907122316386
0.06830060285801264
0.0514127967027911
0.03828376989805804
0.02541693903746066
0.06224201181266105
0.0501191230131314
0.15393744873335735
0.2067531874049995
0.09877351821869657
0.027207024240978598
0.07658469363119541
0.0263033277557378
0.025445857681599668
0.025397840287377058
0.0523242259975653
0.20349047468342185
0.13250409155483828
0.2649961004111076
0.19780681437768652
0.2062430223124598
0.2574155999176919
0.032523602772310214
0.025444697186759457
0.025438004761178374
0.058275800395407584
0.058987360560984185
0.02537176294908491
0.07542996622647012
0.049762103654467316
0.3175077254756481
0.08322427643018503
0.21814501686406226
0.2889574544955281
0.21243456953095666
0.2024082520979584
0.10934122092815493
0.3075264375497904
0.08929551538795674
0.15521630743676862
0.16643734380995534
0.3174703268414261
0.11850207738149678
0.055667589444274815
0.20891774724059506
0.058460331344108676
0.026685781850688067
0.058363783527472964
0.035676132457369614
3.112882348998147e-08
0.034389535732542775
0.05592164261858893
0.041927266994371985
0.05845648738636945
0.06854709904897358
0.05637814425381413
7.969060229753994e-07
0.025298232685665216
0.02538488824989233
0.025426038420958842
0.027014952527783204
1.564627594002018e-09
0.05821836452016819
0.025364410728416328
0.051036415334884885
3.4416184704198093e-08
0.025348806654796198
0.026069069642352626
0.09855164561337043
0.025421425241533853
0.055604201663745724
0.04818247027205125
0.0527106138494776
0.11211255860160747
0.11896378224895154
0.11813419093082066
0.10901771344953318
0.3481429830500436
0.1486666134233513
0.07771056736006769
0.02537623188150653
0.13619039413115994
0.027147992131861025
6.470511109972253e-11
0.10338071858735864
0.058217542012750235
0.02601042427527516
0.05727530443914713
2.477920980446173e-07
0.05183567553953066
0.025617545274620682
0.1402645494282425
2.477920980446173e-07
0.02537617995735877
6.609848050501407e-11
0.0582585537521205
0.02537850463300741
0.03116447059452777
9.819870215544209e-07
0.07559011076956816
0.058515819598037325
0.025376353403378498
3.2505929333800286e-08
0.03168593609177835
0.10972615189662782
0.02542241488392533
0.025432846131355182
3.201635756944797e-08
0.05836163457945761
0.034842015930890965
0.027069873591199025
0.06109242910438041
0.07503131649260952
0.026031313923222228
0.025609883250468642
0.02593628391255896
0.18274900367666005
0.07949760606178148
0.09605692691469912
0.1614515985327359
0.04178189472138523
0.1444575378858285
0.08941460651263916
0.0686078088073137
0.052337959832586434
0.025478759023388326
0.06098569592801745
0.06680299056654791
0.07618553719452201
0.04992885076686536
0.058418267660851314
0.10059963694864392
0.10203356112177152
0.13302726384565133
0.16334490515177774
0.10518365353128156
6.585872907351521e-11
0.100345220591473
0.025704214489823463
0.11604726685981437
0.0253885076089481
1.6924400483160902e-09
0.05384027148073775
0.026724713800276332
0.1330699375890828
2.477920980446173e-07
0.05827241252346131
0.058247170223238234
0.05669381448166086
0.02537883206846744
0.061393290700209074
0.044789175427423125
0.0254451235211854
0.06546550091090682
0.026964610920167692
0.02537785533741685
0.11003468737907518
0.10871008582414954
0.026024085081042057
0.04342334335689962
3.603023693586748e-08
0.03704039794801733
0.08166718083874291
0.051728906794434766
0.029920729248438176
0.05472038644407345
0.02537615501257238
0.029334061016974024
0.15955515371710885
0.12231929549236538
0.05829537481639468
0.12218093031495868
0.05763478067532485
0.08886817897481232
0.043406343356334656
0.08037398339762859
2.477920980446173e-07
0.026384628322969013
0.05825853195825565
0.11200884227849617
0.21891573877981504
0.20557520994669745
0.21535421920781
0.163005749508069
0.28935141950329946
0.2259408125554766
0.2537482288710177
0.5124588511351424
0.3285791932221955
0.9661110177895016
0.30637220400425763
0.22454830947232549
0.17887166944146854
0.22346138293796244
0.02693140114405035
0.025805414339496343
0.05891575261295191
0.06474304407085478
0.09728912689270562
0.14706246672519838
9.493893529220636e-07
0.1015033625531458
3.504402436967265e-08
0.03865405896565005
0.0255676186000752
0.07097734610227785
0.025376079081537932
0.06050080338590583
2.477920980446173e-07
0.11895500105997135
0.12870172091577706
0.1157649006750954
0.23697296350298744
0.3084884935111644
0.3014683243078812
0.3994772664734498
0.130929964289862
0.05845333668686131
0.17748527365628114
0.05784754082738003
6.329681169054598e-11
0.10598378214741548
0.0530169635578236
0.022680503825717426
0.04945169728422736
2.148529404463756e-08
3.5582923651143225e-08
0.05820196231133585
0.06186136096651415
2.477920980446173e-07
0.025651273779131345
0.05823101013407201
0.06372889661145352
0.07826257637471253
0.025439384467134573
0.1083837821681643
0.03497496519112272
0.054904634102500134
0.05493622156481984
0.06284582095706859
0.05755616858112821
0.10730838797549773
0.05819044202415264
0.0254694160206727
0.025377211263456947
2.928408438272817e-08
0.05280873432302485
0.02631093554840007
0.032937941663950136
0.06143329312300826
0.05867748644900765
2.477920980446173e-07
0.02542662593437482
0.035129013679685336
0.10578259415617226
0.4827122905366464
0.27524794630971844
0.2099431104593556
0.14021104394499634
0.4046501696882453
0.029386449309586362
0.08595831624742509
0.0264187316789525
0.07231002042701667
2.477920980446173e-07
0.05827543752705914
0.05583152798367436
0.06044000844183772
2.477920980446173e-07
0.03630181490352703
0.02542802337092516
0.04766965225673347
9.961390963782314e-07
0.05788406197946365
0.04387749209237647
1.9515230433533694e-08
3.585209225614702e-08
0.04574476653091177
0.15924337361984384
0.05859182725170914
0.058586915021560076
0.033850352759176534
0.05901978893518699
0.03456665252089225
0.027924357894245043
0.0277497628109796
0.035094979692779416
0.028623183213574162
0.02537688688256889
0.02537923652395398
0.0663593115722974
0.02538202378374935
0.12088547873059527
0.05828670568643937
0.12111044120451407
2.477920980446173e-07
0.02538112553678052
0.2980145854822507
0.07850497654065043
0.10018371852150697
0.05834610096884552
0.04791594612987817
0.0735454495566415
0.06781613757370426
0.08657765788093748
0.538877592359778
0.2841636912357771
0.03592335008019331
0.07443329294544798
0.09484957758420616
0.1332080049961463
0.381899617492133
0.07429293731726565
0.050718180925777435
0.154008746663734
0.05386182871461919
0.1386011859359698
0.16446249453405612
0.3352350853770973
0.05964745565299126
0.13536918626301586
0.36416218435721387
0.09034292584601863
0.2647354652121081
0.06652261351043147
0.1810061401983035
0.15160878247360673
0.2052178483480145
0.2855580735162598
0.060250376510327476
0.07264294450680661
0.07592757133269007
0.032723436385691716
0.2122997899510471
0.07539729498488555
0.4063315460807002
0.09138209724868117
0.049981735389341066
0.04645644523468125
0.06712277710633972
0.2189879918872562
0.4015417204234403
0.15326937304706584
0.15472758670696846
0.05313797789252865
0.14789850953847508
0.1847119084160114
0.09497177314063301
0.11867208467997704
0.1343944557032427
0.1893746774950428
0.40738434599518825
0.059749062290989134
0.14657139413140113
0.23046207210796674
0.5353354051246304
0.06397890308803983
0.20884804846573546
0.05346417960006484
0.05873304196002716
0.1314611935447472
0.3770152941613196
0.11466016820447715
0.14392201128362206
0.2600933803493109
0.11262181256999115
0.17334560946138056
0.14980102291226674
0.4942868978580857
0.1414315352707787
0.1622638871199686
0.08243785478879102
0.04109338727221322
0.06510407200213979
0.3498964791222897
0.4078886188361475
0.022776602066180703
0.04654958315697693
0.02820430626196868
0.08894520851774593
0.4114968747143587
0.2729365725460582
0.05477340716314765
0.05717506569668356
0.034840091529963174
0.05624490467683296
0.025376118372327373
0.1154576255097987
0.02538585071970353
0.03594532035151388
0.12766613864013754
0.07817234926792536
0.049535352320488064
0.05742265410988584
0.0582621472945153
0.04915216823988583
0.025383315155410015
0.05081154018530963
0.04313059203271805
0.05034515127120103
0.03932524273114391
0.02537932053936135
0.0260817694478739
0.025386420501408245
0.04313409207581365
7.518625683337759e-12
0.025379693204629947
0.03136699354689845
0.10586250926710122
0.025364506842236883
0.058220013030069614
0.05841320040698528
0.10627010347441457
0.05032946874339781
0.1005450621849196
0.1542266638120462
0.20370924913612712
0.07766814738720138
0.1250253908835649
0.1248426557669272
0.028962597394732326
0.12904194786945694
0.0561532481944117
0.02539888305317581
0.03775950071532416
0.059747707674777835
0.25520895881552585
0.05849109683352983
0.06287968074852877
0.057319075149657985
0.07648532138663956
0.10222808486756883
0.12096007444320095
0.05820716565751868
0.07773130327070259
0.05323624923168213
0.025718358292763564
0.05968976041783525
0.02544895939895073
0.03415047292042191
0.052751727041146064
0.05086567349290031
0.02537624494081665
0.06912045902031519
0.11749369370357893
0.0261955943997271
0.110423411048966
0.0474702342832494
0.025607730361175574
0.02690843844467862
0.05204872171814756
0.025553636643781092
0.05097094710497933
0.02351587911978183
0.02779009693194036
0.02539623318432716
0.07808920664952672
0.06445767863681832
0.12900656437906705
0.028488557031396813
0.090807494875302
0.09888678927313783
0.1141745372747145
0.07846248928195865
0.058285205098978776
0.025921294689295143
0.08068854744788095
0.05832333569413226
0.02628160968027081
0.10687287555830384
0.025405525675808224
0.02537594627557901
0.05615005736824046
0.026570926745924508
0.029645187752024887
0.049148804281360536
0.0996783213849077
0.0255397321367129
0.02548233453282904
0.07546074879348515
0.08233405305705271
0.02537871553030169
0.1897166473270103
0.12121326151855025
0.027622878967582656
0.062303285114807865
0.10068749640742138
0.05619502010208162
0.057152709676648115
0.031183526874508493
0.05429698491504762
0.11505375048841004
0.11775456996738187
0.09288120124342587
0.16556412427639447
0.049360689540192224
0.026065621441335948
0.11125464103426737
0.057702282585711986
0.05064701168827408
0.025379541603623827
0.02537912415297761
0.038057391652371785
0.05009494968344196
0.048569726204516564
0.07544811848707968
0.025398466304144832
0.09935142866256257
0.12607538369913188
0.0492051494366901
0.02642902703944616
0.13033747678766416
0.5250658130637316
0.05041218224200777
0.03822937812013075
0.11895977937442545
0.07629605439655668
0.0531340559146973
0.02543182256700011
0.026449167151191312
0.11902321790403045
0.07423174155374025
0.05794044660279238
0.07710076193750265
0.03570091752794002
0.09646172891576707
0.028235838779101213
0.05817954224211819
0.025708054495572175
0.05130353337961206
0.03085277599241132
0.02540680274671113
0.09756406681133373
0.12545066622053294
0.025362407407180702
0.051916677906499176
0.051181384013802136
0.08521264364082896
0.04386869757621513
0.051562329571322285
0.026662468140690548
0.025448047972143242
0.057849538288592836
0.05101134340332923
0.04863935751237263
0.059659987201301126
0.04753589457729584
0.05686072821383222
0.10945151314225897
0.03244494543145923
0.025375945079740142
0.05686134118863584
0.058048392086773135
0.05111922125771892
0.04531315324108738
0.09323243428738394
8.93316966329246e-10
0.05821884296958961
0.05789038570512345
0.05228219542626271
0.026461308272824623
0.058085805672035536
0.033966240671674836
0.10017782488648284
0.0952981187799486
0.08023139304488608
0.02539324310693693
0.027105829170271028
0.02552371975609893
0.025375875362466944
0.03990349745020308
0.056824342326139324
0.026097830608570332
0.05835931067516127
0.02549959709818841
0.10784072111354903
0.028005923659400456
0.026961829016069312
0.02537531627282709
0.0615657264924049
0.025399811709171792
0.06569720626268942
0.1174274900983288
0.06960494569605072
0.21422865394353585
0.2800073954502114
0.30947899534129725
0.3646753714991879
0.33883743260225
0.3542677138094309
0.0268636923507294
0.05771446773845471
0.11433792835291195
0.2070561806650537
0.033039085950721615
0.025376964617573924
9.545218724035437e-10
0.051926742747126664
0.025741734103227085
0.0889427289441881
0.02701402894685069
0.031906787808399936
0.08011982562579455
0.03797042107422095
0.058235650082397686
0.025416322577491414
0.025419489864486253
0.05818022376208501
0.050483099197246036
0.057865013429392674
0.11036773450310576
0.05824148093284221
0.057200006258282185
0.05830547465747974
0.025418956911141908
0.05036017640828157
0.05051769358669457
0.028933942691183094
0.025475069824166655
0.04687088280450728
0.025375848878303773
0.08550010938884098
0.06954583101289874
0.05099245010584985
0.1039539817481928
0.0924693439014095
0.08089396027819734
0.05845009554105341
0.05000713974927132
0.0581540883138843
0.08568970521041967
0.11835683191101097
0.07693919517815283
0.10504024495198763
0.058548927178395785
0.008446098695862311
1.5248004601507835e-11
0.13393540975615825
0.10998132130759294
0.2941511301217684
0.2453509747289677
0.09867002849831748
0.025392956260868696
0.027670735647381657
0.05822350318691295
0.12622639420739398
0.1555236554901972
0.20621664615654434
0.1309337479117522
0.13864088828680451
0.12166449004511112
0.152385057631462
0.17737126570149642
0.11161364122345403
0.10013495414187168
0.21489359421060694
0.17790682209448608
0.2586777487773853
0.15819015025513744
0.10242726908285248
0.13228567664094248
0.28508352056034325
0.13304308452136465
0.12743951740886286
0.11870129342481868
0.22421326479675407
0.1726088340140716
0.21476737110992025
0.1162246021288308
0.11354392633902062
0.16548239674464602
0.12150847711060025
0.02635919473962573
0.10163475673354616
0.2972474570793669
0.050669575580912986
0.12949365483083555
0.10241902256841574
0.17902218881197698
0.17178638246963454
0.1861664680290664
0.1933611198612196
0.1347456289734007
0.17352490068885126
0.1349041446275073
0.16115516145443656
0.14541706499485366
0.17203046865254254
0.14266950324317346
0.29346485181998344
0.26809267934535097
0.12192269278233893
0.12917233491633887
0.1355161410224672
0.15908069390132373
0.15529019714401246
0.37558203413762653
0.13547325678862765
0.15271311222842954
0.1966514635322577
0.3472553372730335
0.1333613280073691
0.11674642255584565
0.1273735433508132
0.18496507776243354
0.1591951245873436
0.1422380448524534
0.0635669706056968
0.13836756050360213
0.028666931412642562
0.07470714284730531
0.17317747983476053
0.11971446221882295
0.0675757917797323
0.05840588993497611
0.06868486620115581
0.09760020704777464
0.055391183607301726
0.051756192234057065
0.1169569786452294
0.025474870192072688
0.1149017410833927
0.19810854872292735
0.18322753261582825
0.04162147998299754
0.11877159932271185
0.07649557744391207
0.06387209091000237
0.15537385497399292
0.02346093322737013
1.6679447248127848e-11
0.10479880531177248
0.05602154255219682
0.10417857429373596
0.1166367413458314
0.20753987911891336
0.058772913744052926
0.059852653901423226
0.03501631744634888
0.02537822896373748
0.04949845134116064
0.025379801280674838
0.054771675634667887
0.4599960296181522
0.11894130839922668
0.15579308822834986
0.1926111095389544
0.1085438673497931
0.2470510119509561
0.18598827305276389
0.2463710355405717
0.20252511174696985
0.13191850995439033
0.220697094569744
0.2696613425545198
0.23984451208049
0.1426659528514812
0.04923036300478406
0.3061646279153644
0.19291594055726555
0.12355816839285375
0.09671237465976057
0.16649142829929567
0.2793266156281943
0.07592200062421363
0.2546619844090208
0.11078880634131824
0.05843133977556661
0.10941894220608096
0.1163440298532428
0.124069128301164
0.2701154552433994
0.10634689848185497
0.209319263446019
0.1981156473035756
0.10123014926250316
0.07339269515920473
0.09703656386794757
0.0134733689414297
0.049039925139820036
0.11625746813656734
0.06556526620647317
0.11467733237165408
0.0608897113029104
0.11891771399853884
1.4488682316832626e-11
0.00785938697753192
0.040836312485957635
0.05788919389274521
0.2138588668562032
0.05778379117153686
0.05875101963928441
0.1162157748045838
0.10403564447532372
0.12054756881243428
0.2706728501244576
0.12322252479183222
0.07403073628096699
0.11701461771438433
0.17633971809264307
0.053914621864938735
0.08851128430663469
0.2209331745141459
0.12040653490282445
0.09668434056334574
0.1260757909538019
0.2062477927964749
0.13808740802628952
0.055295459370618014
0.13131500577747954
0.09196293844037463
0.15843153511168026
0.050911853079334025
0.23545603042447544
0.04932170002344153
0.11977364639380485
0.04736805206501858
0.07680560988560778
0.05424197861500886
0.04554602164873546
0.10139708948777901
0.037770184510692036
0.09212934168967234
0.02668287006271477
0.09369756701342506
0.1873434726266681
0.062081234462180876
0.1021672844995752
0.1967641560106184
0.14568304537371732
0.07525044963161713
0.12452452699499925
0.2885366426379531
0.18481689133528093
0.12839375211206888
0.25137175409968043
0.07783389563991208
0.05839783613899085
0.2311331640502212
0.16857664000886455
0.12318607730967655
0.1139272063469736
0.07488815826163231
0.096991735708386
0.2768069589667281
0.11453191972782575
0.0693616997331038
0.16817618657915606
0.25444949188453825
0.07728291950710915
0.05065151612018101
0.2768796591240722
0.02683601365353224
0.1925772313524944
0.04799873950905137
0.07272333650129355
0.0785564784898742
0.025383883823130757
0.025684094929844886
0.07083766950205997
0.04791183944352696
0.07674304939306346
0.05983447524523713
0.06885242849143253
0.04280510135817245
0.1041230704844725
0.12927925561685166
0.1322084051162674
0.10514439881791687
0.1360207856583611
0.200475136501078
0.14084410716285814
0.04231687225754225
0.1960406009927501
0.1961563055280334
0.08215882206124955
0.15906615754270792
0.16047903791848578
0.11760343139333634
0.07730703523486293
0.050610779444110084
0.1636144126792702
0.05069792044505459
0.14081884655002755
0.09957053756177277
0.025346041911329983
0.053148788235061625
0.040352472491372776
0.11183309651335234
0.27305933667442944
0.07483811044467216
0.1810044096700159
0.15275409376526494
0.18779377079651616
0.08142531519862962
0.15767070243185172
0.3676073551163535
0.21910330842527792
0.05153064790697233
0.18138199668885904
0.20256758612870066
0.1755345963883606
0.08638092484526373
0.07657880505408071
0.3270416999703011
0.3053687766328255
0.2239146002981018
0.3543970050327052
0.432548762037164
0.10290440312292827
0.10307478496441162
0.1683342337699929
0.1236344795318531
0.0774741681513823
0.10180956471312742
0.13541214346007358
0.10397673506183414
0.12330972152606025
0.1751279107758597
0.1602498472492994
0.03780164829448414
0.052214158263945265
0.20632523802176975
0.2441588956650163
0.03672800115765013
0.0254960374135477
0.20772803199123646
0.025390846808634304
0.0879919552961965
0.09907029455114733
0.19001847512401
0.14370776590255047
0.09059003207130896
0.08308853881006598
0.2823008319447713
0.10983210104428434
0.11784428030241922
0.050897536036999314
0.3271577947716606
0.08427872970865685
0.07627429969052632
0.34262642133703003
0.3251232105345252
0.2723567592232173
0.17360856694741889
0.3107954921191952
0.21728586437177275
0.04485671584603397
0.07700030092864671
0.0728823831409149
0.02536498595073046
0.02539824326401229
0.06730878213462686
0.18366698874350493
0.0532765533290716
0.07855129658938745
0.07374176445161064
0.05102727851417544
0.08183214345036688
0.1284490934713894
0.04569859957244055
0.02537665478396148
0.08220192776244757
0.11366648095625335
0.06866009939024349
0.16862672192173514
0.0914812265757112
0.28703106698685593
0.2665368910551364
0.09955853190303184
0.12099871347985712
0.271829218656233
0.17699305258395415
0.03355778600681671
0.2523050103941609
0.1294490524606194
0.08944943379857218
0.025407067352597543
0.2784718548902609
0.1633289353188572
0.07792976714432345
0.10515581669120802
0.12211851775161214
0.05502542569874205
0.05733450294946985
0.24046643182667946
0.22369964643664025
0.2574268700834004
0.17504306190700078
0.26080467909001176
0.2211235170723405
0.08540288129933245
0.16407864995405053
0.09794617219468736
0.1380620268676049
0.09363249069092686
0.04590164225549439
0.091229106792657
0.07954887983628571
0.04087292613993169
0.16531715737656508
0.21093983604271788
0.4370864543455608
0.2523738792539463
0.26607080727665616
0.2573775334797023
0.05609308778937348
0.2500554186024128
0.11735838295034988
0.146681011039329
0.0987574109257611
0.11945598838072992
0.08208238332742179
0.05396631514424269
0.09801869949100013
0.08836169555998874
0.1179634280019818
0.2467594884595141
0.08806627729066556
0.2330204081197585
0.20686154431009104
0.2271369051080842
0.4086300299979895
0.24210442709947125
0.09819991672242093
0.15803978307923555
0.2690318924831433
0.1346833910068633
0.2630685982943923
0.0963743205020954
0.2626167406313141
0.1880877487415858
0.14691230078556444
0.02562271784288658
0.2572807562633373
0.06257243983776438
0.0411130232528917
0.07651004762150795
0.02528904327427746
0.15024847232581995
0.10709278410489703
0.2759212547345362
0.09710527481825956
0.07818210341244017
0.2948483286277886
0.16641489856953293
0.10095757015910643
0.1785329234106324
0.23388702095016495
0.1248088610198086
0.10260383155829214
0.15966502580994102
0.16858576028047628
0.059264024606457126
0.06889227772095323
0.11561420852895515
0.09346117161093652
0.05806102087724031
0.11791225923181785
0.14565086346501804
0.12505439875782276
0.18116405322769275
0.12510031282489545
0.110472056138309
0.05291825950996661
0.3916801402044588
0.1646226854738317
0.054967669282840935
0.06473016831420894
0.2305208577513699
0.1751843977542072
0.2166914242878772
0.1291560363811924
0.14509734951816855
0.2610890698531901
0.03206023493008547
0.15621245709133927
0.08694710688198454
0.1392050003777677
0.07982576563695089
0.04796379276835376
0.10722890438925337
0.14292887035838964
0.0488965314059895
0.2776918137489829
0.7713388514140285
0.4754117997412868
0.03159575318478758
0.32810801883783763
0.2585866963886376
0.06473016831420894
0.24112969014381205
0.3755644562009449
0.6785621582075929
0.09100274738934054
0.032155027093561675
0.5322442098067659
0.10549085479511122
0.42584939923675386
0.3064463828445433
0.7713540077764449
0.3132881824710509
0.4505438217293829
0.04731034700046099
0.1539770413713702
0.21678691616123003
0.03878919434045525
0.0819106078443044
0.15390188860963666
0.04482365904154036
0.03894240810452557
0.4784127258506759
0.05882379317199905
0.09344981603495098
0.3222369534014325
0.3109319159786885
0.033086667591083134
0.04802936620601424
0.09019110198367312
0.1266696008530245
0.08096564357154444
0.17721870805650478
0.19779882309700947
0.2363913388955197
0.18091328912462495
0.10822942067267616
0.10154054523207608
0.1504786734281303
0.11206613334570957
0.0678103337833591
0.07702962677185445
0.3091624147953381
0.1041983690857054
0.8991635767649633
0.03022930366673592
0.1601187204252834
0.28810151746806245
0.06533435922953139
0.10811586939134307
0.1392050003777677
0.9012507809688952
0.5230794512606709
0.7150288957559927
0.10804048945370692
0.15654107035209924
0.16709844397276316
0.16872465024051256
0.4881453572792669
0.4881453572792668
0.4881453572792672
0.4881453572792685
0.4881453572792684
0.4881453572792655
0.4881453572792647
0.4881453572792634
0.4881453572792681
0.4881453572792672
0.4881453572792666
0.4881453572792684
0.4881453572792684
0.4881453572792668
0.4881453572792647
0.4881453572792688
0.4881453572792684
0.4881453572792672
0.4881453572792671
0.4881453572792668
0.4881453572792666
0.4881453572792684
0.4881453572792684
0.4881453572792655
0.57374330743503
0.2495944530234128
2.6908503201995284
0.6458448812193984
0.3807278989702425
0.353370247625523
1.06405142374201
1.320498740111223
0.4038564733913365
0.4023663051434137
0.44624064815318215
0.10464018648744274
0.33974488028595856
0.397884496309872
0.1828009767443745
0.35551168269442224
0.1296836602459671
0.0457468881830914
0.05709753687182146
0.10682246283869946
0.10059776585546457
0.05242316987660105
0.025376765250512263
0.025392866641430832
0.025741021040272326
0.026729840732115373
0.050980864741842935
0.02560000292179141
0.08020101510388009
0.13601112382052954
0.02539875750358381
0.1556430884739886
0.050800427372433336
0.06596766123546778
0.027870250357325918
0.025375989797178748
0.05820546732229486
0.050945412000649885
0.025403429428408987
0.11029235394263308
0.02639337613517077
0.17922096858233094
0.20228826916772302
0.056128533011379135
0.025375960836052903
0.08041721932059391
0.0453190903435774
0.1803913032895224
0.07363352288550855
0.025376013193811584
0.13508716217330327
0.10614279660368467
0.16000877099968264
0.12364804217520875
0.05605834949983796
0.11785651653268955
0.031702239632647136
0.025766987036199337
0.19805450761598087
0.07614887502828241
0.026961150823061837
0.059171047000216685
0.08018405070509592
0.07758560293590319
0.1128468293769746
0.04575460838751732
0.0923154897986266
0.057852625591037724
0.11073801342632296
0.052863108122744265
0.09589835197675507
0.1336153701613491
0.025406797627509886
0.05190738470443354
0.04724255913265645
0.11487585025874085
0.057866097697335785
0.0580532009732952
0.08699499428338928
0.028016404085282814
0.07282916908961681
0.029845561771975983
0.1003122000380359
0.11561823520027165
0.05441633841685453
0.1125669898439169
0.0664116501183328
0.09750536160470367
0.07585257827056058
0.050889106306716406
0.025812093401092258
0.025455676425914942
0.0610036586372729
0.05826325445369952
0.17142022291308845
0.1272146966209504
0.030615232641172406
0.025704706506680983
0.05425345630822099
0.02537594609550482
0.13392554434859652
0.11220587789661908
0.025484113807736408
0.07678619224756605
0.18702239238100124
0.05101382629615345
0.11276146586445852
0.22525656113761866
0.1559150135957071
0.10471106969830032
0.04387402600770034
0.19835713363276267
0.025840286822319983
0.07556263225058799
0.10411958858069084
0.12143406988858647
0.18856454281468898
0.03618663479953472
0.02539427811907208
0.07976891879632815
0.10208926122975903
0.1256696163655694
0.027300580840388115
0.11383207248596995
0.07058877544201034
0.07925120210543497
0.09563113672436342
0.07781150540999064
0.025375944135978032
0.05667336007844016
0.06540419095959768
0.17484893316621095
0.026123265359149998
0.23481416308701145
0.15618972178896398
0.1546943507216132
0.11439216408655672
0.08689339677669553
0.10283788474246916
0.15025606527846502
0.0564291967735206
0.06824445425909917
0.1852216194666268
0.09241786965050867
0.03888155857366598
0.02545500471214204
0.057555783261597285
0.11844968143158224
0.11630404869075807
0.02553415388447634
0.11989580535924713
0.027059032430847632
0.05509215406669326
0.15801612215602825
0.026662033057168143
0.07405156541757202
0.10398033844346144
0.06712223902846992
0.061972734313315785
0.10976378999497573
0.11245678732278998
0.07554394154733883
0.08245199126236513
0.0908717859694
0.17729328375316988
0.19323237944136284
0.10166347114209943
0.05821256478808906
0.08233359255596147
0.04823739967637496
0.05826629075600056
0.07557177481974983
0.07774584325653469
0.07604847469842888
0.05822866628976081
0.1171945504410443
0.11640100070222538
0.05179826690036926
0.12417984270087536
0.025376363742739758
0.12001862338643668
0.0615674508708621
0.059636065708572
0.07733487308356013
0.03503756096435238
0.06540675574031675
0.14904017075900156
0.06087132532502877
0.09294697852123956
0.08425521337037419
5.252575033179074e-13
0.051652937675938
0.03924620351582477
0.07367193719310271
0.02538375871437931
0.057402745768827736
0.02538786535528329
0.06334990445216443
0.19184306934626255
0.115632135816089
0.07580215762407883
0.05351872271693594
0.17341840954400548
0.15868998735638265
0.0576287866849975
0.07797264705277228
0.17974467845390346
2.0398712755334853e-15
0.0573650800725332
0.11893539295595976
0.051793420596029885
0.05820204070499136
0.02538315072834622
0.02537603729820346
0.05822003523898065
0.025306258307693626
0.0582208348748036
0.025387041907135026
0.054518394136134636
0.06154267279394101
0.05822210674732067
0.05818240078818863
2.6236740520669193e-15
0.061368448051062015
0.03427345439139086
0.10539405481671277
0.02549320678995681
0.05822080709922329
0.058155803095567025
0.050179433635846565
0.11688526421972666
0.07503705600227682
0.058220323705728265
0.10372914951998184
0.025376006598095417
0.07495676281993352
0.05820546074939911
0.079167983049521
0.05919302783150285
0.058215268816034435
0.12713142594802462
0.05958091890853477
0.11588820702663034
0.08373396281285694
0.11947772650506315
0.02537616475903537
3.9757800485733947e-13
3.453470456898589e-11
0.029511088031160607
0.03304910230810425
0.05823357324669508
0.0573839479694125
0.058283117795135876
0.05354517004352787
0.0253806339333312
0.02537633186933169
0.04368507903512296
0.02537910722836971
0.026181683894615324
0.02589105204988008
0.03346744810891133
0.1606648317774922
0.06925143231553403
0.02767715157085184
0.10362228781789748
0.05853123798204294
0.0291377153139492
0.17142428244699542
0.051578361518992116
0.05790166400704597
0.026382185157691657
0.2422020341081489
0.025387896561657138
0.0585542728521331
0.0580146484717801
0.09643229490770301
0.058612516418680476
0.05831290344017084
0.052669799692722084
0.05821343847771791
0.05828447761929172
1.747453282377902e-12
1.2132464286087757e-15
0.057998414398584636
0.08188792236971723
0.02919265466273188
0.05826871018230645
0.029786058879035338
0.058216511583766985
0.02537617878165389
1.2320384762455115e-15
0.0254905589273421
0.0557844822583324
0.025586958981706688
0.05815434556455039
0.04625784014092213
0.058225422061149314
0.0582232068134433
0.09378016276908137
0.02729298761733118
0.02833621835456757
0.06928903660464407
0.05168747846341319
0.05822569655297963
0.0574555007590196
0.03174456292283532
0.2599840936361401
0.05863867689126007
2.8356771636684425e-10
1.5815622692809353e-13
0.02574842392678496
0.050825262105671634
0.05701485549068025
4.3239070624511465e-15
0.026021431373884282
0.05820204115513344
0.05825348408537283
0.05734068948350665
0.06297954650242528
0.05915594783289225
0.08125164187861539
0.08926140273721085
0.031347595730575155
0.025401229265251436
0.09906260135073122
0.055227097391725134
0.05107904776663672
0.07740295948952099
0.09305691879479693
0.02542850588816944
0.025375956747116485
0.05002573106285981
0.06398724179954025
0.0521920147351184
0.025377633883953938
0.025375940311563226
0.05248421810835422
0.030002691161960082
0.05822143000331592
0.05824351602897158
0.05032575981735172
0.05821407543059515
0.02567207860328344
0.05776306713737295
2.3215627944955957e-12
0.025568406345718032
0.025376677752849915
0.05822578760297732
0.0758065269928112
0.03462343473362195
0.11594587191754055
0.11717268940771652
0.05027163522179445
0.06897320800372035
0.02538789885731894
0.0456210632839382
0.05293058603947317
0.11291675640567092
0.22026636257022306
0.03372456293994428
0.43248428476297796
0.4301324396141785
0.29019952923464404
0.43138037677084784
0.3652132276443325
0.06939831812505115
0.1768353000779732
0.4123243712573241
0.3893252194558621
0.11346881715103405
0.08168762401074163
0.4233006960748933
0.3165994293632047
0.08696583815523515
0.4200236339311349
0.3196642706058374
0.05276022005669001
0.07399201719718355
0.4355426777018133
0.20008464860677488
0.12566888082899208
0.2630320367543505
0.2472927485070047
0.29646206941498465
0.31128655103670816
0.4313659208110406
0.3861691187213582
0.3462534161221261
0.43307199068242175
0.17766148050351332
0.3408421137511751
0.19432561445161284
0.21915573413976366
0.1743290511287802
0.13548429506232296
0.055525675912384935
0.11404098185200078
0.028378544993141925
0.3528448164530299
0.06474488293891154
0.025424815636683702
0.21531776174424594
0.3483635890287568
0.13293782767796578
0.17996464318091113
0.4335056695494165
0.23661941411318474
0.130247929148345
0.3482644526146292
0.4303047844485575
0.12534696067921225
0.08308045171941544
0.36188059488857904
0.29973456917804764
0.35613842038774085
0.3855784399271322
0.3090556606088569
0.2099765721313164
0.08059926322352859
0.04844045444230707
0.09020593044731297
0.11820978881325332
0.12182571131192713
0.07567025774926912
0.09540389318459636
0.06309882862399739
0.0854627094840469
0.025378569384044886
0.0990844790921987
0.05282882643660622
0.14314617742064684
0.1001242384780898
0.025899139053410784
0.12080301369605505
0.1061871758682677
0.11047818158563387
0.1740242162681012
0.07547538042803191
0.1908398955075638
0.18828332427228694
0.06588847319328328
0.3301688472954833
0.3396739784763639
0.07437167866105528
0.12089466845418485
0.02537633278236836
0.09512445740808924
0.16375207158035152
0.1372837307122816
0.05177221119572028
0.0888468990887717
0.13289706726690512
0.08565298203892759
0.1620703017303397
0.13564212870622078
0.1982504867590636
0.10288297550135417
0.11195050683219847
0.1685823978734357
0.13581023656590974
0.3829640569606581
0.10868475610497418
0.11321833461876385
0.40624083974305175
0.16478394913919406
0.1216778518452354
0.05160499803212136
0.4110771337533621
0.1755289306061257
0.025376834046688945
0.11825161314397913
0.2704505756618971
0.055344300112433416
0.2655156913016527
0.219544327935267
0.10876210732942766
0.17667180994240894
0.4299159860455983
0.2824405381961379
0.1190241532399138
0.13777542193064612
0.3906189363052783
0.30756142335989195
0.210679711759314
0.0984342837738909
0.35507825205979665
0.16017672435290295
0.16843898258725165
0.3003240544644021
0.3087085796305321
0.19463819616987216
0.19762798309224866
0.2505497612684629
0.2259915895536045
0.2442891493825933
0.07057976668367896
0.0519648538620464
0.07893781296971028
0.17524317545450416
0.10028539762573392
0.05560493325172898
0.0516954570177405
0.09959286404817096
0.13211475786789634
0.0684013176088064
0.08743368287501573
0.1148625218492242
0.08370336383353229
0.11395390744925682
0.17923750091179386
0.17834925203393173
0.12503616693172445
0.227461015902594
0.17346751525552326
0.19537409713566628
0.4029041191644301
0.2983990170707562
0.288140184760555
0.35160785441894576
0.11702083196758667
0.11921000924163047
0.05508848364890228
0.2396915359463977
0.10393815386666977
0.11003872578984372
0.2679517353422833
0.14493489457196948
0.10779572878973513
0.07636543702440972
0.2595647666976565
0.2538559758621685
0.4188372878692865
0.13806442256979254
0.2395225891635463
0.26536275215276506
0.4111486107174328
0.13527111235182776
0.2503295931498403
0.4309914000993064
0.3124628105912975
0.14831544788043147
0.19688694613275876
0.12081754415601825
0.20385535874584126
0.025270079758082386
0.07311133228814877
0.02576474109974719
0.02537419418238336
0.050246491592871256
0.1656741745097436
0.18335458069198107
0.19560073623634555
0.23184581073687
0.14703224038324367
0.11423899757732794
0.07897538021754742
0.102171007882885
0.026141269599557048
0.062483190915694764
0.12838201838939442
0.11248783356450888
0.09875777801482796
0.14505765719102873
0.22881398219986301
0.10256941887384728
0.1763812850293412
0.2827561507509447
0.2967775521031873
0.4192778783182504
0.2860561761370609
0.17131548629428064
0.4309090512568606
0.3603954406606935
0.2059425697545073
0.11695699517936888
0.17296286746414424
0.19076905917650847
0.05134724013904349
0.18478504577028834
0.3788646900002277
0.0666316569589323
0.2887129851058924
0.4096144882495857
0.2980831411783657
0.04801787373429516
0.2889844645469171
0.17924994037184735
0.17400405276616318
0.1502240090352798
0.10365514573538777
0.17115730324434186
0.20098230321421448
0.08869852556117505
0.0489059028518563
0.13187437788330725
0.2373758297470309
0.09037702340261848
0.04867424880067432
0.12581920833023702
0.04539781001784153
0.16509948786338374
0.033262150641138195
0.025375966655956244
0.026248189961012018
0.06726929829291912
0.02528586367668946
0.025377611012170648
0.02540119116615696
0.10201650580191493
0.059493270367866974
0.025429317793668468
0.07355823936664121
0.049237088872122484
0.1375410475306513
0.2187637864309624
0.0504153984294814
0.12000437781811
0.19915195057438645
0.32110493357039954
0.1123074351418196
0.1901220527628688
0.11441928556130357
0.17070552341369938
0.2091971922017586
0.30422194096546323
0.3666838528535698
0.13403325490232454
0.14201229271485136
0.3224024568531343
0.14630899634518818
0.08848192297008263
0.2465053889114099
0.34180529540065996
0.2602173583139703
0.023510114871408805
0.3167633238628936
0.1773875159222627
0.34840263952993583
0.2565126989400283
0.17707260854057186
0.20255376684124984
0.3557530028252125
0.21209199682273586
0.12354349268372812
0.02539756287134111
0.10094995910891807
0.08032091321571602
0.0253764819004539
0.04832130428240992
0.18792319545276834
0.058298224693452916
9.78990102573758e-10
0.051814714201296304
0.10854190150740542
0.1340764676471275
0.08254426653451867
0.11450193199510532
0.09431877167010116
0.17620885572981912
0.1276140922333836
0.36685132111064345
0.17338557372618546
0.14392309235202214
0.3380658813346901
0.15651493732389218
0.15083287147307084
0.2817282058553691
0.17996677805352607
0.2345859253229472
0.02761394388926627
0.2368462105539489
0.11531393884366918
0.23864740295339115
0.3020728076480334
0.15470414593744033
0.17330379630957984
0.03242289062336468
0.2883156631998976
0.02542088424629038
0.16350691497257785
0.048685312758018434
0.08262349975293658
0.0744410293324704
0.10132112421458267
0.06508664991316357
0.07708779776943417
0.3410143445905216
0.25776945905470433
0.10810439183957886
0.0852111288939133
0.3078291053471427
0.23771868766274395
0.08093598536617015
0.29056677280714377
0.2321275452286617
0.14563494098320995
0.1189954970576525
0.14477141918890385
0.13657367714623986
0.07732151990702132
0.02537738531117158
0.07724146950540788
0.050201879155354866
0.05146843122844085
0.02535679259599913
0.16139587591078378
0.055839453443848205
0.1924884687092742
0.21879684588746795
0.06103694640398578
0.02538811502380833
0.3530359162929598
0.10213590927802073
0.4128833673238509
0.4011169388721229
0.06237890760206771
0.21611542418213014
0.13469355373394448
0.07298344992028367
0.062462991829530176
0.09306464568950107
0.10230373524267386
0.028231593432226268
0.17941000659886733
0.117530354407504
0.11611009298423422
3.114783897213958e-09
0.13519985857282685
0.04696895803672816
0.4038899225470928
0.4327079949360119
0.11820201191726094
0.19810982980379235
0.12183565480320405
0.20975593101268586
0.26843463771618264
0.13940995835881292
0.027650703746875626
0.29235467858969816
0.07890069396430692
0.3586941727092057
0.1856927389651916
0.043341037783805735
0.16384262831689325
0.02933342557365848
0.1845350612925565
0.25885397115598124
3.739407140456728e-09
0.1599546757345172
0.1220492073913362
0.16167489402098806
0.2840152879386434
0.12523847004559788
0.26396845025770604
0.0791270188249711
0.11054070241364404
0.20985544904237846
0.18025344552403805
0.03718883113909193
0.12750300290678745
0.2413533120776024
0.2421565040082507
0.10194937992480793
0.08312007903089108
0.13602548616528662
0.19384593532691574
0.2613447153736453
0.2904245117510296
0.07017013096801201
0.024136944960737303
0.15908643554359853
0.10680592366189623
0.12093742425726199
0.2507213411185336
0.08982166429476426
0.14707928386559754
0.17688584036208932
0.14176615293886322
0.05834128989365836
0.026116397088572885
0.1288658711899887
0.29345410837888664
0.27887425743394195
0.09183789167992758
0.09595966241663803
0.09995020560255052
0.07003787503398648
0.28104457801106303
0.27143787143922954
0.07814855625262547
0.10693321423542708
0.2211127085140854
0.025604537366865927
0.30593447015388964
0.20501155356234285
0.025417703488363905
0.02788322572113064
0.2434020913224257
0.02830899139827948
0.06477087729003024
0.4001695922313889
0.1155575534591594
0.07109882568934746
0.2392105955979321
0.30919935702571555
0.1459905198807041
0.07947544294349539
0.056675239495572814
0.07260999576581925
0.2608209715592594
0.07825652496821715
0.1450842862915655
0.2439742236790165
0.2795254706735971
0.13055522295915226
0.2596238747498796
0.20472186931852346
0.12849100995063314
0.0761327734790364
0.2634109359517116
0.3932274637763587
0.05200135973199838
0.246675385026924
0.36160124299775503
0.10450657051076187
0.11775095237985135
0.16221245994173114
0.1440987265844844
0.21295177133719048
0.20432637163267864
0.3665026056291903
0.3120000627793628
0.3527588132436726
0.4848683065393796
0.2799328391549681
0.2128524550761221
0.11471503514669455
0.33975994708626045
0.4236871438379777
0.4357889377653539
0.2535332179386225
0.2041519653241719
0.4355675288448679
0.17131750669004667
0.09386090349051444
0.29605120887096353
0.15331415877874446
0.21143199602751056
0.044430910229503184
0.4236421447296148
0.13822188811921093
0.02537736144367719
0.13427648323754818
0.17157217724453042
0.2099736336258652
0.10753344869535017
0.10030031461299174
0.3339320773263303
0.13185393990783734
0.06237726641178753
0.06525402528895949
0.12401378121127868
0.1286319575712131
0.02537603724215317
0.03757244511099953
0.13874129545188646
0.12484368313831165
0.2440099085527578
0.0906238287013342
0.1401833271291791
0.12554353758015033
0.08181227128696894
0.18467990948049112
0.1431371906767617
0.08606680299599075
0.038222749279879516
0.1623540786604408
0.2672902884531804
0.08316084479590517
0.10540214701216552
0.1909421214796571
0.21725442959850036
0.12246988456447447
0.0703866656952898
0.2697293776166283
0.07607076711026604
0.09555768920986904
0.2326138145360552
0.0874788973014386
0.12653641304053695
0.13574990560744074
0.2997253277880196
0.2855180425953167
0.07561904989682078
0.12791966101248456
0.056444606891444836
0.12986447034417253
0.0997279372442106
0.2184425765627129
0.0464102946802339
0.028278880180610894
0.050633875652767515
0.15059805994389658
0.026318831517580004
0.02616530928796331
0.05431919706675749
0.11479943025772014
0.051724922617492564
0.07613424613595532
0.03693102389364308
0.02563835971930221
0.03587231870705182
0.06275403015263382
0.2312525580286533
0.07113344734735046
0.025352678770253045
0.12513026883949285
0.19433597289163165
0.07443648804257919
0.027201320629225745
0.13639167427306212
0.0906984057179441
0.08071061663725372
0.031950030397097394
0.1725973199683007
0.29620521469129163
0.17430063725569298
0.11407600152473925
0.4166752002385884
0.06596908193608146
0.09327648491328164
0.025376524068714927
0.04464206389738619
0.05174664047160237
0.0567262419565065
0.058018863847588587
0.16121582508341545
0.1282144711623804
0.05080338127790267
0.12016902753455892
0.21084411279669588
0.24787086074543066
0.13386500559284228
0.20000393189512725
0.3350144956757777
0.02195465120173613
0.16260319744652751
0.4232446032869029
0.12248015757163185
0.03210580036975051
0.1827081379537492
0.14892789242105692
0.06876624235830532
0.2351197123356698
0.41092999419318016
0.3015422259374534
0.14629496163984426
0.07968551045112028
0.254521876775052
0.061120226949923716
0.23794343987024955
0.2219667239445456
0.04008438989591651
0.12217955354525865
0.21695182763772766
0.18084136936350895
0.3328565592168138
0.025399197330372075
0.143867204321078
0.3082051419082202
0.025474439661083648
0.025579708134034183
0.11411782194401633
0.017354551262493276
0.02536550212218621
0.025984167291402814
0.11461213625832722
0.01186600327935828
0.025378205245069098
0.025384714419958453
0.04100083486208178
0.047291816280964606
0.04856277205751365
0.1691140661946114
0.17640892101554775
0.032671373405121704
0.0511539308495889
0.05947757895708297
0.10672181911883176
0.05580476133134639
0.044113949352996264
0.05071630304594951
0.013688985614692116
4.281914730573902e-09
0.13383603123072116
0.08599257681121306
0.02967492639751205
0.26185208645205443
0.25710632517335275
0.13754018094064674
5.2122242173682974e-08
0.02537592280453872
0.08121493233809864
0.02537615744076893
0.06936830859489602
0.04863779540904475
0.02538079674796555
0.07950736939801291
0.15821396483784705
0.18050932372470246
0.025363904500192682
0.049329463541688
0.2884581839760158
0.07793573268073906
0.07136562501971001
0.09232799625596703
0.16959360905961152
0.14280476096598907
0.025452231151168705
0.11493422177674215
0.0769000147416354
0.09652717485188728
0.01046127731290358
0.025507929099767908
0.12534779957172693
0.051134168742573066
0.04663626298289415
0.02537594584206591
0.124328681393107
0.1520457109315325
0.1573129167432384
0.1958171659693372
0.02539177749915015
0.4268071592768369
0.057060600172239226
0.23418751058458095
0.1255812704853361
0.04835539068338427
0.022761584608037882
0.1461186227767993
0.0257394491686203
0.025375719175866455
0.0254617542418394
0.025391973484390068
0.04592816477517113
3.4894799653346976e-07
0.21232922822419611
0.14739854424790091
0.07560129686404457
9.035372556941314e-09
0.02537610349638165
0.1258038030437418
0.08150210702645193
0.028325913801368313
0.052292711166946684
0.20251137451960904
0.02291939493063791
0.0253775957780689
0.02549399315470464
0.261802422912202
0.05874212327816665
0.0751414261175428
0.15180981066868268
0.1743566827556346
0.10983274307085876
0.2199003041137305
0.08632207152556763
0.08513829558986581
0.17372080131591014
0.19746572772317372
0.21446629232760453
0.15208627467198824
0.025375747485192036
0.07895199379861181
0.028223888283090207
0.13453218828196195
0.13974043679467227
0.1332433288870519
0.1204283576783612
0.11649082987362405
0.1865565217221893
0.15857714077809354
0.25415664719481684
0.15174430817609486
0.3533594078993868
0.15049900217724302
0.4357674478070969
0.17245496015602307
0.2574314171166979
0.1917120352333741
0.09857800085505754
0.2370073513256548
0.3027599921380418
0.10186845592869163
0.11594198403850316
0.17473655717577674
0.26557465585477097
0.11376458177673608
0.031743009037703836
0.07002533631574892
0.0753403851029506
0.11205011196417294
0.17515691305584372
0.13044030202590892
0.03138197442681113
0.14754386233815245
0.06321137817998053
0.07816330177113168
0.2071240834015124
0.12327170312671205
5.364903468679248e-08
0.1328057205439907
0.11605361289097214
0.01803758160739298
0.0393641363895532
0.11238681969164688
0.10561277745854852
0.09640111333198842
0.17387010565359762
0.19749517378875445
0.2553938108571692
0.05453599971011962
0.10462324511563473
0.1270726023940474
0.07643732802706134
0.1099012400085399
0.02525943466190643
4.336701904130559e-11
0.02546777707014776
0.05084265377076879
0.05851548477306125
0.02360953724286961
0.05279510516706625
0.15096345977047246
0.13480900260827314
0.096157542695923
0.12870377969033328
0.12531742132751533
0.07728719474105541
0.10236559933661177
0.031221498541208537
0.04933410795274839
0.12626840245608692
0.12654870641144894
0.12303014383462582
0.1101038503688372
0.10885219925745188
0.025393319180337846
0.010028420935073909
0.1329829301702256
0.13175588496423007
0.051613809518016085
0.06258157472365608
0.12316004515396732
0.2499834850183745
0.2392932450123209
0.07919964249855424
0.1466605997715586
0.1815531430397827
0.07891215981281799
0.055335156526890576
0.13397666061705224
0.14549725073044148
0.025602064497801582
0.1309141182157963
0.2798658444921767
0.05727184684982471
0.037973464616405606
0.16243333207225982
0.14097429363041494
0.13158780719054192
0.20516033123450475
0.1965356662698622
0.12446111913602236
0.10500525157021708
0.12155503900118035
0.1295611219071489
0.09913938205501158
0.23958724065079665
0.1337605229799187
0.11242960839359874
0.16852924832982016
0.058225242657949025
0.15635393748948856
0.05827417587651264
0.1519247173191873
0.06768341851490482
0.10591640166703754
0.059579546165748426
0.06142952056897327
0.1630309401275219
0.11844928030269206
0.07156529980971972
0.0520073464625777
0.009417536577723264
0.1170308547185492
0.04360629128482527
0.16060932332361094
0.19691565460064306
0.16592646333588754
0.0557767248053921
0.09610318949324116
0.11288379512827595
0.11945273482875896
0.13391666869837388
0.12249058508520524
0.12825525791421036
0.23621305502008014
0.19890931896029854
0.1132555116383836
0.16040490684838996
0.11789262330780205
0.10086494522953016
0.1000656603507897
0.11699352874631425
0.17505772080085688
0.1335661565286383
0.11311530709265052
0.05748627065124541
0.17690838777276735
0.05314130966101816
0.1643886203801357
0.10240881444612086
0.17850294856377893
0.06211041626543596
0.17280116185417807
0.2302068630342695
0.1231884490308868
0.4489011930819049
0.2341896541060386
0.24413350968198025
0.10937114914552903
0.10178490673710447
0.116317619511708
0.07857239653662218
0.17450508042771248
0.17515463301021222
0.06132737305480662
0.1941641887574158
0.18284101732472896
0.14887143119925494
0.18297072245332469
0.07384017125709458
0.1043751439307574
0.05088108258313817
0.17118319571967108
0.09859957446393423
0.03402755825440749
0.07491892625792257
0.17102524309802056
0.11681934909203825
0.03701563002381535
0.21419279986132814
0.11643053441204837
0.15991706588025711
0.12580533636452582
0.0857509658401424
0.15071152494093767
0.0777637361667828
0.17722802242559765
0.1982154587823411
0.07864579807112136
0.08298413797448688
0.13481153979254526
0.05971056315880826
0.1160690741290318
0.09550009847344984
0.11624481455020592
0.20235034342386168
0.12556289812035765
0.11553075160741452
0.07523551044219141
0.13977882314972784
0.05845041282720849
0.1506559967051524
0.025440517884948933
0.06069975808830316
0.061777564927737
0.05317051700965426
0.05825444660420681
0.17032893315058045
0.07308068251862572
0.08083352897797451
0.05073389418824428
0.06580255357743267
0.09267312762167698
0.06527076605139277
0.08549802381691922
0.0987617636489756
0.17561791664758275
0.028855434011899182
0.05622386760002947
0.025392137386972196
0.06330562184971637
0.025806190708191727
0.287252564947248
0.07966444978631948
0.09981563874854042
0.02536234756470427
0.025439129305858788
0.0581199420409812
0.13725803021722255
0.11776553232911476
0.10278981408136584
0.05242602285581106
0.025375940832002186
0.05794738633566057
0.08606238192543965
0.11393092770213673
0.058708970995946165
0.05795500045324905
0.0273149267599253
0.042026283384949584
0.10544110866415476
0.0716698790150211
0.09836081042099344
0.05755184258638511
0.045678926265613866
0.10469463113566824
0.10298233313696943
0.06412963740250141
0.08203480899115398
0.1004976532319064
0.0253811041721142
0.11624370110342898
0.11928141125070747
0.11870519843421212
0.02861386924318692
0.030247531820172913
0.05392269329392636
0.05599263899709616
0.050787118478962334
0.07805909151404679
0.025376347993159142
0.05872069848360178
0.026408812347036383
0.11365963573693345
0.04964529638461823
0.05951337036316307
0.0679597840440742
0.11768103186581905
0.05275335902866584
0.058191241161226426
0.04038330092764257
0.028658460850622063
0.058330166584681986
0.18546311203944724
0.06333606572898261
0.13835329107849798
0.051939967601434205
0.11082305079742706
0.13362735110730775
0.05173060193671003
0.11653670423056195
0.14421400513533916
0.05851342641013753
0.3419500005011881
0.08349174018710148
0.17194959106779348
0.05837003991463593
0.13056378164658755
0.11494707822797035
0.1396143548542279
0.026232315395666117
0.050898886441361084
0.03756384982753335
0.050805111815992836
0.07967385505590986
0.1713719757373652
0.12176893352328605
0.057295497928181775
0.09270320747848924
0.4274385033196709
0.11411681962658092
0.1848847051848092
7.319086345551522e-06
0.1375753625152512
0.14906356109195285
0.058238121864443784
0.02615247320738157
0.18529557900389604
0.10456642163855427
0.025382030085558338
0.2332251243034991
0.16700516948516986
0.025314730437384175
0.18566665238967986
0.06446075032666579
0.4575246843753546
0.11321317402000965
0.0253786271775782
0.11884212920894585
0.10956709214697666
0.273457963279665
0.02573808472627626
0.1736094617750128
0.06844204436548962
0.02537866788036136
0.0260422940044657
0.08958538680778431
0.1967778252740864
0.08813621650108097
0.3096415860131808
0.21430289491883844
0.026996928333584903
0.02537735896990736
0.02587898764311304
0.023331612869420752
0.11724237427997578
0.026170194154016405
2.460322970612027e-06
0.025376564084665185
0.025587961356894392
0.031466759400681374
0.1919054987699132
0.1131213624722827
0.115319947350388
0.06125246149927897
0.21416323595049386
0.15280746302056286
0.3126503728277389
0.07205220845773551
0.9990023791540412
0.3879173817145804
0.02542058031279882
0.026405978653417855
0.17323755893583456
6.191583917123185e-06
0.025378566188465942
0.1726445760609288
0.07905663817741816
0.14942137078746726
0.1226385417262491
0.19298339279624827
0.17059512735496848
0.1007040761080681
0.17187456388572322
0.4289336598671485
0.0181218530272469
0.11325170027753358
0.02531712926276495
0.025376938905536044
0.16980389679199878
0.12829190153556735
2.230828987315685e-06
0.12319216176912395
0.17771529896470176
0.1735202292352008
0.025377375417484763
0.10460726042147926
0.19105991186627885
0.025443914460912813
0.13007289781284875
0.12783750711621536
0.2333594621054676
0.11768078233563607
0.18626460639548484
0.31814013218170795
0.030346385322239263
0.08687538758743893
0.17216561284958318
0.2621870697262238
0.0259666373165874
0.12769536728059533
0.05679460045380365
0.05498046389786925
0.02544177166969297
0.06833419917733229
0.11676217758878706
0.05200479713611583
0.19283312425911453
0.4351300137223513
0.025381076628094086
0.025551803717828808
0.12712406162430812
0.17186572152916782
0.2320141937615225
1.12868147369811e-06
0.2774311979555792
0.21735203376099274
0.05930795888336238
0.05676877997351499
0.33331513836801346
0.05117345493483995
3.3660446420067985e-05
0.02537827561808709
0.3086602341164807
0.10309925555570604
0.20077303841171112
0.021496921874054012
0.06717792892010338
0.12842803843619546
0.02547109179338963
0.05825147838062832
0.13688675572608794
0.0938871307245708
2.5260673726776488e-05
0.2361150699567161
0.0980973525076384
0.0253765889660978
0.05643545641447398
0.1809973298875013
0.07974525920810054
0.2981772928132634
0.22252975825687207
0.025379172125764737
0.059986203213400875
0.025979273662969427
0.025376923306013585
0.058268567377251064
4.10721082118772e-06
0.045640962904145176
0.05423992713428945
0.05817598285907176
0.025377236912715574
0.05380821292350765
0.11766122894266642
1.3442407953883266e-05
0.07010109587501658
0.08397378932460214
0.11041845802480538
0.07036766829576956
0.14555427298174456
0.31884619372164874
0.13060003201305914
0.02557918068260107
0.1718520122567395
0.02963089075274395
0.025787135650937543
0.17255330530301746
0.19380880586104435
0.025387209621213127
0.15781883130354787
0.12025399157884364
0.20449207754422893
0.05878503659502106
0.025523227664346032
0.1942968148602077
0.045486740442834
0.058722457400465625
0.0237016193717944
0.07043670312976039
0.04954135180230504
0.11935776214140338
0.03281981043318307
0.1259797388358721
0.09901365834593452
0.14408602089006614
0.3063016448978244
0.03720148308027952
0.2212387260105844
0.02537839755028077
0.0934741017172106
0.2880603282087773
0.09419354099189348
0.14079874252207908
0.3021873102163377
0.1604379118538405
0.03030433823552704
0.11702947574638806
0.22207262361645533
0.30720143136839617
0.03163124979659842
0.13706202056614536
0.028534485097653214
0.04464342984914976
0.02537648984224127
0.027281167880067902
1.4510740573298596e-05
0.02617423318726692
2.1832580700822635e-06
0.04551050524338943
0.025468479958984748
0.025386731480041558
0.03869948902695377
0.09319339122524614
0.02539777174515476
0.057846552366077664
0.07366848325734651
0.2982789319190437
6.961945482700662e-06
0.014519065100079838
0.09106926728401783
0.3094907872380634
0.0582628808190961
0.13395819586517818
0.0829954498705185
0.166496155044675
0.053528481159863424
0.005144156543572814
0.03648599542710634
0.25039752134466864
0.02543076319893261
0.0253912365084705
0.057919643404354036
0.13162920524727434
0.02932395238661356
0.13166071278556546
0.025377338974412043
0.026116519965248997
0.16372057899321546
0.053163852531875534
1.538059845117501e-06
0.13288897023262253
4.2322017049077977e-07
0.304265102400658
0.025421081259414474
0.07542062500363504
0.02659833497275817
0.0254355589103518
0.02539585941813521
0.04547467281165068
4.060333191421144e-06
1.691449609424603e-06
0.058263222643590525
0.05778080428232999
0.05795286492948445
0.07367830509460847
0.1244789120373121
9.112955935639693e-06
0.02537633918498571
0.019727029960980087
0.06394729923594585
0.13962894233478795
0.025379726498315356
0.11179361236058624
0.04961806570783773
0.06750854738945132
0.11363904923164113
6.128546826047623e-06
0.05830095556662539
0.18316955553553246
0.17187439913292996
0.025377223651264682
0.03605031011933005
0.11908936534444065
0.056298243690943876
0.025429058241017103
0.02550323233408917
0.3219085113459497
4.58406377425648e-08
0.025413425198462628
0.02538143744072019
0.02541529724798555
0.04758896885357752
2.191940842197804e-06
0.0253861152663504
0.02537794942413929
0.11695806560379615
0.06403877231794004
0.12222505215839362
0.09484421247733336
0.11094678119165198
0.049567324932946716
0.08220204525425041
0.13237234203203058
0.0997057364192824
0.2527367940558333
0.3266997181921394
0.12186486001989652
0.15095484031599402
0.13905959331078355
0.02661345650158476
0.025861620860217656
0.30903808837502644
0.17273276695900794
0.026822016236299425
0.10776434436054808
0.1646333837353921
0.05365607159556999
0.2318242221060367
0.2499665744429988
0.2435146633000782
0.12945370320463212
0.11062736287525364
0.02586283051168061
0.12823474537295826
0.02537611808344855
0.10029105382474077
0.02713164673511959
0.052265640197442405
0.12010043833931865
0.11836973260626955
0.04413778245829919
0.1717181054778351
0.14801938528889416
0.0253766937721722
0.11347388749417812
0.025611694415364903
0.4356589791023629
0.020645695521088
0.1569249663027291
0.05083504538103467
0.07625516661279637
0.3350841111936665
0.07536469233557344
0.06313595618349317
0.026856932410346583
2.1580102548986182e-08
0.05534546762952467
2.5168837649772274e-07
0.07936544197455914
0.08410728508156058
0.1790388834926729
0.17433988715716905
0.12258585253609827
0.2628414235414633
0.14960497803148895
0.0758184036705296
0.06545468569675347
0.12862822309021174
0.05123489007788788
0.16159107030607164
0.11357701387089356
0.1942087435743231
0.07017408204377636
0.099129181360162
0.0572934263654543
0.0253814950800986
0.12211762190288235
8.286350178830826e-06
9.37528186243816e-08
1.9856297696644818e-07
0.03033072164598461
0.060734875400667764
0.11605603009012075
0.025374418184914482
0.045150138520799965
0.08437149696808742
0.08362351758368608
0.14012432581401707
0.1714091760529289
0.15109611741523388
0.09103606153538596
0.0722740690215918
0.4097036256800552
0.0583763412977797
0.029838025380021106
0.05148930592947451
0.1849378165965085
0.18259349775597766
0.0935347643079409
0.02540001833326062
0.2928919792549158
0.20026219438814746
0.05113750302542301
0.11768063753333087
0.19684713510190224
0.025377203889807375
1.273070051559106e-07
0.07906541646877274
0.05072194834627717
0.02964506819951024
2.199575005252872e-07
0.10169560839551577
0.06194618831400784
0.01909963945722266
0.06760679587208293
0.2245102411797756
0.03272395204773252
0.07613692813592833
0.15671267654074494
0.016480343342761602
0.0785709819719916
0.1188774826749804
0.0259528294176398
0.024247358018008
2.0892662389856292e-07
0.06708809110517235
0.02538595659963948
0.13972537828298384
0.07852710537799801
0.030434701095725825
0.09756046433181348
0.14605180911124266
0.059669437358072126
0.14965907723275654
0.08726055489074729
0.05807132616486625
0.11364095350004008
0.1362495358035822
0.055949791956384526
0.09781114605713842
0.08811064980787743
0.021516146113538914
3.552022655102813e-07
0.02537224437796117
0.02537596721409769
0.025377423279978543
2.458623296387152e-07
0.10363351753000746
0.055250002880717165
0.1657394576951874
0.17266089446499866
0.04042775653025564
0.1723057528819051
0.06617594888727271
0.22545382934400654
0.11992819453803664
0.06936614272915885
0.2453517767636613
0.15638723372402413
0.09062314980056536
0.05558224855493782
0.156223120483837
0.08873598077556717
0.02804650019557035
0.01638554350447163
0.025271564182821442
0.02537932037295468
0.019731581684572976
2.0003457068995805e-07
0.07048562322834069
0.0253813406558902
0.2564410559528865
0.10689712168296636
0.11855516231179195
0.09549245267367476
0.10364616104842568
0.027428106156363517
0.21427787032686346
0.14450965521580586
0.025558759379676364
0.3336486846724511
0.10414304991899542
3.801860130562742e-06
0.04164722698381712
0.08548464152507143
1.970812251145979e-06
0.04751777093803837
0.025387694437888592
0.0253699175036233
0.07786324108290239
3.082767455588737e-07
0.06810511242608178
0.08916316471681214
0.13785778616706945
0.0850871724325886
0.10887511406868608
0.08106908918385851
0.08116222094199416
0.025386979404586587
0.12300819735846236
0.3121206263843689
0.02541856522715572
0.32942802579199937
0.08687689165205735
2.5436073898006317e-06
0.042550084357468924
0.025373788063883747
0.025242121703943986
0.025548021211252752
0.10239007626029216
0.050496283617233614
0.049204608720341804
3.730007257949336e-07
0.06228587378534401
0.08695448676169283
0.1967626369573875
0.06989660852051023
0.07842366113202882
0.05491998554976713
0.08785438059830074
0.025397441720636224
0.11414917295195033
0.2718464139724349
0.022644409711523303
0.4355163092768189
0.07141688705679658
2.1973711577854914e-07
0.0903334317654578
0.07799561852448747
0.12710998096400336
0.11518105849433262
0.08107196656099126
0.08844731426315272
0.0941988690492777
0.05392250229673739
0.2738159375804121
0.07588168876673056
0.025377577256616518
0.35045834091994665
0.08854159235301026
0.02538048816685184
0.07643725463087246
0.0433205397383968
0.07466514927113335
1.1435848826485407e-07
0.11144307758940436
0.04544592707225505
0.42442279843467773
0.02537814735702086
0.04609404072742985
0.02540334382522217
0.08865682526526786
5.60897846921349e-07
0.07375563568168618
0.04637911517560587
0.09935335112274428
0.025390532643839742
0.2647345012422494
0.12745288456373333
0.2467294316421504
0.054335308971919474
0.2509073120125344
0.026953560253407574
0.29256099139907205
0.17236806549862774
0.14659716964979988
0.17171080326901042
0.30322233527398273
0.06654652832080743
0.02923262708119513
0.032646422313418424
0.16713098898707118
0.033339523147122484
0.11608413310222213
0.06781396752586621
0.05270609007671675
0.15483803854941433
0.09388324579003944
0.0492467810544337
0.04016920726370096
0.5191203928059988
0.1254003059614446
0.3372469653400168
0.027202046673000302
0.4832472436809264
0.019740436168047763
0.03769838041447855
0.06960663601172637
0.5673240701453669
0.3606288974034712
0.02010773339322756
0.19814150935959796
0.04667316985003762
0.04376379393802279
0.04347665981108997
0.10286361420776284
0.10485645083623188
0.048646429393742384
0.13071947888950075
0.03528258127735336
0.02931161730716064
0.5161656428688031
0.050020745177682235
0.032676341550154815
0.06297518955227202
0.3541324716363147
0.03895958953777809
0.3000555376000201
0.29077999303188184
0.0491318564629387
0.04726938788612328
0.0177058032496635
0.04283999668145818
0.18584560048069126
0.039876087565422255
0.207082803188596
1.1184639972660069
0.19814150935959796
0.023897379417080988
0.05944730981097656
0.03905339149858427
0.01975768299916102
0.2060043379303492
0.3627269219319371
0.13215522311654315
0.02400763948682027
0.05070091009735216
0.10212042335769644
0.11584494061084286
0.09684988442995904
0.05460933186253986
0.05056566610230369
0.04685317270728399
0.117438969557081
0.1225663840607011
0.11305928325701906
0.09085115534776518
0.024837773728027708
0.03180626493659761
0.04288159882217926
0.0929362348277996
0.032050819604831325
0.008555322336247376
0.03594285077166493
0.0918337521431628
0.03407225498640688
0.050335862274282314
0.184720154818388
0.05197832328397853
0.03731296148066795
0.11085405676481236
0.2060043379303492
0.02024684681738627
0.4704517599755825
0.031420695092706216
0.28348080651888485
0.5687872849224599
0.03407225498640688
0.05417264348569022
0.25700884888088016
0.028587536066584693
0.09792549304561532
0.16713098898707118
0.2517893405920648
0.13293460959926218
0.039081417400765726
0.184720154818388
0.30568262464063645
0.05161026389656883
0.28348080651888485
0.06408909068366406
0.19814150935959796
0.06957551121606242
0.09404829842086444
0.4438938148500472
0.3008272259994394
0.3042373531656818
0.09210300817964484
0.057682419014546765
0.1212551182555694
0.07365670278034879
0.339006554322216
0.05635671285116955
0.28348080651888485
0.14774195491175407
0.2543291608605738
0.12541898134612384
0.02761303188488024
0.06162326447123353
0.1961839395696228
0.16383476354942586
0.04864793727423803
0.2060043379303492
0.03407225498640688
0.3616072201088662
0.11115165818614954
0.0961358442550881
0.11535863606909387
0.04560595460157305
0.09839199361021844
0.08295668391949453
0.09167065615748922
0.027657509234729042
0.16713098898707118
0.0923222009356718
0.16713098898707118
0.2060043379303492
0.028254864725654413
0.11338274617171383
0.24622785961164326
0.07232724801005683
0.03087924373436199
0.9027283343866922
0.3606288974034712
0.10715983833556138
0.040796850470608235
0.15039184008073705
0.05183596985608331
0.018134522735001882
0.05012047763516122
0.02993758377649668
0.2546461069418427
0.049730982826777716
0.10087495428085214
0.19775749788782854
0.0576270382202852
0.055300663960677586
0.2305598545669383
0.024042373936363902
0.14986397321037534
0.238472312887595
0.1815031253619088
0.033143111310064394
0.074541572862481
0.012989108269961951
0.14823954010639814
0.30143903031269986
0.43792584489013
0.04875566495506622
0.3074543525844957
0.25116816238184764
0.3346431927828717
0.029076846355121425
0.15696208433521242
0.01689024268817586
0.049340141725346766
0.0043657642136130026
0.13784800869543026
0.20719970744584354
0.13499966403579022
0.05264381506413608
0.2056798952390779
0.035162036536537024
0.2290564775480016
0.14350520066483766
0.256091984618885
0.1906054516229287
0.4338772726148114
0.41455343726338745
0.07781517315168407
0.1558225429521014
0.06357177298121404
0.4287013900134117
0.048783211680832765
0.18478468050616487
0.018878348573516286
0.07325298190220496
0.19594669191171898
0.08326359315862744
0.07965290038145767
0.03838043203336794
0.13861182025861826
0.30782979522142234
0.2098879595751198
0.2634491196137592
0.4325053105154316
0.09043118353284313
0.1551848371881064
0.3149530094461099
0.3299365386798481
0.1391467665802969
0.2326220722937484
0.04714707446449533
0.0753164951399488
0.4179616616502608
0.4261068526501061
0.104449269403678
0.2536280112882203
0.03564695835121353
0.4314274803027283
0.4008845816256068
0.21478083835411926
0.17280225896329346
0.25326514160655
0.06532359539034972
0.4362170385675404
0.290121581014261
0.310486862032357
0.31297790314438617
0.1441888400389614
0.0832880491876932
0.1015340326264108
0.07980543370925909
0.07664585068328113
0.1432402049633795
0.1545017718712899
0.00869928319292873
0.16226269351977698
0.4322952731276839
0.2186181791259257
0.2687515876293717
0.20789040441330606
0.1471271083167127
0.1511091752216361
0.12815160653702173
0.10024682530996414
0.03665520188477469
0.08056454678819484
0.13721058749307494
0.09178919049433898
0.17783675011131514
0.0933803497852491
0.1386225593471437
0.2726774602874864
0.04946446281055655
0.09145053545577296
0.2537878944771965
0.13881372864085212
0.13529219950182952
0.10890766368247136
0.16892777180271615
0.22777754173313425
0.12277533427755324
0.04662634545792713
0.1019956309615138
0.05205035156172471
0.026639676131798462
0.15292216060991076
0.03513224353471793
0.09967450997503648
0.17220874344416862
0.023766275440017626
0.15017935081879194
0.0630941941122983
0.3192371253942224
0.3288627282925933
0.046908760178414236
0.025531980138119012
0.2134849308420651
0.13648609320968735
0.04741268990348134
0.39945957544581023
0.24695947099316395
0.044143322852951465
0.2530277942092053
0.04515126322981822
0.08380361914617522
0.05437907689868015
0.025393969518443138
0.025382531746248247
0.03505598417910176
0.05071157877340425
0.2286510311864329
0.022797928505269342
0.28102160693909595
0.07275077923758974
0.265259548713989
0.2474033279093836
0.05168129465064581
0.0251623950083831
0.2289726241533894
0.18939044557302095
0.06120077336970639
0.219782630528505
0.1810352439446965
0.06551592670977674
0.04896852273830541
0.29733500178091804
0.17195197626945222
0.1872814677908936
0.15677149028694412
0.4265337660073809
0.10518373300722997
0.21774092837674605
0.02546732858422631
0.029674799511794105
0.05361356610497189
0.0257127068362032
0.024415607441460544
0.06908574032030296
0.05310868400737129
0.2373317769172676
7.818245345939969e-07
0.3103194349053527
0.02977152240078825
0.14036478753110368
0.3616484368100685
0.04996717491538245
0.06825728911107884
0.02663141775811584
0.035628586213703864
0.057039884273642365
0.033378032190065986
0.07617172607868539
0.07104736005924993
0.08861561251328852
0.1114186719410095
0.02580763871937354
0.18470473159347764
0.08800810415090538
0.2173375734949272
0.15016707254991005
0.06841735365911537
0.08707746579558892
0.15403038454894644
0.09359709094279793
0.24855833540990455
0.11804574178154288
0.08058101105946464
0.17742926695072495
0.1569312847911975
0.02537948311581351
0.067720428490958
0.0821007876052588
0.05372908093505712
0.04834328322409495
0.10172427191644813
0.12684590699520354
0.15429128274277407
0.009864619082501316
0.07099663069773521
0.07075331049136298
0.09354489214866256
0.23226750272175775
0.06984250955868411
0.10428669893375303
0.2436646053377305
0.2127196919205496
0.2638156329611323
0.10426769932823762
0.2584856795896929
0.12246210906691385
0.2087784890472638
0.2141246090461665
0.43425569759293803
0.1750452667261022
0.0983849347976217
0.16457520708960813
0.26142753585201894
0.04865046746274099
2.8492002497254598e-08
0.1148889028585294
0.1075483497876316
0.05038120396462397
0.02537451067537993
0.07509808661865443
0.17899631659981227
0.06621728960632403
1.3454805881828276e-08
0.13363426432107126
0.20520546621210214
0.05420973430758508
0.025401218735157285
8.673130364415457e-10
0.0569066378468577
3.427125267872556e-10
0.05128794246158062
0.1491925794908842
1.813441508020566e-09
0.02538227153537318
0.025465838708366245
0.021391493611704226
3.3989725491131068e-09
0.02755882894497437
0.1442893672734164
0.1921268234743079
0.8494017964227982
0.13128713796247535
0.3442439210157206
0.4210259211686129
0.1550847428980729
0.4349551823784477
0.2825980983894585
0.09142231875073976
0.4333225674028927
0.1574390480542355
0.15427250552974334
0.38696509969944576
0.4208203799943052
0.14147271489848945
0.13829609046074998
0.3016720145290449
0.2611142259541235
0.07330742385221051
0.11374008200720807
0.10684173195738447
0.1065293932622173
0.02538091183455101
0.02537806665157805
0.2396274354966197
0.15428903720606724
0.09192025751698712
0.02034696379370744
0.014945079735996987
0.02519576575764037
3.3091700711420484e-08
0.025379202629402315
0.11030145006301513
0.02538185976993046
0.02537609097729817
0.051848365409661236
0.22473152436238011
0.028360467478278712
3.0026984329877256e-08
0.13418657846407211
0.19996694730665016
0.016223263081734114
0.03653774959921415
0.1139267694319458
0.2482662995963714
0.025375830701442857
1.6195999777098022e-09
0.1263791054102693
0.16246386969368942
0.02215435193212657
0.09671685540284934
0.2576461439589102
0.19980149541556844
0.04988791304824944
0.284878127381147
0.2871364955106984
0.2443969709092764
0.11667113782457428
0.2721065457036017
0.2806879113022983
0.07730059119435685
0.15048674235314174
0.12679370701119566
0.2451914766246523
0.12937581287513994
3.3542807668922405e-08
0.15974291346808095
0.23186639135861703
0.0954043223964647
0.0253732342156871
0.2300145064905585
0.30460115561629103
0.05092701300597008
0.050163823472386536
0.3593338709452521
0.3469152933491305
0.02729058110126307
4.160793913100541e-08
7.79831355063719e-10
0.058100038354432476
3.04235612794339e-10
0.07772621619200552
0.010139346040086298
0.025360867925780226
2.2757997888599644e-09
0.02556821580572745
0.04969106609440232
0.0663421662995579
0.06851696917204428
0.07348049121942178
0.2519752664545017
0.4141253292060592
0.10842164032057948
0.15492093342221128
0.07722550864877482
0.28131742077176325
0.15165001279699633
0.06639056556201425
0.43565354721061894
0.17999186358551802
0.15645175186821295
0.25630355654182435
0.17982205165258752
0.37787852047679465
0.04639704968701575
0.1222246653115923
0.16999072051822273
0.2304446368348338
0.10561471444681048
0.02541705472186235
0.3531788836114992
0.1762092506851156
0.028999240423691338
0.034187885247055176
0.07061070326967127
0.14868770241706591
2.9585322439115608e-08
0.21741844375073427
0.10474790744659933
0.08781953038375541
0.08084151621073282
0.06989830501197197
0.2634970983301156
0.10211270784734874
0.08637526453995722
0.15743519473733986
0.056837894931732476
0.1573977344896194
0.06975315130253726
0.03823195950267175
0.19895753476311
0.07295343716513245
0.025375270363312632
0.15939717885336402
0.20530906321008136
0.025201576228141412
0.0973153676079426
0.31663861966162
0.16706407313757773
0.08153744976582646
0.27573209808105165
0.16410311175328735
0.3786853402554436
0.2482067922249296
0.2343700626130048
0.1166371221919886
0.1516022460724734
0.07144145734127126
0.15060465600300105
0.2426386455654969
0.08231045205015723
0.0255964847138205
0.14095590996259486
0.12349656543502492
0.052788809615014434
0.02289296816091198
0.26595181567451026
0.2578296732018587
0.15569905644791307
0.025373475162360687
0.18223788930860374
0.1093884888913105
0.08957035783033564
0.02557586476587071
7.800023466895173e-10
0.02512577794480456
0.024617275841903197
0.05154222490062392
0.14174558179949528
0.02537797437568113
0.025736580302103258
0.024432542639994524
0.13037463038783773
0.02536671785279112
0.12075811982761095
0.07300232894416588
0.2062234932556038
0.20762520260061135
0.1859974470559766
0.0986447301260265
0.13478941869114
0.3043521587073951
0.2613068151562211
0.14485912647680474
0.1007850780545875
0.2830059496647283
0.2807564858299906
0.12744021669822145
0.09372903939077064
0.3539940293480589
0.1214830969832247
0.16321860206595676
0.2579940705365664
0.0733616631558682
0.040651619959809634
0.3847279424416408
0.3951701571753672
0.23460947721683945
0.20424731424110584
0.17791493766218114
0.332938199001614
0.10263632707117376
0.1154850139584624
0.17257800117231525
0.18017219440785887
0.08431482036894704
0.250464002486242
0.1128030068343243
0.42089591084995004
0.05295975408298397
0.025375991109681847
0.16724282292402706
0.2857474916133908
0.056170319831039366
0.0743378054468056
0.025376969346628624
0.03438152927823672
0.02537425513213102
0.04771014390218632
0.26037962771390816
0.11480617758830534
0.11518479616617627
0.05267057390587506
0.24249143407830745
0.02531492818538481
0.11374196301377185
0.05041073293723964
0.02537593099316901
0.08243562046566395
0.05132477395924685
0.05012737322987258
0.15663248319556342
0.0809228648626914
0.07373944070314879
0.05865897516422401
0.15291062720974594
0.036528469973255824
0.025276917700139102
0.1075113112382481
0.2508460231368963
0.042135688800483136
0.3432270433618919
0.3644142411624735
0.02557703925190201
0.05568101848660807
0.13800005396963955
0.054134335914602934
0.02537627902842012
0.15375860766494012
0.06138216011050125
0.03344409429078917
0.12158468793085475
0.08117948078131369
0.0585367486517276
0.08378842824117927
0.1745304244210425
0.14623010670428133
0.02537855519852941
0.12102815511177195
0.056090911072911566
0.02732840457031416
0.04259409404565565
0.05461475258686757
0.026994582474533804
0.05670424333465352
0.025375957076843245
0.15962818561918213
0.09747640445728667
0.05811245773569493
6.7807491329782976e-15
0.05830679365105342
0.035926220021551644
1.4300361545985029e-11
1.9987081939035313e-12
0.02538424508739918
0.02735897006955344
0.025459888770848992
0.030549375085279162
0.05825718693882472
0.0583758289422846
0.02590454271158217
0.03346899928048566
3.131813518413331e-13
0.025376115024727364
1.346619274992685e-10
0.11582997846605445
0.025381246509508053
3.1618567451241587e-13
1.5770138942386598e-12
0.05168371414007917
0.04966473314752568
0.05672464280090157
0.025996741477883962
0.09144307311009492
0.025453263300029037
0.043827310629192345
0.05667507114865687
0.0586687507812036
0.0578500260710518
0.05787791043114843
0.05017188450027843
0.05908206346182957
0.027166619304722528
0.02661326179172845
0.02559334501024883
0.025497030411357414
0.06543645092258832
0.057963667389067434
0.05853500568641872
0.04985227083185394
0.0582390191193638
2.109703047719009e-12
0.04175483713556325
0.02543459736166666
0.05496124507337321
0.058099000836966015
0.02535231904738131
0.05965423542552192
0.05825291748775732
0.0253742554799554
0.07005998819668853
0.0581467630904125
0.05133265096297969
0.0506085806645584
0.025375940206391927
0.08498395401775292
0.0253742028667846
0.1165008129120243
0.1294980832778389
0.12708178906145173
0.16079048745013236
0.1470608105989111
0.029958543825085393
0.05697189918584336
0.054747213951383183
0.08778442691554476
0.05769407398558361
0.05820432468437722
0.05467623806087195
0.025427490480651717
0.025376216588440758
0.02537752471595465
0.1702602810469927
0.058086139905948624
2.637419558977979e-18
0.18017876242606926
0.08426154692375996
0.04689386822426788
0.020042282465922108
0.05827677647410099
0.08384298598418481
0.08132799961501325
4.6440041850244815e-12
1.4173061814463645e-12
0.05820752068658103
0.026221782447449087
0.05822424333440409
0.1653771893870072
0.058609554671837566
0.02556436637604861
0.06224530556082548
0.025421578853433702
0.0506489650560066
0.05028799528439483
0.025376204974069616
0.02537881190367524
0.05804800328782617
0.031513248353127264
0.05842663564045021
0.02225261175929933
0.0581776696634843
0.02548759402939231
0.047208213122398084
0.05682088658412101
0.0583830185351558
0.057296365119540824
0.02839309933144788
0.07666546662526484
0.029587558643168664
0.05827263606916525
0.0578577184071593
0.0292072579697386
0.05853751342321228
0.0578513903469607
0.05825712254459239
0.058238854391086836
0.05839102045451906
0.05277967674001883
0.167600473969952
9.472357916847507e-14
0.058297444749001524
0.02637980853948783
0.06933699127032125
1.295892860878888e-12
0.058208352613911774
0.05112178713766336
0.025449906999811308
0.05858270828503236
0.05082642286486744
0.30919348975865363
0.31668943980994746
0.3253613979013343
0.2952451026470445
0.1711456794509139
0.08906374593857654
0.11655711602608465
0.12812524868928407
0.2462794249823913
0.1436466158940246
0.1676291107266847
0.07221330364378803
0.02534778277777984
0.2325452845250835
0.20647339879068805
0.025563498093400302
0.17080659980774932
0.12201867329571947
0.11561572362195448
0.05399384751165846
0.12284937575211045
0.12975543068597112
0.0514261429515591
0.15675014866540138
0.02531825972962301
0.12326184298145808
0.120103336982123
0.10105500666903
0.06936764287528857
0.12537782793191773
0.03050130823870485
0.12764340273636385
0.1274295213107208
0.3946742703618434
0.2537253532226564
0.21107187641485348
0.1868935522579057
0.1669216812713946
0.196650672699958
0.2885260922754297
0.2183312028666744
0.30314900058859445
0.3141917766265925
0.16773248778999744
0.14048548419958767
0.06788118341863128
0.1797053694979835
0.18321509771866254
0.2839251344678436
0.10403081505488576
0.3451580836695697
0.07948256458679481
0.10563419047986784
0.16817957421357907
0.12380464253611005
0.025548839508073504
0.2727248866783
0.1861490767838564
0.09576820079980863
0.17845370069697525
0.1433270818897084
0.18398514556613768
0.12360401473880672
0.13107315550277965
0.28425276623149964
0.12097535464352067
0.3136738981076549
0.06586877280537823
0.2535619602900124
0.16575589212937505
0.14885642399887195
0.1748647754096074
0.2373026484975479
0.3341965253508205
0.3002045943704582
0.18835280975572785
0.1534468962071175
0.313815439152934
0.19945900325971444
0.30286594782959675
0.25144544127571056
0.2467278406242137
0.3133093911246613
0.21890457143981945
0.17233671727172592
0.1740624317106413
0.13018825570065368
0.14519753432946814
0.09828777781942236
0.18519768522164265
0.2909865871893767
0.011172375292845906
0.1321375382006578
0.07758915653368348
0.2726319781996809
0.11053181688315876
0.1365295588605484
0.20030312335831446
0.14289602568077772
0.13223124774223574
0.2278617442501409
0.05883746884053455
0.10849946278493224
0.16985494899436654
0.18273370146406548
6.2872751693005295e-09
0.29794585220929864
0.1332680134327698
0.27714765084041565
0.1506988311349263
0.1650873284617055
0.2799389696165441
0.2266078931844935
0.4315513680029973
0.21165613308659645
0.3810301331746059
0.3969001675030366
0.2376459617871905
0.2348811911735498
0.28221560952873265
0.16445936540660416
0.10121261992132588
0.11637901522927993
0.21974450808138973
0.1567800347448118
0.25295512236265705
0.1333351071222805
0.0764316868490769
0.06629442373647958
0.19872551518853449
0.05866347495141697
0.1959092570957203
0.18877730033066167
0.08553188272589952
0.15058156181430812
0.15728422262214675
0.030536607572296693
0.1041318115204882
0.15477629963108927
0.02570444376077245
0.030246083430924588
0.12225955097896768
0.07656013948250617
0.1347054891607074
0.15465447412556269
0.004000660522031206
0.1458671629113208
0.13468513025274734
0.3996203482391565
0.17637405409464504
0.07804619273132342
0.18414636567552656
0.10826820894908998
0.31123753313665165
0.14101234362904794
0.15332980471363672
0.05186031091230239
0.02539860770038058
0.1150648198488748
0.1270020738663515
0.15694962210824231
0.2480275648144525
0.17530177549521536
0.08100616432966562
0.14284664327472435
0.12306031758497947
0.08157994573816459
0.272904565247698
0.2536551956329861
0.147932790481768
0.11430047438449438
0.17093826473406748
0.1377356356558968
0.18022001823387093
0.07629191106149197
0.0641261386158379
0.2264044440351275
0.1752812437659377
0.1512142445956691
0.11892710449607515
0.11938630252981867
0.04614858455340992
0.12368549666449445
0.1373491927282356
0.12076228067987213
0.19623801801006796
0.18347583910037646
0.1807329349321576
0.17228222215537914
0.0646760339892422
0.12645184370675142
0.15748093774952449
0.2697705117881781
0.27207864082631705
0.2667950094410965
0.10669269686570756
0.2816508210973704
0.25097305609579496
0.1766791626882816
0.23033164109565635
0.2855328797997552
0.10854442094415948
0.2291022349396417
0.037168864237113394
0.025376005551223213
0.11313588877178048
0.13991076813759806
0.05909253953084102
1.1292226652742732e-07
0.3516270187518281
0.2790389530886944
0.0582939415812517
0.1048038078655643
0.4357342283344717
0.09778779557054812
0.3949581144290752
0.1272141192507356
0.4059090416349593
0.12615584879957736
0.025397137342355675
0.07609666754255195
0.2999073595083642
0.14119122670382792
8.85536690870412e-06
0.2237335116002344
0.31998936419590523
0.025377436526826683
0.0524270641019718
0.3939290032666199
0.15084754989030047
0.15224944923764644
0.2973725585201188
0.3168324119312197
0.02594721258035209
0.0778691846903748
0.07589642663607042
0.14127187239051722
0.0906952434089344
0.048145817209553535
2.495543201516948e-07
0.03727758804683837
0.02674776610323055
0.025375982654961316
0.0582475262879911
0.06876661378894877
0.14587657040991375
0.10736626353876333
0.07705955881459463
0.26044576877810643
0.2715465125006694
0.1716884048136948
0.1983094856686885
0.12129652473682538
0.05263321917140112
0.17915284600871595
0.05576469284895494
0.08351240242736294
0.09824156864685113
0.07447820598138749
0.21805836480545093
0.02537599440069118
0.025616444174651587
0.0995379288469949
0.10515165910818876
0.09139385402162736
0.051467664645929764
0.14607181800642632
0.0254233563689894
0.1044516801430965
0.1815571393110059
0.04849534177588302
0.17321888712677666
0.04742988138061167
0.09964279612140274
0.3112732632022482
0.2727951950874016
0.10943845015554332
0.1746157550914092
0.2665918121947106
0.02546906999481393
0.026338793440771467
0.10398135410310648
0.13087346958421828
0.14728769029990138
0.18023783695201429
0.3301322316601717
0.431525037173269
0.08499407194452477
0.2322141690161078
0.18040898510707068
0.2550234553355
0.11791659415265017
0.31289112859245194
0.2038314809950513
0.11428481766443822
0.08676746379657352
0.435613249747288
0.12081504130194465
0.3595189761464046
0.11794762714240233
0.12105197338634842
0.18535563128122748
0.108904672655199
0.06777995912951232
0.076665411871276
0.08824661833143964
0.23941295975937985
0.13421825385908906
0.025609151111559862
0.1818829549802467
0.18053093820489588
0.2290617723383299
0.20179409298301731
0.4268949908186549
0.2957606715935436
0.10456891730441788
0.2789111739209927
0.4346056869511022
0.16839189117353745
0.02521911560585842
0.17914842863194713
0.12339996349579525
0.02537613045444957
0.17412057500369266
0.34891809873577473
0.09861967635666066
0.14775191906181395
0.14757440867017876
0.4248611371428683
0.17252974843808752
0.09315259655464636
0.13033877907226452
0.1072592902315435
0.08477905024595195
0.10355536556754803
0.21500872664794607
0.060452736483846276
0.35055090426156604
0.1301735114545048
0.058322859320691325
0.03888797436910539
0.0775948711207587
0.06494361091603268
0.056778521799901886
0.09948323022009208
0.21090709175732414
0.031037754459089982
0.058727803189146485
0.16652490144423251
0.18347920477570545
0.18201793505297936
0.09017271872994884
0.4322641992410049
0.2695538946871123
0.02657063883287749
0.198821196687018
0.27307714520052634
0.1356528517626539
0.02536413697045068
0.2852248848048449
0.08201106405597147
0.09692204332647382
0.08951195472337219
0.22072570042373066
0.13957083608853596
0.0657003160230024
0.17416184318420672
0.4338161494399364
0.02553971092330265
0.09019745372333003
0.10484168046433333
0.08896523266431035
0.05810232338969105
0.042648548519405
0.07441172169654359
0.05826973796739807
0.058918384241706735
0.06781599585745547
0.1956007564281257
0.06062498719012245
0.060809882661564986
0.16818142069074854
0.110729012132951
0.3270275886337053
0.2653193294840461
0.4071937290674356
0.13562135626970448
0.10941258449621953
0.17544407188893096
0.28758478709450513
0.18766085844712427
0.05552396353889532
0.25681156277526285
0.2201740833772611
0.07573299711157977
0.1516808277248703
0.2391430773370371
0.1756099983052878
0.07522848185174122
0.12508498979285776
0.140566483047016
0.1740153561252636
0.2660480711433991
0.1807617513830539
0.06007551251024147
0.06947772639869809
0.17976069714450288
0.1252999091796965
0.0854501691715796
0.027795863153453827
0.0919992868410301
0.06343379243965859
0.025376758238483267
0.04829746951714089
0.025389594115845442
0.11165568037612833
0.025419122762051483
0.07396699252047964
0.3500678584999411
0.15823789850695635
0.2279499762106904
0.42451504867975215
0.2860868860162559
0.02544125217013653
0.2484839179776057
0.12266263637594635
0.1005705548034982
0.025462726172711142
0.11810790082442395
0.4443237535061533
0.12097460602225008
0.1894128052648231
0.12650141891976752
0.05288798498517964
0.05209301253170039
0.2484983938880274
0.15723108622838414
0.15859146506535307
0.10522510382402783
0.28677055766969595
0.4324442861023364
0.21648624086023696
0.17501934958313511
0.13956875458408402
0.0888175179235608
0.1798426305117013
0.1063713715570173
0.06904538514143106
0.05907545777065072
0.30404133310206005
0.22067240173154595
0.18188186234245435
0.2115897645841157
0.4329388934154108
0.3034914961641949
0.09070455401287927
0.21027773892352897
0.16991330095487736
0.10678294596042312
0.062302459781643685
0.19238233826334689
0.13221716433916655
0.025375155161470528
0.16010776177921476
0.2450109893244609
0.19580539350334933
0.028278219294446863
0.12366500376360165
0.10130646527076036
0.13397797232709882
0.11055747138689516
0.03150806441488972
0.095116803148761
0.1193081848431738
0.11152813618645904
0.025449811295009128
0.05808786940980605
0.026084030232228345
0.1433471118674486
0.10150700671437683
0.02641612559894808
0.07479211790913462
0.08950512508265293
0.14552831692535995
0.2434435508405709
0.18305677126581069
0.18482887402671147
0.22152609043819926
0.025493120222222485
0.09312213585320564
0.33268301507037
0.12243621417755805
0.025549154001354414
0.10177549381826906
0.09698059752978966
0.11237531487749727
0.10717886737164983
0.3412002381723054
0.056860253158264734
0.1204054615588311
0.05824552677693171
0.18215597286117372
0.2388079793316353
0.2547760713336743
0.0967461705349691
0.2762689773259706
0.3284424019985257
0.06425580510294912
0.0525634152631398
1.2520513464351958e-05
0.025547813501834157
0.05989098946597742
0.019115355031652955
0.014172627764692143
0.07042368812550566
0.13976222218926135
0.20425990376466632
0.017608923724963036
0.14765778321767944
0.01640122130434336
0.025376878030194533
1.0100325761124114e-07
0.0403744982889323
0.14522496770664484
0.1710543119291587
0.08638548307735999
0.1991091870019049
0.025378845765451498
0.025376643124084868
0.1620845346916314
0.10685358934154736
0.02004029676089596
0.036967834580391865
0.018457714447452048
6.859514720218715e-06
0.05375255915672219
4.603459614037574e-06
0.08173807441864743
0.05174822226894563
0.048538708013962734
0.04488933882167817
0.15458677110153932
0.02138186815564108
0.05532782986702876
0.07982296824081025
1.3323577400561995e-05
0.02687255228125959
6.8574397092593654e-06
0.05268222891456068
1.3266561905343067e-05
0.14358595837357815
0.015325475241973531
0.10083144709180628
0.034853049839924696
1.3483459953496347e-05
5.707920614821685e-06
9.051963108859934e-06
0.02537832791939276
0.17011790525673598
0.02553370724864546
0.11046900296490833
0.14465102928795032
0.17500910716576673
0.16305224029753512
0.1866735886522428
0.01832874347899593
0.0768860494711297
0.17186393757557944
0.18156960118299825
0.0253730386137634
0.056006801469069535
1.963801005129274e-06
3.7259993466622772e-06
0.049188217353603764
0.0708113305508577
1.3483459953496347e-05
0.12467532184643328
0.3831290327002509
0.03042603962923212
0.0963229866238828
0.1806731266159731
0.06460518267950591
0.0250148810482694
0.010039867044136673
0.031049114290662545
0.15547343041421047
0.028411915365236132
0.01939549597384999
0.15184081061973834
0.08561436343556919
0.07002106897524031
0.023088863909300133
0.032066246288230994
0.029759366443080144
0.13978934525946196
0.05818485496275388
0.04042964861755822
0.02537680757504836
0.0934773681822719
0.042628555343999064
0.042928756299539225
0.050120884623641664
0.054441868093181515
0.1008148994524818
0.025871020573337185
0.025380554052251026
0.10846039641377556
0.07286936951198772
0.010393534673094902
0.025378099146865247
0.049936626888591504
0.02537814747041641
0.02536625619722414
0.010306521733675965
0.02495795859460153
1.397041508152652e-05
0.05136690662302534
0.025398018260418757
0.04398066121376193
3.886106783422837e-06
1.3843818746944033e-05
0.02540568295824517
7.1275469304697345e-06
0.011343221009557
0.04473887280603256
0.02079439901593955
4.166777601041411e-07
0.029235686760483187
0.02559505927505675
0.04985635872118458
0.1548483734492091
0.03335063829647941
0.02535845506057919
0.02538530064756444
0.027756579893957148
0.04684311906795175
0.017788486839253482
0.025394426635389884
0.08362598356401213
0.02539230870459313
0.025560651094355367
0.025376230469266268
1.7597349608673826e-05
0.13458140651405465
0.025703193306075886
0.035158341478460316
0.08000922484903301
0.025379662831457633
0.05827119571717131
0.1548586367815787
0.08313834950249192
0.026039344449318158
0.06655089833498093
0.08417221344302141
0.15747388065375775
0.06454218805506973
0.02379596260048546
0.025644917584885542
0.058189272907284616
0.2265908541987075
0.16378426775771748
0.025252825026980008
0.15316778424014352
0.055847662074419886
0.06862009241547921
0.09669966730719047
0.10741738151121806
0.024610540326316724
0.09747103133555517
0.20586083331007432
0.029138238031080264
0.1308476437008312
0.02441706368265044
0.2019504752901311
0.11053934974722407
0.07285218206643049
0.03055560566863887
0.12123051191345582
0.08741512945090409
0.025375471285606115
0.2847905723746415
0.1597765284806232
0.14219537243233074
0.025612160542553632
0.12647403780001604
0.15255860183145106
0.1221669920693026
0.060616523395789185
0.11631055349055823
0.09758435422401633
0.08127852174673246
0.049069846100258066
0.025868453452610813
0.046326402290274106
0.13737682382356278
0.07782774723585695
0.07887755563257606
0.025371632782095786
0.025394730941910828
0.02852194421949984
0.08815226644956052
0.07802160121289275
0.12852442462084876
0.09129609978035397
0.2345284251493687
0.08276689796770731
0.057417643862032235
0.16892343628435152
0.061154456853559226
0.28455843444093704
0.025376198029893843
0.02561139558572641
0.06250021296520059
0.18053723079667808
0.13593056026609102
0.05152345113510054
0.08998862856689861
0.02561532825349503
0.048217598704775
0.07523133924948121
0.1055456493159999
0.026413407962083864
0.0855288825558511
2.3236979869108528e-07
0.03127597050448619
0.010261288642176491
0.07354121241330125
0.025379002364921337
0.06047379274128448
0.06751472820760115
0.09262438787300477
0.08253316078158676
0.11331291540834733
0.047232637472144415
0.12051642879992827
0.10888175194867744
0.05216493099264312
0.049618119323085935
0.02537652195350719
0.11436309797396442
1.824959016461746e-06
4.94034558216368e-09
0.025398208851465397
0.025369475885491752
0.09506573086239542
0.04082997332642151
0.2773361626993063
0.05229155232953328
0.051405544523697055
0.1810114603638789
0.06659649204718794
0.010031341778108964
0.27362918868642416
0.11941676857933753
0.0174813226099425
0.02594029123424052
0.06020830379191525
0.049687751621077095
0.05147411543458474
0.025383780616373863
1.775755690158629e-06
0.13176594783503934
0.025376570084639852
2.1602919460212269e-07
0.02711282698400998
0.02470031196188931
0.045375765070044934
0.013904049796716821
0.05256010848555186
2.8283136272396062e-06
0.010060956933986386
0.057111677297134525
0.1265356364575268
0.05256600311457429
0.019380623664491663
0.06363176489551049
0.02537809509581194
0.02537642487064694
0.011256596696985664
0.025376107739207825
0.08320967208103804
0.2454455612604823
0.02508354372126721
0.025407938111645857
0.11186771217814877
0.05601120645822672
0.04088897234648421
0.12458655686699137
0.06897148222164066
0.17245995817178714
0.007945250360299852
0.16771426971306289
0.025373080746050592
0.05533274314131894
0.13413370028401145
0.05937245743784045
0.0228089714374314
0.09139559474940713
0.025378011891893502
0.025379311326397404
0.08848117972485364
0.025314416010087392
0.025354089418801504
1.8223175154457528e-06
0.11094130740270483
0.11062196099293743
0.0867887831789967
0.02382385046009232
2.8283136272396062e-06
0.07794310133744578
0.12522193754329594
0.17753646196145495
0.02570816277199431
0.025385668125079367
0.015953969674447614
0.025396335756700663
0.07554061609819747
0.1709302498402121
0.13203288803841473
0.05797369862928797
0.02537668069165968
0.07637740003010256
0.018490585700635796
0.07907736644186518
0.02537641417852489
0.1942556178822333
0.15557668871897645
0.17633094701005927
0.09630556261065253
0.12796856305462045
0.025376374844079886
0.10304544007943203
0.12284089797440782
0.04823710325985797
0.2233235317884484
0.02537954738748222
0.14401765132438168
0.12495343712587972
0.02537590766943704
0.025616233653292384
0.09952731389258453
0.1567535887419834
0.02537963877597701
0.3315703668043629
0.12848718254807542
0.05314941460750314
0.17628077615882445
0.015108606340451376
0.07047164837041693
0.044402932735097884
0.1970233233172356
0.1392058059380258
0.1060605648260616
0.18145728447081136
0.02282130067970825
0.4332828928150227
0.029221634272596855
0.17034402829108816
0.27183478685121154
0.1866620557201487
0.1030348899335666
1.9451249951957285e-06
0.19642268742002225
0.06644114070181624
0.08066082398337195
0.10727107517590548
0.035514489222168
0.19455883275616695
0.29112800139748163
0.22159022409664175
0.03335114386654189
0.3812534919179568
0.2519789471516151
0.13434633683624694
0.10797405083423862
0.2247569505803992
0.11309528848412875
0.18913432551511786
0.1285393115319425
0.17230964834166804
0.1919340300315649
0.15053139752755
0.1882155036820904
0.07079259376219614
0.13153724583392973
0.0563603845814909
0.1165236342330202
0.012038617561439254
0.025089571849939842
0.05894268784741865
0.07595938109079907
0.113333800443635
0.02544355080065428
0.02537827329769242
0.026075687129854547
0.200957028713276
0.30778723890015525
0.20858292697523995
0.28708183305680063
0.2961985794115354
0.16713581648670922
0.15503828049520435
0.05152507763555867
0.025393663015145524
0.08294718093954745
0.23601165288582665
0.05863893493708155
0.12056997332309514
0.10150423791933078
0.09326308285905206
0.0605674075344077
0.051369628658290915
0.043579537150231565
0.07602265985066024
0.06351234363315619
0.15533326650556192
0.02538181102419165
0.1217453517705514
0.16579731905741846
0.21935082612776224
0.2003443837649617
0.19912149462754314
0.08147737746159907
0.2155632557922796
0.10098252727441837
0.025585775566339074
0.08346826249013428
0.06077560999848074
0.0863321161621985
0.07343572605946437
0.07990064760031307
0.025375999422166583
0.12272781624191965
0.04845597170904749
0.15009504339750346
0.10621024407875364
0.060576474765600186
0.06602625538215598
0.14892588039893934
0.1934911627684273
0.22993850110993125
0.1803282002517416
0.18344820285989702
0.2450938277411153
0.20349342572912452
0.15277707688158731
0.20828492574362426
0.06002827576228121
0.02537723648620307
0.09462392419463678
0.025375962609997242
0.06729275632290557
0.08542317602320627
0.02520608299823567
0.09343415769943217
0.060465425939905934
0.0515603240301995
0.02537359248386657
0.12632652224088306
0.04810852820159695
0.2339150041962753
0.1649519543181742
0.12798226735822715
0.15134159835298067
0.15722059385426448
0.05574069304226405
0.10790881334121577
0.05001287653591405
0.025377895072120432
0.05216585384504095
0.025977080937353358
0.030770362110142457
0.02537711649206651
0.06988246678840797
0.04756391500441658
0.024994497627928845
0.10185041429806434
0.0218934666931864
8.031936303667899e-09
0.05642985331776908
0.02537597182147139
0.2149986912560678
0.1517280321295797
0.22461422601819905
0.3764949247999084
0.1785222564914927
0.16107586633004764
0.27867917409877674
0.10672313833513976
0.09054217751753377
0.11106987684067617
0.025307940023008204
0.06836413186899963
0.05216435875938577
0.02508650471809813
0.056090094212784866
0.052930783349108924
0.0572551865619475
0.0645371046992201
0.07121015081819422
0.04387085627386173
0.10195983559386172
0.09225779734688586
0.10364176301016764
0.05140286907504092
0.2791404520592493
0.3651061298845208
0.2927557370195994
0.2898922063010915
0.15054454084643334
0.3542347985351189
0.31138689436271866
0.4228563269414639
0.2642242522311638
0.3236285189564549
0.29012896728806137
0.2318985768536563
0.3109412210737546
0.1947036611837328
0.1094631369616732
0.14758335798542244
0.13022478903271467
0.1491913270482751
0.10444964287015872
0.08136893036578181
0.050331330067038785
0.0611638917840346
0.08762105552936568
0.03424797972542051
0.05841371329458344
0.025821343220944058
0.02537866564180248
7.657665631586159e-09
0.05181241012168803
0.04771898369873746
0.06022773992523684
0.0489367939795286
0.09317298575260896
0.02148687722702153
0.03441276567988308
0.050587731199160095
0.15129192964084526
0.15686524622714534
0.11166723545433484
0.3673170449638278
0.3199429548178212
0.3145003594028408
0.38319861711392617
0.2348346894267393
0.025378003808770325
0.017618573849060057
0.0721250713472149
0.025369749177464138
0.025394266189336517
0.025409221944904383
0.0253957046465394
0.07564981448900134
0.05190065841566893
0.0514885975209226
0.026079399578823288
0.02534138950872931
0.025377483799148868
0.0959037411786625
0.17469543192516152
0.023539261232467072
0.04011690273550832
0.10703666536547883
0.05328832429448253
0.08912071022797463
0.09586630181918716
0.047136390247108986
0.052437045666443714
0.08442317282757178
0.047767273031918835
0.04732992257866512
0.08703514386435808
0.02289694151703516
0.10359073343681398
0.11528027300301785
0.17675758277485384
0.22652658728347266
0.26544682930134744
0.2865862320357488
0.21519333238080884
0.09447958378686758
0.19032699070907014
0.14137554078996134
0.05587172908766408
0.08141851156572323
0.09543891578392108
0.026181533604442687
0.11120531723940026
0.20470149770395
0.06268760505260068
0.047733970891936636
0.0812368250245862
0.07669738014589475
0.05164672036921703
0.07776581269290335
0.15452698046511287
0.0972395639933575
0.1079297575925025
0.08942104267344403
0.047445987371678135
0.06798343535778004
0.02546060411378607
0.1731741764285031
0.025375976059070226
0.0502075620633464
0.08869555927607514
0.06337793604872964
0.0255448300552823
0.10205918584285524
0.09110422129608348
0.07066365165292847
0.24359783490147946
0.02402387676216569
0.16064939425135796
0.09919742885918503
0.06507591315396481
0.09910793763222453
0.0576588499836095
0.2453096230191644
0.4134747215742072
0.11433077960127733
0.16608287094661478
0.15304021580608587
0.11092842015261364
0.09521929689698806
0.09297292911913203
0.1489711104610658
0.1530629739132021
0.10081062811725702
0.2303579814151973
0.15241567347728785
0.06912674824410088
0.027909966827531888
0.03190801694503488
0.050042767481698086
0.17977583554036833
0.03027657624853788
0.22190503692524785
0.210279286797788
0.2309324471593261
0.13709632967935642
0.2378407020273824
0.0857708745458272
0.053962770876056484
0.07586847023367484
0.1071165994518081
0.055487886997290216
0.030657596408066395
0.07153038822854385
0.19228753377478214
0.21563526916928996
0.09154358637080633
0.08014686214990491
0.09949252924858963
0.09735899620206503
0.17051878894063946
0.08157343396349477
0.23141805861871476
0.148809888789208
0.10620254848829676
0.02543316077794922
0.15538487758558467
0.12599540748569416
0.025306309746251768
0.05828543284261365
0.2363537743375433
0.13036283703024407
0.03100317717917005
0.21745380538114945
0.24135343682957225
0.0992031569442992
0.21210785870338555
0.055208944297252725
0.15066634598966594
0.0632917442723813
0.07695941038134488
0.09697414125853376
0.02596060699377592
0.11578956484094625
1.4610311495127685e-07
0.1259660187826613
0.10291210927377
0.04892761267745934
0.12965757638900927
0.14356286073854138
0.15736874885821714
0.07819550187136935
0.1910036318258959
0.034418214726539886
0.10130943311242342
0.3443513572109243
0.23412088859159935
0.3645535749520843
0.5513510764156409
0.18674801865231871
0.04813997854227806
0.025378746340943642
0.022634911637931524
0.2087044924512372
0.09736598424312076
0.2853895738089573
0.22906036437497884
0.0712913674560965
0.07882189900056111
0.1475608857551194
0.10107506684192896
0.14362661967133386
0.15752296617970732
0.13375329362002716
0.22497460157231666
0.4071792219041823
0.1877015156614235
0.2862606531400322
0.16452775409728865
0.348839351629169
0.19953930092736155
0.228635146538475
0.1912998375451476
0.417001271077535
0.4105434763428653
0.3302467562304173
0.16787342311370554
0.3902828008739061
0.4295455830537511
0.3601802970909274
0.16153197232389127
0.4101237940743577
0.41860134900243495
0.3512881915354069
0.2942452898732381
0.3896898472555291
0.06960506106204804
0.025087822589623582
0.1524451481744387
0.15310055939779307
0.07619929779758121
0.07829610394172155
0.15696952343127266
0.0979025943366742
0.11416193615712412
0.08195662465273658
0.17821823413990803
0.1337347209608509
0.11804963183791607
0.04728748998882711
0.1875327322773573
0.2109136392668376
0.057317462666306475
0.1056279204105476
0.16214396553750424
0.2833311892147766
0.16408378898009288
0.13765436074341264
0.13318685189065654
0.0978377379988042
0.07665120576738099
0.20977814039387135
0.11398041395044314
0.04739562779587316
0.10405359137181057
0.09854320423653072
0.024233594180349902
0.15350794949212776
0.2049534564814485
0.02542359894068866
0.2345160201373689
0.18057214974187852
0.053804956739843084
0.07096975411702526
0.16405301296203625
0.04958031731011451
0.02548124897483725
0.050115420244245285
0.17230932351957642
0.13027489024945332
0.179504430460989
0.23297026052120426
0.27291011317749386
0.0257099392996064
0.0440667705474479
0.08279867245677099
0.2624561130082097
0.08740621828451554
1.982732808978176e-07
0.1274321372206369
0.11132419117545723
2.61061166337624e-06
6.915051015835742e-08
0.1035282553195221
0.14566849424526754
0.014555802188923588
0.10584956112964206
0.4348485092451326
0.12412968656747718
0.1626196246585186
0.06940990576694235
0.4335105671358877
0.1684530315591719
0.025429296917354932
0.2201708558133901
0.4352917283820105
0.1094377964827051
2.5326572331643126e-06
0.10254643191777188
0.18007092547901302
0.09794834765112204
0.05241911856814091
0.07407638149756593
0.05308018111159513
0.03362003389893083
7.142624092292284e-08
1.154038888671512e-07
0.03819639593746202
9.054461575645071e-07
7.818104891990902e-07
0.08919926163743952
0.05480033483740996
0.06395335845202764
0.21030208751630688
0.17462056376191776
0.28291872711801563
0.07886776499400422
0.2845000715168277
0.30529672849565553
0.025376297490199276
0.1710724865043301
0.2828854956726495
5.229495998477197e-07
0.025393041594427655
0.07949588028175153
0.20485627036115134
0.02887102285242679
0.14360001554752966
0.10969395417617668
0.1991203145170917
0.0820825025468498
0.1925067191835944
0.4350174009442611
0.025404014391532597
0.10480381684916397
0.025379846243698212
0.037244951026857466
0.07659255493956414
0.028410522022484425
1.2368884223096992e-07
0.02538753642641364
0.02538111137572632
0.02983313379056674
0.025382335350683537
0.06160260636803869
0.07115694950972884
0.059285173514579625
0.08067586448801456
0.0726638521800109
0.08643468942636906
0.17441443343463653
0.1165150269424798
0.12236898772830693
0.09881660059958224
0.02861143591587685
0.18589316124042948
0.0254876689982094
0.05822019892490169
0.11256221736184828
0.09922302798654996
0.025530868947047463
0.06147677505789504
0.18664325166849274
0.23085834681701525
0.025376356910443338
0.05758766161945394
0.2176903260623972
0.3304897142949137
0.13570090058028034
0.17678896138712688
0.11772030317736007
0.0030735915934853014
0.10299005588709627
0.07636805008896468
0.04552683240311448
0.07140244239119971
0.052092691516294885
0.11070677835256604
0.025409309047862236
0.045941216917320435
0.1651378463449119
0.05667603732204755
0.06741124122770246
0.1399761452721816
0.15771764164325874
0.17155124726123955
0.07024946744438412
0.07943212314601661
0.18017152600356506
0.26332419714034605
0.1684796592082145
0.4336914446722945
0.4335837312838157
0.2970461520273891
0.4193893733233628
0.13678355978597306
0.2284462765898409
0.23860471823927745
0.1438787282584674
0.22011823759516275
0.27978531559884273
0.2027662637871872
0.27841842273158457
0.057769356163973
0.0805780347407094
0.02624348786053837
0.2019841313434025
0.4124054592786832
0.29416782043381645
0.3050609165093263
0.2005871837251887
0.10814874251318088
0.0754508929454108
0.1878595863502001
0.051890954084937185
0.08315072124653246
0.2598691582847606
0.14726389696926634
0.1877862591761897
0.2913710269201901
0.0979208459643819
0.21245797042176653
0.07400863975322028
0.2357749792160809
0.10705396731149627
0.15189828812513514
0.17818982966928185
0.24183407483456765
0.11467480602588236
0.2001473078296437
0.11109993047681917
0.0762588953075825
0.22036743707205586
0.12152495151992615
0.23103324085077856
0.00868179537968842
0.128440376370361
0.0991293496599074
0.2662376505842832
0.02761271474735464
0.2294067425014379
0.09763403003604217
0.08195014594349488
0.1607255029472534
0.06011275959810587
0.0960807412676154
0.1529733168126906
0.1270401288257897
0.12763110717566412
0.058319138373794724
0.05521038498498063
0.09458516025432173
0.06343138941232461
0.07763228052268349
0.005916770702657162
0.12807586311726127
0.06196263790388085
0.053242255607476606
0.1583488624679437
0.2213578306619388
0.07702116051169745
0.07698182914989449
0.19927885196281026
0.25478543524157954
0.12289086238970455
0.2047249574779988
0.013824059580210192
0.07716591897612725
0.26593031273526163
0.21096650489202254
0.1539866753534901
0.21724645520743965
0.1458913273549813
0.11729387548021265
0.07968127200391881
0.09407510999846516
0.1875995457964103
0.025375336603850798
0.21734009113722505
0.18402143184624573
0.057618173001292086
0.15393556059703736
0.13660963071680812
0.11958013811032335
0.12376497683730202
0.0185502181486618
0.05229241364662537
0.19067123436556724
0.4816749726280681
0.41420574646524855
0.2754211251627702
0.0628468320332427
0.0828187145242914
0.14756460044219827
0.06936820901713273
0.11636497547362447
0.13020309354771772
0.0055510949838069
0.07431048266683073
0.06963492179812905
0.20743450745497607
0.2462723635391872
0.051950758570800185
0.06467643575202342
0.069570133795572
0.13772248016682814
0.033403633992438266
0.07945110011823424
0.2729655587152395
0.20248690400374567
0.13682459545811473
0.2975386217662032
0.05275364615120623
0.08189453001917926
0.0695858006627813
0.10185172911364024
0.2092877923724789
0.05044286915355777
0.08950437742643344
0.01294339156345053
0.12214169036326834
0.025742378929577408
0.025308923382789568
0.2344335149031545
0.12503607317010526
0.1873418670245079
0.06302543876892208
0.10358537100223383
0.2691167664420991
0.07365841936902065
0.2961179780761691
0.03992563562922629
0.07524630314430364
0.4355008878280428
0.4150534965474607
0.18684192871349026
0.11039736573959584
0.07669127996331533
0.025376146405403355
0.07034203651707498
0.07718553083735111
0.11811988024467275
0.061809685742244776
0.03406949453475724
0.025380907748425715
0.18586047971952102
0.1570303139187384
0.07460693317268183
0.09091005281212193
0.025384674872243083
0.2052324673384876
0.07903924820924052
0.05456958041128141
0.07070811188348383
0.14832959545079735
0.2307125615535463
0.1257740236801086
0.4171833127135957
0.002625964130302642
0.17407482534657712
0.24386480234665514
0.3071450616075664
0.29292675436817395
0.42715692003317135
0.1168985572933538
0.1327183718076333
0.12994096567333258
0.12823935398634884
0.05839751474695475
0.07384420510084347
0.02603993297717851
0.04750814515822032
0.07566593205217861
0.1302660686043436
0.05757102356308918
0.1528168216824556
0.0109199576596551
0.07917086927751367
0.2278776562260399
0.1956431749188672
0.07750356254175468
0.2334550862961841
0.0732943124931529
0.07434270934830375
0.06163651456808991
0.27371076795545746
0.12318088209093385
0.30257616695297496
0.15595204407114224
0.12548974917987668
0.12989771315826476
0.1453489053233447
0.3060826246201841
0.1148621166693281
0.2350896519366673
0.09098816059618037
0.0758394545865005
0.17442139322425998
0.051942425563379406
0.0737671741780789
0.149171668929792
0.1390701445039612
0.049394817936750525
0.19816326674010365
0.1455220810793322
0.21947426732071348
0.1331325867612997
0.06739545259265835
0.15694374868678432
0.12532437719918807
0.2876165231220488
0.004396833709209614
0.15200381383099654
0.19309074797203016
0.2304919603685311
0.21391886969644194
0.313573567186552
0.1904719606668156
0.15019591955595818
0.4144244676874388
0.12207359283210555
0.14291654601367956
0.08460861662913237
0.17293634738507202
0.2181441822685178
0.29543722349932666
0.22794116889200516
0.1216195472216316
0.3651917546940143
0.11494729833722818
0.08010629256908824
0.0932009706967183
0.2262095496002001
0.4345761529227225
0.05051749378231355
0.3128765228587386
0.2731347097377267
0.22470972707682066
0.08906934612631404
0.1323239343157752
0.15521794126175226
0.15051007619597845
0.060437965865430765
0.02537672115394781
0.02537413856832032
0.025347131048647872
0.02538087561993165
0.02537585161159278
0.17262052957405508
0.0253755785357457
0.06368865810577076
0.07978897244261411
0.0948686706164208
0.07188113551202831
0.025379190523894167
0.07540644259926235
0.032351540167991466
0.050619966596576325
0.02630049400547928
0.14734840453863826
0.05989305528805886
0.09608256723383622
0.14046615325346376
0.09514434251084844
0.05100695761295087
0.025376412782601755
0.4315579185093152
0.04399474464343322
0.025380415472209837
0.05583330262115991
0.15774078225882698
0.05730292227854231
0.02607562046715399
6.036208275044464e-09
0.049986769470846064
0.025605158191092863
0.02537591718401273
0.1120908376758068
0.02537610077588767
0.08981584153891244
0.05192595761519882
0.0255398023146718
0.02537594028895459
0.02956774905003558
0.049594360739614464
0.07835697563534236
0.025376489296583853
0.058391549742311415
0.025379445212495456
0.05104922394763945
2.1664536744818334e-09
0.050213932411752114
3.221232162441283e-09
0.05123880383037306
0.1246631035230972
0.04948192731321621
0.025378830149142013
0.10248407617533502
0.025590878639029476
0.025417497490560808
0.0556629281254104
0.10580545961220483
0.05686524193609081
0.026341664381968645
0.031976825245450584
0.025413746557161374
0.19225172688007108
0.02547290522075641
0.02542262320255351
0.1035725096680897
0.05032117467907145
0.047149690318100165
0.025376517276008908
0.031100691976761127
0.10454159000002376
0.027610443546111682
0.019888206037053185
0.06137129641654929
0.025371340492100526
0.025486251462698232
0.02537595947307557
0.10350319333804713
0.026744638308143158
0.08090184295505558
0.025480866145315948
0.07159467478847563
0.10725763135520648
0.05949897984921426
0.025736398883441747
0.025376067531249817
0.07824439841874327
0.15392977767785
0.1846014856290008
0.09753655663222492
0.19256368923310074
0.11214800268786423
0.08604820715973847
0.02419503329419285
0.04999400690541034
0.09507839223894538
2.122670368247405e-09
0.10552947900316527
0.033673251073289334
1.7743891086441074e-08
0.025375967972597845
0.1007282042755539
0.025375949857751504
0.025376015650412132
0.3189258749496013
0.08989430601672271
0.15774165809403484
0.02537725919592294
0.06918879653951612
0.0894177959921078
0.09121560460336213
0.025376176027638468
0.0253759426223364
0.04269964660479853
0.02288264113523057
0.025375975784846152
0.046121853661275976
0.05647072702208581
0.02924462563500213
0.05158190968620016
0.10137381787637552
0.2571530383101805
1.1406578720167183e-08
0.025390270554757517
0.1102682445324805
0.055044597853941814
0.0440101366900198
0.07232974194277053
0.033224933940349526
0.11634805750959988
4.965578143030268e-10
0.18585314835256106
0.1451024908055356
0.025394619397527237
0.030612582685436412
0.06362198235850193
0.03215294031102834
3.11783126999054e-08
0.043153117270172583
0.07444186389520897
0.054288585603485616
0.052701796381661024
0.025375872136222374
0.0740373416355978
0.025375996081130742
0.050133412487063725
0.0253876737833128
0.18367607785488735
0.08601586399999027
0.05518900972503052
0.09634357858134232
0.12973618189579333
0.1103009740356453
0.025376078767341617
0.03645331763729558
0.10172454471432726
0.10046223433588723
9.507525962823693e-08
0.0253755987230499
0.15170918920208526
0.025376011377678552
0.05319185485876683
0.2766145413489828
0.11486951163304987
0.057520825833823765
0.10161007517153624
0.10267985165147568
0.0253823670104772
0.14900744784601122
0.09325783765055863
0.02537594642719332
0.05133463661871555
0.03071287154177828
0.02537604531041845
0.025376334471313676
0.02537565240942932
0.02539379752676736
0.09876901515128277
0.038075320587513034
0.025375694054583887
0.1456045626960517
0.14607463687190506
0.02949470172825493
0.02564721117069251
0.11490425398900905
0.1557812997074103
0.07067755296575419
0.02162564746346496
0.026743969795279716
0.05146627401556128
0.02537578594315286
0.02541514698876681
0.025751458877458548
0.020323512583502918
0.025374671793433286
0.026670821503680584
0.07834489867264449
1.0751205380025859e-08
0.09250583093261414
0.14933083581004888
0.051998855122339975
0.12601698613177484
0.02566030578311086
0.1829682306329255
0.09840652182667606
0.02634673229950624
0.10213224521807994
0.21440847691412854
0.02536893982468244
0.026214582033072985
0.025377003438398448
0.05127290944712052
1.7743891086441074e-08
0.02540178207534869
0.14196723125374067
0.06584763540472807
0.03195411318276657
0.025375977220609462
0.1813670214742708
0.23766865982700305
0.11637948132890187
0.15102290244416866
0.025375950996357352
0.11646643674184648
1.1470537760973126e-08
0.02828005369843961
0.2400770184139873
0.2184415611653134
0.07622740555042916
0.4349465252489189
0.32377740202315225
0.21860935228541215
0.07469389262514453
0.1571953505107352
0.2943332737471738
0.021120198569960096
0.07666319902238566
0.20969733570187016
0.07076378135781776
0.025564822393026702
0.10425632808949067
0.2127157591241937
0.14479784332389622
0.09217650659880687
0.10349826315945584
0.15101800043512278
0.011280957073978626
0.02693537781394351
0.02586407228730909
0.057082284961330734
0.050313878378368065
0.08144412143432736
0.05024107300704902
0.052288749337385386
0.025355868653734997
0.08610406493718327
0.029200254424783436
0.10094250746069892
0.06163262235707194
0.25004913844797777
0.17306807741617608
0.21728440758251344
0.18781264153191765
0.03070980310330098
0.010539787574472985
0.19772102186873355
0.04485319464328926
1.1402056761221107e-05
1.00480093727904e-05
0.07975477515616519
7.89422196714411e-06
2.498327604552676e-05
0.02593229584396204
0.02960394324512416
9.29741344247148e-06
0.0100786083634731
0.010176500285196096
0.13817007385037994
7.695904135945408e-06
1.3574632416845082e-06
0.025377039209684902
1.3928875383430856e-05
6.023699109907411e-06
4.481620876532537e-06
0.02552166872891159
5.77387681621015e-06
1.1029132533151456e-05
0.02538497178608198
0.014004330654647262
1.0502524571866983e-05
0.011089446797378631
0.17957069417858235
0.07448958602154553
0.03651604561131725
0.1721210754350805
0.10935317447144503
0.17238715829593398
0.12999508290330286
0.11480155649555455
0.35330627275702586
0.4385750825826879
0.04271044696294545
0.1551278536896138
0.04026789026256025
0.019760112669678143
0.018437297169912263
0.24888149352058395
0.17190779752829016
0.011028835173486434
0.09403182651354594
0.4336823959964934
0.1719350368723098
0.025379778735918176
0.20069867846472145
0.17216015809966553
0.09103606850366293
0.010043791428801616
0.06785038607484943
0.06844025815682711
0.06535215194269332
0.0804780484495423
0.010036914258704463
2.1409071435926952e-05
0.010084510895617876
2.502006512076723e-05
0.010029646125882884
0.029090803793828307
0.02537766675296824
1.0761211594299523e-05
0.08293754971855677
0.0734269599283033
2.5712312866196374e-05
3.03722454903122e-06
0.025882261109903715
1.716960028529405e-06
5.4904160275380216e-06
1.3538093706085222e-07
0.03518054935606117
0.025415921331166123
1.7823095577668117e-05
1.115172143586298e-06
0.03199904127263165
0.0286055315766638
0.012025092564696343
0.012142153023572052
0.20120470210840294
0.06996958456311549
0.03141918945006483
0.17230425484191314
0.10876235641327912
0.4321468660133446
0.4021749155736089
0.03832620918918834
0.012756266874344693
0.3498906488361058
0.07079107479346794
2.249857003922158e-05
0.03140136983691001
0.11858430820620383
0.02537825152175813
3.431328336778679e-05
0.1995155663146876
0.02610686071040965
6.559657370063571e-06
0.025705590463912315
0.09166758773372316
0.10819542969237936
0.04114943014998903
8.777552681424749e-06
0.011044757913201394
0.025377008952244227
0.005685780377077518
0.012386475510196185
0.02539035684480652
0.05994287541801459
7.04161526317108e-06
3.0926515778815792e-06
1.1547643530827756e-05
0.025395670075152997
1.0065809677595655e-05
0.011453539633243043
0.024950705814114783
0.17659380095378355
0.01736139112109519
0.060854886208565676
0.0559414486595066
0.1007872877592948
0.16640206556840914
0.32737991633244545
0.18050290155197984
0.10894200632215784
0.17185394480142074
0.07614179099758946
0.019640116967747742
2.0739736083440757e-05
0.11159900860734724
0.07634634957402242
0.02538582242715852
0.06722214748856721
0.025559860390131427
0.08980391000166346
0.08170013227466531
0.0601664689916177
0.10224817819149144
0.04758905060345006
0.21508276908058446
0.06572657713842482
0.010239318843482413
7.842236651694779e-06
2.4573676735214223e-05
0.20896766406711254
0.1721892247545535
0.06934245155884383
0.011877429192889732
0.027066817190294745
0.025442362042994743
1.723964613883472e-05
0.02538256262249397
0.0736608845065328
1.9730467738837285e-05
0.025377295495613662
0.02554159349368377
0.0558136270677444
1.2659547512797189e-05
1.0879689305394034e-05
0.025396776335115348
0.07273910412542149
2.032360886204385e-06
1.4222738203276597e-05
0.07915855055152739
0.026284064270387698
3.196488572608222e-06
0.0253759674685379
0.023270347594098455
0.05946478225903304
0.025382160304107518
0.04490072641082778
0.04330774935410298
0.037670881860438384
0.03382454870237074
0.10305971055824772
0.17204550709341845
0.026686286937175115
0.025384850969851196
0.2354997017361397
0.028276092253289645
0.04131122663287132
0.02538610336466589
0.02602579878711833
0.43290934809027454
0.07520700116526301
2.4867522948405897e-05
0.025373510752030783
0.20074637550275026
0.06962523196062202
2.2747472601885267e-05
0.02534331258355864
0.03853691256287856
2.5622508749335824e-05
1.7169941684723268e-06
0.02693172182619985
0.03405912000605843
3.139434474865398e-06
0.02538036687436113
1.717264327128472e-06
0.025419965626040698
5.901838802748576e-06
0.025388321692855827
0.025414737825770674
7.675858304166977e-06
4.078445191378669e-06
1.130150959738345e-05
0.025441637959643455
1.3180736099326527e-05
0.012783291742290164
0.042848962726734094
0.1067309489090426
0.11156327490668302
0.17213181977625994
0.3015796770524897
0.2955090388729061
0.4891604406249544
0.1756006095075307
0.04103817558811272
0.16234139010743978
0.08615770787693892
0.24659417164026595
0.17095201049191794
0.03073580289776788
0.05977926944540109
0.1733601613628208
0.1611498042897488
0.025377026906252275
0.19609981367326454
0.17209232509551806
0.19606244455644284
0.025396123810066208
0.20622766123563654
0.06951049747050618
0.0766699154962116
0.03042918831510086
2.514931325969129e-05
0.33719527437796937
0.3740969622263759
0.025711143420133833
0.025434369439975537
0.02538879332083661
0.010029330847863092
3.058280752182449e-05
0.02539744293399434
0.02538144754381125
1.7276194598350063e-06
1.1847299659760429e-05
0.029512604866420687
0.007413808116981808
8.824933996999756e-06
1.0900636294545218e-05
7.929750876462158e-06
0.025376510878047417
2.5802768093920692e-05
1.4194690793981164e-05
0.02538595073924816
0.025379297597918
0.02542814721068471
1.117897485982153e-06
0.02546150711965432
0.026246810015666203
2.073806574087097e-05
0.02285080769361049
0.2703003325529651
0.055813505034245266
0.04847885303771232
0.17218352952556912
0.1721552502969873
0.09406635380482296
0.025373718485660914
0.09109148526686824
0.025379633456415886
0.06605790392837092
0.10638294004966307
0.02562281813559369
0.15577567009245305
0.124266419295056
0.1767511560599198
0.10710655948031124
0.01963435115827344
0.02538606532232173
0.09420840690953587
0.05409366324650183
0.025376264042177115
0.05163645266494433
0.09328648032071986
0.11480727098728732
0.1084572468550984
1.547446812578017e-05
0.029056544098348194
0.1042309449863972
0.025376154096211013
0.05503849132993237
0.09914226561364728
0.06370005715022323
0.10753112412441862
0.04636231731349316
0.07871125556787838
0.052031659074940464
0.0758841134281521
0.052648785001492414
0.1653165605303882
0.14931038337841002
0.04470599142533712
0.07803402033297255
0.03710111012591639
0.15922398973898524
0.07566110691179888
0.025376688014604968
0.024680973812629115
0.16429050165530382
0.025424775913918358
0.05374562110461337
0.13162061069528566
0.04860072092619076
0.15873938709290658
0.10422323244043406
0.06939924085047007
0.18890898255731747
0.3584000940356481
0.050052353052457706
0.15267718840685784
0.06377222898106398
0.11365622537570565
0.08018354826376341
0.02444089631721484
0.3094335321694874
0.07939470014730825
0.0283797371675949
0.060133999614747274
0.010793929869250395
0.07917570384804233
0.03332190922076226
0.09748051444993848
0.2493307111117329
0.16469163243030385
0.09831656085503496
0.025376457142195885
0.06913752152334347
0.4257223463343439
0.07193186881107927
0.025376898747286183
0.11302829988089358
0.09670065841565044
0.043420392132204735
0.1344128204758911
0.038046093663868914
0.07830293694393621
0.24107423167908865
0.12455215553427144
0.12452035042759678
0.1455190958098975
0.023796580414719957
0.07110605337248134
0.14201554205513486
0.02537407473290825
0.12834851586819868
0.20945442757880875
0.02353450034371793
0.08961621980238982
0.10387360185643564
0.2463198681035472
0.02678868821368958
0.02544143686016908
0.10411940276042346
0.10463573188184916
0.1703585823935959
0.08591282726018035
0.16369526653072375
0.05781759271563785
0.025377847818542708
0.06987425776589702
0.0586988595617609
0.1049482409071362
0.1975870718410056
0.025743941710935383
0.025377733392612647
0.02575740367005644
0.04740632831708879
0.006430880856297221
0.0616287732817041
0.026083071521795297
0.08905524882294184
0.07855989628361171
0.13121738950667294
0.13981415329366734
0.18701976799973846
0.3420901484406608
0.15283503770471296
0.32452853133324744
0.048768076351754716
0.07685704134666901
0.2405209071379175
2.9993943663532843e-08
0.13977385237584927
0.12496914620029825
0.12918354454355824
0.08188145765493028
0.05729690677389492
0.25735231639014905
0.05923476811912318
0.1309167944591592
0.02536599122105116
0.18291467713563064
0.16472584731277626
0.3039879694782771
0.2783135653170276
0.17266470486532645
0.2032867620120615
0.0977612937108801
0.12680205138383452
0.2956713962649933
0.05207087820333931
0.08569208777219488
0.024850551544358505
0.057647187918931864
0.036181264225145136
0.24906160353618365
0.12598976138619133
0.03554293953483044
0.025474007715166957
0.11145602120358518
0.15433308680042535
0.07737206383329767
0.08859746784133836
0.2271094447975354
0.01027808479550602
0.03774248917837834
0.11086758571140704
0.16845826528991556
0.10617604110696267
0.2568037618331631
0.2236900410874545
0.2605116576898845
0.2556896404014406
0.23241199132868945
0.025796657845680717
0.21391121881702926
0.07363922929945736
0.12818520185871432
0.12104194038959602
0.10153304359697336
0.07870856125477109
1.5100488720138219e-06
0.12381875697487756
0.08052411669854817
0.2713413930322987
0.013738584037703495
0.11201059262162616
0.17218522941001946
0.17027138803426248
0.11678228663940113
0.1322463486144371
0.056703142319414764
0.043721384903059074
0.025521128167530792
0.19541881392563
0.02540717305642365
0.07635297631461323
0.025385169089887274
0.06796984314280456
0.029240572242832313
0.16740482933293238
0.0670897341232272
0.0669274165400076
0.08666937244502312
0.07287912204169966
0.053458588340451786
0.1516654889025678
0.1248991032692357
0.1261527192801642
0.026967441676985397
0.08580128715002278
0.14426951276137562
9.993989511947793e-07
0.06125932489069684
0.1974700277653285
0.06936843514598735
0.13059228050237304
0.13239453408606874
0.2430147260900081
0.14434034991620542
0.06929757954361178
0.12081090200974308
0.07786199516339193
0.07135905940565979
0.14088320575577762
0.025375961582686696
0.030866436101646626
0.032963378766961045
0.15681033537900407
0.024870871068784252
0.2061431270584639
0.16910272204679455
0.4299417932348745
0.23865723352173215
0.01955826599065944
0.18480468789541504
0.17556509571160167
0.1249969317025402
0.15579732071104302
0.023717578454582118
0.09228012387840967
0.0300963993849592
0.05218246010252247
0.10663504749485124
0.13005552755505512
0.06814718300587384
0.10512196414545287
0.05729655028733455
0.18000536055357474
0.027858381742503043
0.08492091459069825
0.04380019376812475
0.12810228834770013
0.03958136363117521
1.0154562496328068
0.6374203523815708
0.6374203523815812
0.6374203523815708
0.6374203523815812
0.16447808485622914
1.1724910409714382
0.8572144525960453
0.1630391401263117
2.056492467026079
0.9209594359276374
0.44920406942481306
0.5587470249425504
0.4452449687633595
0.19873945264622464
0.19487831606066566
0.2465228576083553
0.5630976971836089
0.14385630063152166
0.2515194105845613
0.7013876807449388
0.3269105012630397
0.17098655735129065
0.0005771743294223327
0.05320076170130597
0.04041917186693745
0.041341764330020216
0.1119667260218597
0.09113112010815574
0.007573667946401679
0.029241065249353295
0.08336506610501378
0.003837860783112567
0.08182360924751493
0.03764398109259022
0.11268417242423726
0.3359393293155015
0.613545360025668
0.034764588605747604
0.8310913270092665
0.2815787275467821
0.002075396666459335
0.0013898573828856598
0.191985074590975
0.2794168299986022
0.05237289539799747
0.0390146957882112
0.3327612983654096
0.09502057388138614
0.5333148564521827
0.01612967880476183
0.6452818895334004
0.16507587170083887
0.04657023583986974
0.16032469283201814
1.3219646254604742
0.14694095819891925
0.0061880497336904644
0.3703535309473001
0.031816020897826584
0.0394405829999803
0.06268669583326388
0.34089901892700386
0.17800479396406985
0.06913800421462722
0.07784906324824188
0.3794439027499238
0.031216075132063575
0.09461141511850732
0.06949669351404779
0.0502286509933548
0.04566890533398785
0.0009345420989048637
0.0522364668110689
0.05061640938234282
0.009704517703978592
0.0677216202548502
0.07329294142468158
0.05576047595046167
0.012726913583612321
0.1449286898399328
0.21747495702139172
0.3310206033514472
0.2487361407622099
0.6331226786123212
0.043569771287547694
0.02815313915141515
0.0435329509818748
0.3510702533102839
0.2499802147929372
0.056659847519763086
0.2939533827673875
0.21985735903769968
0.044009327373613766
0.03494383044334266
0.3423557335582321
0.102420928990631
0.26674410789987024
0.3500372709846445
0.5456944533445011
0.5524656450586637
0.010073645358343007
1.2318043147233236e-05
5.947401222723609e-06
3.917926608475174e-06
7.605098597099588e-06
0.024869668103567843
1.993121624714188e-06
0.010590035028348562
0.010108115923327166
1.2195544730168902e-05
0.013235180817455916
0.012023491368435951
0.010077306299691743
0.010029760001705398
0.010206580534669723
1.2881702011439195e-05
6.2135926489613414e-06
0.018661670683999237
0.02537717967907771
2.822008539564906e-06
1.3307339927878732e-05
2.077864163985118e-06
0.010028480384984323
6.769969894162756e-06
5.7145522742286106e-06
2.8332127007199777e-06
6.936048730703061e-06
0.025008124352656216
2.847774134443755e-06
1.3754566757350896e-06
0.01004706844638569
6.119297485403811e-06
2.224269437027632e-06
3.1727681058592524e-06
5.622293282234796e-06
7.596528538952467e-06
0.025376193593284992
1.7936242446908371e-07
8.064475700494859e-06
4.075235283784179e-06
7.576477385729417e-06
0.011355952412329338
1.194954951091527e-06
6.077282736557743e-06
0.010025900495738965
1.992922098042302e-06
0.010029824930412974
1.2623178027693894e-05
0.025376179855178458
1.138539090410835e-06
2.822040919344925e-06
0.01682709529459809
1.443590160560846e-05
6.329314126290308e-06
1.7936242446908371e-07
1.1141843467258681e-05
5.639365729530858e-06
0.010044747501847816
0.00011802869644194756
0.02537514967480933
0.010027551281670549
0.04758424274457311
6.8024202474714735e-06
0.013886638328008963
0.014916810967014832
0.022296768507561862
0.010030306430741943
0.01002979657434161
2.8220066244881033e-06
0.030800696730026576
8.860203747050412e-06
5.829641554258484e-06
1.764221233038669e-05
2.8220235964265525e-06
8.139337347422181e-06
4.2089363520252545e-06
0.025376451180901267
0.025376179409903974
1.14496667248133e-05
5.854678769009625e-06
0.02537618411336376
1.1141025912549866e-05
0.010043008154524115
0.03290783188204191
0.025683222290615176
4.1238107525211856e-06
0.025362815276439844
0.010030146137741657
1.9490475271767428e-06
0.010185388001996134
3.94262386444186e-06
8.264920055821913e-06
1.1509725613905315e-05
1.2675048713023805e-05
1.4120218206208662e-05
1.198095822386646e-05
0.010329817921141836
0.025429256929837663
0.07530669681083925
2.0211731648598654e-06
0.025392532608291503
0.21463378969004787
0.1377170994346426
0.1462578036911112
0.02258529760434757
3.465146847274141e-05
6.741034298229404e-06
6.902939039606518e-07
1.2917341057658686e-05
1.4118252792070984e-05
0.025376041228324916
6.903053732314e-07
1.6052376667174127e-05
1.149449692614366e-05
5.6513631499644654e-06
3.5345015349586336e-05
7.83983420152024e-06
1.7936242446908371e-07
0.025398565942801647
0.010101033633865341
1.368164194785053e-06
6.624429308566898e-06
0.056250181008027984
1.076582659044133e-05
1.111695528121964e-05
3.0180451377502198e-05
0.025384481809760717
1.957979485696176e-06
1.114197264716682e-05
0.047026295561492015
7.73301579114137e-06
0.010027463230340851
0.0565299279604909
1.114150601759366e-05
9.982765930225399e-06
1.993359123796967e-06
3.006136361994007e-05
2.822012041925273e-06
6.005908164281234e-06
0.024661958649460063
7.415821725917412e-06
0.01003087639624023
0.010031091670715165
4.049198981323288e-06
0.010996941764796393
0.0526830592973265
0.010132223340831584
1.0863472464525762e-06
0.010261821201474315
0.09021373346436527
3.225691545834925e-06
0.010132843694887842
0.010710496688311498
0.025377279525504236
3.0398912129113612e-05
0.025383094135561942
0.046681673966862805
0.0574128844272074
0.02775615702502141
0.04690407889098222
0.04837572303903108
0.025375946427556927
0.025744185692831063
0.025702860541494687
0.06351507339119879
0.025375940196216102
0.026019333935371584
0.05753080242021116
0.0703420796001326
0.0581966695470133
0.02537565876918535
0.025437119662141943
0.025524092241798604
0.058081582344474074
0.025375992714227597
0.051085112944472835
0.025472291246893552
0.0712711940165512
0.051863872403100086
0.050469263276855365
0.05034732746770172
0.14192839930796836
0.025375942455911103
0.025378070550447232
0.05826033775949758
0.025375859532068844
0.051330831659861305
0.05235835494587168
0.02546350241561362
0.1055855469653016
0.02568307700326157
0.02515173538553649
6.032835669127942e-10
0.025392401448952318
0.05032034466359735
0.035591930214395905
0.02542461426132428
0.10138945309180096
0.02542381349727737
0.057348852992067885
0.025375941004100844
0.05133133781942971
0.05266031743641178
0.1309870102240732
0.032340709779536216
0.048288424763228234
3.979217438158799e-09
0.027446792361808667
0.0583184917315839
0.025524571656575762
3.4049540273680084e-09
0.0312954032630048
0.048758114316382335
0.0263234374808256
0.025376051488809462
0.02537594166614188
0.07387333755389372
0.026533230500890563
0.02568124877299596
0.028004425634140268
0.025395571748524557
0.025558152620400773
0.0656693145138202
0.05734823832381604
0.025057333638148074
0.025408919618589525
0.05049027584238206
0.07828225914569296
0.14350183297225844
0.05860030639754873
0.08352998910344442
0.14373212947224148
0.06558604851564011
0.057672232326439414
0.025390240608801583
0.026017297995914502
0.0582227038819824
0.058639184892363326
0.025375964479133192
0.15826343624273778
0.10038076520052387
0.10063919081185546
0.05120658421784857
0.050793371585140315
0.04998423469855507
0.11820028645584454
0.02594737614737169
0.02537767064082073
0.09456441047827957
0.057671361929662435
0.0576164720669948
0.05252005480002859
0.06922735557949929
0.11667432237151025
0.05101517799775508
0.0937342503670081
0.15491042787839435
0.0604629590968607
0.03031666544644898
0.02537645182684581
0.02538415211469909
0.0922005307442733
0.02537630416403872
0.025376114794786426
2.28040094506541e-11
0.058214959248966636
0.058230104845592476
0.0586358427232179
0.025378940075226473
0.02537680759040279
0.025376041441124902
0.04802626747796552
0.02626709730164945
0.03238196140137109
0.025379888689361974
0.049497218046933
0.07591035615125352
0.09927183484767207
0.05421384987040363
0.058258731480794815
0.09792383218118823
0.11441781071995598
0.14778694197011302
0.11569656857878155
0.16293894054523775
0.025985863916133986
0.14561157459909674
0.08284835964167755
0.04628958746011587
0.11161994422774156
0.08764897607406089
0.05445367036116605
0.02537712860451276
0.058618862555476825
0.05821977254875936
0.05861933297760653
0.05482507659019869
0.09565396328908801
2.4232273982543734e-10
0.05844876704143005
0.025376457607343916
0.026954356045548838
0.05171634255709276
0.05810167890678649
0.027558648290189083
0.08623093490051825
0.025381295844110318
0.09763811114536836
0.08312440992660401
0.02546325272673789
0.07126907057386171
0.16021359041349778
0.15098006699472194
0.11428761220327467
0.054387414528039496
0.06529581978749176
0.1273048224943152
0.1675315328393751
0.10610898751890993
0.039850924098570516
0.07688418215506694
0.11047066216501934
0.07483083347251279
0.0683095458180994
0.04971689634652522
0.07691121835217628
0.0453948294589678
0.025379170811122502
0.02540590241838344
4.1245590574272475e-07
0.03609464856924708
0.13665306444448075
0.025381549167657957
0.025376044553954025
0.05307687723037812
0.02538291594599391
2.5473189689651585e-08
0.02653520952497269
0.051710204649929314
0.02537708554094597
0.02540818738005384
0.1182742913259965
0.15170822216720667
0.042080120717411566
0.07916071239459603
0.07357724493473103
0.025468978556047357
0.041660975934596695
0.10192642703434944
0.1931040819886829
0.025374500942712683
0.2281728606891293
0.17313851916313186
0.10548250280504733
0.020391437132417308
0.06868697336190177
0.15424402644218008
0.05950979095680053
0.11044529021933767
0.02622241077088604
0.07573658379071628
0.11777485086543472
0.2567090441432591
0.029127965062212883
0.23138305488400754
0.17893039208728584
0.028046119581852533
0.039071309364151964
0.07868932791986337
0.027160375833570543
0.1090554392494706
0.0323084585341516
4.779609890853847e-08
0.030575507236880975
0.1735905260838617
0.08406143230973026
0.14989347176926568
0.15647911526628755
0.050667452588350564
0.02568602224273176
0.025376482754538826
0.13001498098695602
0.09876571320001808
0.0254211302561541
0.14975403579861402
0.18653985639276427
0.2917358107485151
0.1698976621133508
0.2931492251673729
0.07810084148922636
0.18342807048116846
0.17690870722804794
0.4348480431773914
0.2447232250350924
0.2245415562581904
0.11538393676604385
0.193460197894824
0.18947007545198125
0.2167108173478539
0.12700066609531913
0.08979762880871217
0.2709591374697204
0.1870529252370076
0.28813745443003985
0.11523060107830073
0.187270303039606
0.1899867621522658
0.1370825288456747
0.025375296827388236
0.07215233205833001
0.1137373302975306
0.05381810721749438
0.11359701325633967
0.05134917365446605
0.025406713667822843
4.070007722689585e-07
0.0844239265424674
0.15781474391937445
0.131889210540362
0.07777930556246837
0.004694053401546054
5.325782150230374e-08
0.17729990288135986
0.025375947592618426
0.27683944635302377
0.12334417504882672
0.32289494014692105
0.411843516172464
0.10634090186886784
0.13133722332058592
0.08179350479948377
0.08517039258490937
0.13939074591567027
0.0661839833609942
0.1857385011919022
0.12391421038749127
0.0257771535155352
0.02550736044946221
0.025348409296184163
0.19005480907764893
0.13906928112010347
0.04498667435735959
0.12770970348361965
0.05068588980789114
0.026811564085925915
0.05116280752234497
0.025380106163453955
0.19338173810357134
5.036396038867381e-08
0.0253761399182984
0.028227706404793367
2.345979494190796e-08
0.035907589354654754
0.02901824601783725
0.0254661845393953
0.04248154361449455
0.08129798720299597
0.05367715378880205
0.16242618910039008
0.16777796939441422
0.2535893783023585
0.17161425843261968
0.4205683981752851
0.3921641472137565
0.22728903294778746
0.04699243682774697
0.061605654527238624
3.719908056630891e-07
0.04918887483772876
0.025379203820605784
0.025369164707973398
0.02960012071489278
0.05826324786315237
0.05841310673227485
0.1451614950801699
0.052843540578006415
0.07206953364208722
0.15069488015280966
0.07584529804124786
0.15515318750377527
0.08532076047442046
0.02538242724578633
0.07166814518350474
0.055085155369763696
0.06923448188720925
0.03633200878028458
0.02600121130881093
0.02718177474412637
0.09312501577003582
0.05325241753140221
0.07467813484348555
0.1131422535800162
0.025376312898808238
0.06565104089389852
0.02537598259075184
0.02537608701146004
0.02572545743796047
0.09747449937789107
0.02713441000917513
0.18029737730596468
0.15979341172630626
0.053004856511377714
0.04846962086955805
0.1531469295869414
0.08398366447743336
0.0282215013276628
0.11039456890781753
0.02544392065160024
0.07443460925344755
0.028735397255090608
0.10434327734891538
0.2903817411053178
0.19030198486801947
0.12408400400941218
0.025696668611602788
0.11791274987604235
0.05591492770641536
0.058118883818975474
0.1364188876166653
0.05173578214277821
0.11438510495302776
9.639692721494027e-13
0.049608363037641455
0.02968864226305985
0.1262307353748282
0.15456385328547936
0.02802624515657476
0.1560838606815563
0.1759779086331384
0.11676367875784817
0.09694875911310774
0.13556725231650416
0.02713268596037921
0.06226934406646958
0.06063521551859932
6.797166074920054e-14
0.04988460552212829
0.10171228713856684
0.0516903374538391
0.052849815588247966
0.05076769969932736
0.14082014710177934
0.23028628431978054
0.05110107888908507
0.2769746146202417
0.024120848406410957
0.05848032181297776
0.1675490455594732
0.04064546276054103
0.058192778707494286
0.117397399857895
0.1741431680000372
0.22033720362964251
0.05829359691227165
0.31793847903768296
0.1195419291154732
0.1192714787180324
0.08583785229414101
0.0718082443807012
0.1026602202589421
0.11634864227850085
0.05567757919730632
0.05091568587246695
0.030303360837222636
0.08102177816414986
0.2278050620617695
0.046372947757274664
0.10123611310532774
0.08395660926882549
0.061447342439830986
0.2438070320773009
0.20018726123094
0.1929933179549504
0.4070161889558005
0.05158944554103461
0.11717068852650615
0.1508607000919768
0.06677628080212535
0.08382469136764893
0.031436501078819734
0.1539240076651554
0.11591306560090125
0.07237107337684294
0.08175381679988099
0.0773886593512409
0.05152257950691783
0.11470608024412238
1.4459472878461774e-16
0.05727472305193315
0.05416720512875597
0.03049531719791537
0.058081821079267966
0.03654248413285218
0.07127658006081401
0.05069474021205255
0.14359637317803686
7.065707271400282e-14
0.03453002963136203
0.2559196783892718
0.057949194995723464
0.058260679232964324
0.14582200859532052
0.07958951386209419
0.18840243014047345
0.060895661038660114
0.09405471763908553
0.05813123541969799
0.1162978763314678
0.05100446739133967
0.025376226945815653
0.09909104545247324
0.21626711780488125
0.10396131013360342
0.1164830420791263
0.10671824206829772
0.17754800244929636
0.06699142218669611
0.11573400392067755
0.10420313320555573
0.06412951447589199
0.08142601949200601
0.05269777194186636
0.025356378862037742
6.598513708808626e-17
0.05823443119893883
0.05827713535411099
0.14740002127476287
0.058427884974758613
0.095577445218741
0.07932625212154598
0.0581705270377311
0.11056303963321598
0.07188591153831793
0.026285811030516845
0.1462470653232582
0.07727494593204072
0.1178656729442799
0.07410310749708525
0.1785204292928746
0.1079381032408169
0.05834240006473949
0.09233330480682923
0.07233874568770028
0.2609329256739824
0.12351020258148634
0.13663262881855304
0.13631277843123452
0.17563772126844465
0.08360541278194446
0.11571329403749454
0.17305035077957678
0.05150004552075477
0.11757438092561233
0.15385730034680764
0.16372069980266502
0.07695034728804154
0.08443366335703617
0.05841619259838581
0.046148419793342416
6.196142095337094e-17
0.05776180972186273
0.02537665388371908
0.02537648267888884
0.03867119374011333
0.0850216729449824
0.060880604728838585
0.02544846282102341
0.10133639548488282
0.05241015062439447
0.17268252644107954
0.025613385067370282
0.02678023763716813
0.060637415640574385
0.051631098110557584
0.09698385742751052
0.025844149596420514
0.028100814585794918
0.058872600191561125
0.11624570773343065
0.06541463661778503
0.17013775931306654
0.058450463804677326
0.12557002321762178
0.052887858775387056
0.02829189209362704
0.057657153145188225
0.058469544265054275
0.058420348727907113
0.025369437855612558
0.1698043890233178
0.1291584765468943
0.10745324533687428
0.05715275325055686
0.23856141748262635
0.15202226296496238
0.05821176398672034
0.095482678635419
0.12557111583053976
0.051178266939985895
0.05077162375137362
0.08396527409156307
0.09913281135473677
0.2914803713095514
0.05820591456367781
0.15538446436934011
0.08451434324321314
0.09887146551602996
0.16184541517798332
0.04290825065123508
0.0912661326625661
0.07457113857397901
0.0920343736133675
0.16541291950919876
0.027044737030995504
0.026221273075413398
0.02771128773235628
0.08313855061843761
0.045685053929562125
0.0702901963044822
0.025472529789689027
0.07251264557553783
0.08959793989947679
0.0808559483093912
0.05836517517919776
0.11645012816567435
0.13918038364456176
0.2635260339673078
0.16240655776276913
0.2298098087993135
0.23451718520201406
0.17141917224087228
0.1582299434382844
0.07110531936853437
0.10375329437793147
0.05786148162318677
0.10637496621660436
0.12408208242637812
0.05899709694179441
0.10889105620367047
0.02896125749353746
0.058230179867944376
0.1319496637296191
0.056640658162422815
0.058215679916614464
0.1698382315927451
0.05733444038940836
0.1735164879667412
0.17075563054664866
0.034014516634137015
0.02566181311938685
0.044291246422784286
0.07763255613942363
0.07035843863942733
0.0686602994765159
0.19407378587585752
0.11077898350750018
0.05155465387271574
0.10330417654640263
0.10627302256590324
0.05317877157008007
0.1169453133917781
0.19204876849419247
0.19873989229750708
0.1749982402625936
0.058229072353540585
0.11642649141217187
0.05824783226600695
0.2892720068370689
0.058228249389709774
0.1085271419857958
0.055823003203155065
0.1158358247454718
0.05820645936364013
0.17551556000369994
0.2371275740152197
0.17117624817314547
0.08486276238934114
0.18943024057003016
0.07598985405018482
0.06352720692942007
0.25974413720555184
0.1849300044047283
0.057396397195071086
0.056436280531853275
0.08130704200779149
0.16016238305114522
0.14449155948217698
0.09639750151102512
0.12808399975173165
0.06675162734830446
0.05823271356598241
0.04900588388858535
0.11997413187260668
0.11320043362712175
0.028251974601069624
0.1877939822446084
0.04782905894345019
0.03144563130725105
0.07322948515183261
0.0984475924238141
0.05741405627760843
0.08765901995255354
0.05332215971921705
0.0680751059940195
0.18542805526724
0.10764951187860347
0.059319783738350215
0.17513235027847812
0.08813867931185522
0.10725723424563023
0.13906108086674332
0.13712427189301618
0.0936490674411626
0.03307352138818214
0.1707262520813314
0.1232231797883643
0.17627549547918125
0.11621525618491675
0.1523199611138327
0.11836945980841435
0.1945964709898348
0.10957587880069736
0.3374363391156214
0.14645559743227565
0.11962383330598295
0.07731652714068979
0.055107960679673364
0.07633736897770134
0.0971482091969958
0.039733608712005736
0.08792320320536992
0.11355890714956238
0.09615990456750333
0.1532688847605102
0.1937778237319412
0.2917477820547409
0.12736218354659665
0.3281862770540045
0.1384808792305737
0.2038905130707853
0.1693866478622318
0.2990805059054448
0.07826615282203545
0.025383681237358558
0.15751319205556238
1.5094163893801888e-14
3.452459567384401e-14
0.0964451716436968
0.07680117211302707
0.12731791440002818
0.10311667178720962
0.05324510143697948
0.11048492686578143
0.09991281052890133
0.05058871242491774
0.2691443217980053
0.10020114042129448
0.12202439019185307
0.22403910351506384
0.02580972495825241
0.12082235968216533
0.054407408827577684
0.17797589351473064
0.16127578156631586
0.16489319102567015
0.20109912787851245
0.11035982164033338
0.027500174960565532
0.13104117590205025
0.10278302844421712
0.13471605035981984
0.0923502025654329
0.15237938547345076
0.05249038046727706
0.058163896843508374
0.05676475088969533
0.08369534222381067
0.13427361182871975
0.07396276093246902
0.2268112771581981
0.14887786826911226
0.2375915298773208
0.057792144129707415
0.08373253120798749
0.06998540109759396
0.0665372704585421
0.050746130846440966
0.06250432730766604
0.051036814565788326
0.05778587953574884
0.05734244866329405
0.13096264864155402
0.06342409510709605
0.1095114276769264
0.3219400514745381
0.1957614109676468
0.2157311790458399
0.150761594058668
0.23689639463435505
0.2331202398580481
0.18462048525328026
0.20025522745193186
0.2297302568705448
0.16688455387278686
0.19749898519728584
0.15867957208280148
0.13252346781917038
0.16648894664369615
0.16419618894529903
0.12644847858413266
0.07462079359318723
0.3976934134518075
0.1189964439849081
0.06685150460862598
0.11973367893641094
0.08497017448596059
0.10993664239033576
0.15393117732142197
0.2275871161551601
0.11862889886602472
0.16139260249969967
0.1469384699287075
0.051951240829798136
0.2808303852430984
0.11142795820311976
0.03995368733601597
0.16061340905991073
0.115904190929724
0.02614199094250515
0.2132102025775919
0.17301324399231824
0.11704570015409906
0.12864164444057946
0.10162375862315848
0.08085666951213065
0.18887653416887545
0.05815767440817447
0.05472775132154141
0.06344946417730801
0.056517071860104226
0.13172795429958145
0.2376383906266181
0.07098671957995263
0.15914087201449756
0.14044690637883042
0.07623698188919145
0.10927228829069467
0.11715786735677487
0.05213174736557557
0.0639534143272191
0.12352418271571375
0.058230971105548875
0.06611452237369897
0.10037667742329733
0.11921716284741772
0.15484738175208515
0.05086211071071649
0.0471589004728862
0.12310127045688392
0.17271941280026598
0.05835769279203475
0.10273226295567753
0.08184522606946558
0.10653814320036124
0.05088110373016018
0.16858147134124468
0.04012478726393017
0.12273452489800367
0.05814079957846344
0.047548418619812995
0.025376736014554497
0.06956407810430779
0.07881718477192848
0.058194781455516785
0.17861401626323095
0.10386662405253436
0.12342929078447548
0.13476716415210865
0.11698575922334498
0.1234881478172874
0.2241768096763632
0.040475673865794336
0.1708578055770197
0.199703491804482
0.09868745423781594
0.0574752855922567
0.20931876193119064
0.058406839278609686
0.050642258535069186
0.09477976133233662
0.07916590745904513
0.1813485114290368
0.2609382749467383
0.09251645093162766
0.1599631033882731
0.09901021690699308
0.028072124300610908
0.05401483304353804
0.05841778179979075
0.09655246466060907
0.05107323476089341
0.12278181224697556
0.11719161474551006
0.060154990468239335
0.05829014463350319
0.08016586202701059
0.1744473708463066
0.061509819844633835
0.050779462965411255
0.05263488044305704
0.13944558085751296
0.1250257747114972
0.11166535350610744
0.035755080813983715
0.057167580832448626
0.09359058941886664
0.0580738849695077
0.14057934514931206
0.257893294344485
0.17617587354804398
0.05823853889912192
0.1771281721489416
0.05301605467983573
0.16913380166475045
0.12119789706002534
0.14250984290457322
0.07968447803709029
0.2731501190357175
0.1363585394569258
0.1580747120987662
0.12379958297221776
0.18554777973754005
0.1165565603435984
0.1379673381110198
0.05636977557942086
0.22513735083860947
0.18898663008107972
0.15118708221474106
0.10348946314661646
0.0424095283754662
0.13609434956652944
0.1055724401024424
0.10153860761352393
0.13948997303802224
0.12826901352504844
0.14340713975939104
0.2405944759844721
0.22153891477535093
0.05582885658188246
0.07688246376830328
0.025377514530711683
0.07665823855009064
0.11566894815885795
0.09255632143907244
0.12433193087725995
0.11024101732708658
0.09087730417358124
0.2915466049267278
0.02993914257434745
0.12553083795436093
0.10659104614756172
0.07303717190071232
0.05311661818898535
0.11144165939778664
0.19662474319601728
0.07486781036319504
0.1118957224578364
0.11992857807269748
0.16729369986419834
0.13786051602125787
0.13246113503092355
0.1797700908606893
0.2097101780841128
0.08949281670979914
0.2990722129104418
0.07576416576983269
0.10130720286543356
0.2970757682843738
0.04949741771247338
0.1019599239405843
0.24461210553428284
0.17318307067731709
0.1305619972254002
0.06815622149345643
0.13325935998663274
0.11073857845192724
0.025391265528523683
0.13707813567487384
0.09173108336809452
0.2866385412888333
0.27282611238092525
0.1170072998343451
0.08644168737817219
0.12385482002577028
0.23405985291273276
0.10034933990802417
0.1783091241948793
0.1884699067934272
0.18702597530087914
0.14043402853186127
0.4674925772776343
0.13324855457381934
0.17492740470832482
0.18106979354254796
0.15795519592721327
0.14092727491674858
0.1297789859254669
0.08469001701042474
0.11810996049589564
0.2236254935173996
0.07208500450462503
0.1622890243423523
0.15168767901732005
0.0698291407332176
0.1833007885958913
0.17297201753459154
0.1063019927676355
0.11648752236845908
0.14305445244154952
0.2156425499739721
0.07783863761642562
0.2473285225687917
0.07789595291083383
0.09998047527080586
0.07755304583260203
0.0572822581496784
0.0857631694360435
0.026630999386722656
0.1069566859984284
0.05132335249244003
0.09379492435549047
0.2884140325904972
0.13938240913825625
0.24992201622665305
0.14015855367784333
0.1258583719512609
0.07302951742570013
0.05458493429537035
0.2848514150618961
0.1357703225879321
0.05826989985613752
0.031592730177913315
0.19363567212056887
0.08185317360183224
0.14321513987186485
0.07256377843979772
0.1216055812697904
0.22342500492308304
0.1693651445531797
0.09782262870120298
0.051622598607547567
0.07867732405400511
0.1210899598243136
0.0546909483826448
0.16480934054231952
0.08040711092028345
0.08856947428870612
0.10136389983125198
0.11301443642987577
0.07447724152885088
0.1013018346573016
0.03674663432258541
0.052840683562713764
0.027055606086635303
2.323045667973134e-08
1.638261714585974e-08
0.02537604667101196
0.028349374934843564
0.05476786236250408
0.05398686088891815
0.07571935715689572
0.025375850975228518
0.04316055947645101
0.058229793582732864
1.2507711211326592e-08
0.02558784194977843
0.02448120468321097
0.07579035287915033
0.06388507822424555
0.16991316673556908
0.08140557299239015
0.15477946379810342
0.31653424658601226
0.22010425195191524
0.17651209842167098
0.2090075134853077
0.3059373234555364
0.028764995125454725
0.2370738177489081
0.11964695764360544
0.183654280596044
0.07685831662018823
0.07716549333296582
0.08069449436911026
0.05853738641035374
0.08807925285273395
0.1059849046944786
0.10079921225324977
0.0521797746647887
4.369335524834994e-09
0.03275030838161978
0.05824063222433123
0.025375981670900282
0.025377508399664826
0.025375897264768004
1.914074103956952e-09
0.04723273003857873
0.048045942037149236
0.04182462636778641
1.9182542151280008e-08
2.132551758465953e-08
0.025322736150881014
0.025455380993518142
0.025376154477234857
0.0737893163734629
0.10996138858274301
0.05635327824898479
0.058233910778825164
0.059404663178212996
0.025879968673615042
0.05190052348972241
0.12578457162424794
0.1065635865877382
0.02538689852432403
0.025112725765905442
3.659717927035997e-07
0.02612482833327856
0.06904096512049558
0.05629742042868052
0.025376201633581518
0.07746331881612925
0.057607815841329776
0.1021291569090464
0.0277386523181333
0.10202268538395687
1.4543998800731606e-07
0.09476225286004218
0.07565855035047961
0.08506434416444637
0.18225719760371126
0.03231270256230764
0.2677476612696683
0.1609897297362275
0.11677061351285765
0.2069650558638492
0.025420082831045847
0.043530936822059135
0.053948321804924336
0.037940783062836256
0.03573998580887061
0.02580026974566631
0.02539668953552246
0.07509849104233272
0.025102553032274242
0.09070747903347176
0.08508090426225162
0.08898175165051449
0.08261125965379375
0.10615173602966632
0.047666878962819015
0.0254994576876302
0.027000079417509214
0.05187414015843248
0.033267069199105215
0.0436287245678917
0.10010775090644812
0.05388319652424948
3.963111960630657e-09
1.1527921453545969e-08
0.07571987701636998
0.059990174086002164
0.07001059490572373
0.16046594287738927
0.1462245164004934
0.055449406432433686
0.14602414123247268
0.08006069708053977
0.09895683188038301
0.07177888372004793
0.04791773279516421
0.06644057471529638
0.05501096740098258
0.051905243824897127
0.051378564926948984
0.3814590698833752
0.3748898194652495
0.07280801424397695
0.16332880017611232
0.02830518658454906
0.2270362500996499
0.1722230371134133
0.15263257286225307
0.20727419191277585
0.04645605549305007
0.17577575041262347
0.025871086267167075
0.3781660080054336
0.1899835173418013
0.025376124485725637
0.08931713335100064
0.057083261237530214
0.07910792930034435
0.04729322672883656
0.0256451981475852
0.025360885629639413
0.056644824158798165
0.08275336082145336
0.09984868741294033
0.1049236538789318
0.1323450171209934
0.11477350951449385
0.05118611500065745
0.14651280868486896
0.036895835123195664
0.08855444655771258
0.08119433025301502
0.06679290293079533
0.17315054019683013
0.2565962110355976
0.1784586408761392
0.272705231421249
0.23427908801879435
0.05671427195960292
0.05133866393326112
0.025377653100529324
0.08949908999500694
0.07627142804698961
0.0253895565553878
0.04931250856990467
0.02538143523462029
0.026431194811004543
0.1113433169423285
0.06982563221131431
0.048134022839938465
0.08205761270256755
0.07035873270410291
0.16784891358288806
0.15986574367329634
0.025809626258631323
0.056940077081874874
0.09999772243988612
0.09046929099147108
2.0935445288985197e-08
2.1503032290104954e-08
0.023644938871553268
0.1004693008348111
0.1839831158197896
0.1901406674037584
0.055491905086345716
0.2315885127777023
0.07844566675149754
0.10221355083201998
0.1504114022028338
0.21428654326382676
0.05380499178818258
0.09905170671272334
0.07794114305874299
0.04996468998141867
0.026509594678586032
0.06088689329310359
0.16099683105393234
0.10118929864506394
0.18139611061115565
0.05309965397019197
0.0812794901866977
0.08226728704419027
0.05426401837478705
0.02364272257703381
0.058238662025250035
0.0607063920966304
0.041837320832791694
0.08116576283071876
0.09150155317416588
0.032788811955351944
0.08598006289731085
0.14283046044942524
0.2664974173190966
0.2325831268762077
0.17328824556912806
0.2864681885213321
0.2820640390658071
0.07657159045537652
0.09607567222566916
0.15689824682712214
0.06955965650577722
0.11672827667327924
0.15469348491975052
0.2886845852898698
0.13754390693258922
0.06880710951798527
0.08831178901798879
0.6108837411165381
0.057978841078808366
0.03406998675848205
0.05597777144033112
0.07689576022534524
0.052251155512796674
0.0902995071691441
0.025386040625491168
0.01639899117117841
0.0541390460269734
0.30626748254336544
0.2953551598219297
0.08709364534135895
0.22733594896324416
0.2105203661065639
0.11854980832730333
0.06252718821549587
0.120508043412092
0.1488816020719814
0.1824690570151608
0.07779132976542846
0.20811190777864624
0.05700768588903491
0.06638560062094828
0.06726081526876468
0.3236330354665587
0.24393463727537196
0.8778300979867609
0.046400525545059024
0.3766835717312156
0.07226749317674742
0.08480122475044785
6.247732190405253
0.03908544819143785
0.07796566257643432
0.11169133547771967
0.08019517497060451
0.14620860129775326
0.13888246003418692
0.369801732910832
0.3327246876225045
0.2948823488887625
0.08371684291098605
2.3048694918753725
0.038021275338772295
0.2449736754583685
0.09825790915012794
0.5293043361092731
0.23514324750941304
0.08358853054910169
0.014333190289184847
0.10322262699910144
0.08103559202611653
0.17566751885004056
0.08512245295318502
0.02150007364228711
0.04526612677779485
0.025372934851522703
0.08524253423820928
2.5455257437742188e-08
0.012859863271027177
0.026903164214541368
6.88579472842355e-07
0.031587229582660394
0.025812753190819646
0.025591032707661842
0.08724029177574544
0.02718224828699578
0.1653530356865524
0.17440716217616514
0.02538402902894526
0.030401275260997375
0.0534565500956338
0.01930710057116515
0.021044053165636883
0.08445613241611166
0.032315540875880136
0.038486681273161336
0.025381920776766792
9.727091707508156e-06
1.197063158164822e-05
0.17671135653697395
0.1063750616646378
0.10050117992182414
0.18499382330518946
0.19189644133514136
0.19357158866863514
0.1724284195681895
0.1218490499545818
0.14530134727735097
0.11892994255476586
6.631843951424216e-08
0.2198752110765884
0.023524161490010024
0.08018381803761844
0.02952213956538797
0.2826992451022622
0.23887156582006144
0.08491218774341415
0.15329723990380328
0.12043051742743298
0.05580541984724895
0.1442547302006727
0.06876451715706608
0.10839309934713444
1.2485777531510215e-05
0.02895791855408372
0.06978426195889707
0.058478201569170114
0.11327283818409473
0.0392510069736228
0.028217545984981208
9.055296156196033e-06
9.737579884660437e-06
0.01004011554402444
5.57539951371969e-08
0.04714490862709402
0.050249158735798584
0.025375950743284758
0.009999437821002159
0.012254606758284766
0.1172432568518128
0.025492980053147485
6.654793569430348e-08
0.025421198564368298
6.849692390190362e-08
0.02530144885668253
0.08556044739489417
4.01209427338078e-06
0.043435731651409015
1.2485777531510215e-05
0.12987513328738226
0.016819372627984105
0.012532034648143665
0.19638278444913013
0.17082119056206968
0.2043837663637182
0.023006944272944474
0.030188773609034162
0.022113790730372403
0.2176146289533579
0.010425083145868999
0.1659840725830455
0.1506753972022137
0.1032809239511844
0.23338383072524604
0.0226413123711689
0.08578760352344633
0.07554231768896924
0.1910717551796092
0.13258803441096714
2.5459916577720966e-08
0.17633889262388794
0.12081036115820992
6.142318938527974e-07
0.05540241232154318
8.494398788998331e-06
0.16108200978765386
0.11332577902579385
0.08334792533713875
0.21368398078958634
0.1006198960497364
0.0971751638690181
0.0415360780071742
0.035396441941467766
0.0951478826092322
9.377770114476313e-06
4.749133672285881e-06
6.397540114980311e-08
0.027288622966888502
0.02537680129958237
0.02752545456148576
0.07711093784104775
0.2932602282932142
0.11170579497131657
0.17982358594660222
0.027332001694907473
0.09539284811032386
1.5449898725847778e-05
0.023683337643871084
0.2081157538998072
4.0910594776335865e-06
0.07257720848322775
0.018955592991967248
0.12981666293590136
0.025375512101535148
0.02536663395461234
0.10152678321821587
0.1128492472762029
0.0898046883189881
0.065875470198499
0.03728933453934546
1.2485777531510215e-05
0.2402369863759548
0.039877474302047376
0.05403886696664861
0.0744027385904057
0.11459306274827087
0.09996161198692767
0.08914850068608653
0.27704705201897706
2.5453797102969295e-08
0.06564336124671982
0.10982323613940558
6.922588794641139e-07
0.03094798075122598
0.02550102313029109
0.014311231664995774
0.028006921424287057
0.025524375524606315
0.1196152106431922
0.145712123075066
0.07346365018949512
0.1006821764131301
0.0583625618980213
8.868137876198494e-06
0.014663972760789776
0.10917838280299938
0.0253747218705958
0.08941625588509294
0.010080001066743569
0.05921067817216143
0.11709344030362424
0.1960486180500838
0.08310429964851558
0.01841570508074805
0.1077415545361878
0.051961272490796725
0.06672937086889752
0.03464213500214248
0.0432539878560432
0.010071726174836378
0.10038898048049114
0.010041886253412643
0.29184077833681604
0.02532050472460857
0.1838957087795372
0.015779916220759943
0.1299820616922521
0.013942524213728923
0.03220739828471027
0.011298072275246512
0.030904718525330374
0.29494395937726153
0.035802292196258814
0.04943161440210688
0.10897945172700868
0.14624545240324954
0.0701783511676124
0.04260647544491316
0.02619501016466718
0.025398742558523
0.02552776641456694
0.016211960762507308
0.03456926916301405
0.012693811846674318
0.11326091034902018
0.02889770221865825
9.436316080391477e-06
3.37000544175211e-06
0.05464949569528866
4.120644145823401e-06
0.09202772656942086
0.11213274503784873
0.015593264346914885
0.025714163037550745
0.02536621839123964
0.02494869502266804
0.20676283759147526
0.02326663695143236
0.10683653776860796
0.0439045678299541
0.11419988237141035
0.0253724021533308
0.18464043835452254
0.025366078407238733
0.19648998893614056
0.021580424312388744
0.08678329364218544
0.10240578029185156
0.03056222190235242
0.04095220523135521
0.20905433090480832
0.10081487367407853
0.09767535853375102
0.025374644944828398
0.02627947992362776
0.017002450056691966
0.12053156550328832
0.078011006637787
0.041114960288112144
0.2543773605824568
0.023747587033291436
0.0517704859273004
0.08028145691636379
0.11796040698402267
0.08298584631518714
0.1933763640194225
0.2109540848222272
0.17794531393214286
0.07933392358966704
0.08961003404102083
0.11835567141196357
0.17197227391398326
0.1720879319400047
0.1907605599983682
0.17217557776061942
0.6577079202681658
0.050831220791934965
1.1862302874232145e-09
0.10464184684878924
0.05742574373659985
0.08048383581086352
0.04201505351554762
0.08103252729368507
0.11177306319228583
0.07243605645496105
0.11321398731342765
0.07385082431897225
0.035809582643908884
0.1425266685754603
0.09570948154171137
8.001735429735897e-08
0.1519765274329422
0.1404354624606549
0.10950333172901068
0.02572088990227456
0.04562572177344182
0.034497559057481225
0.02482029411513224
0.10902150448891164
0.02508693489656546
5.690906121567818e-08
3.7557335314706027e-08
0.025941455749305804
0.06350918978529482
0.02877178984369272
0.05883248439630105
0.05936684341161539
0.0663800067179344
0.08561528434664571
0.15059076753106204
0.2168212720429012
0.08719245315317738
0.17219452997968845
0.08506011789375617
0.16835651651963013
0.13109890581299452
0.260940395865367
0.8397252627243046
0.1777994156425954
0.1484668360326344
0.03075921584023
0.07920726445360195
0.05274849186668727
0.1991583727442416
0.05056777955176775
0.11592533282671312
0.07096799147456691
0.05720455658441756
0.2548240788997738
0.05831326811162794
0.07403582107810693
0.17038030315324634
0.3122191295440662
0.1134403322538198
0.09693532047672686
0.0817077939236107
0.026885041931576575
0.06638725864159394
0.06058542027444318
0.12082168012600555
0.04672764867969025
0.07721360642487173
0.02533294873534741
0.04433234170016967
0.041866374938824134
0.05123867448165372
1.3618859643177342e-09
0.041531391232050095
1.4608884156123103e-08
0.08351743058281041
0.06276240919362269
0.16095039370725328
0.08247788666518463
0.19270864759105885
0.24780692227774045
0.11075770901705373
0.06129065718598424
0.051699161046552665
0.11941984446117992
0.17151780837693745
0.24741168567096045
0.2500154140505912
0.13281897250029126
0.07786679875368294
0.14795666200046248
0.08931165920881905
0.04359383893357308
0.06202074191671345
0.02346385111798311
0.11984339576343638
0.10495814164749342
0.0929294647437328
0.08168785536800921
0.1596236462488755
0.059461968955725975
0.14794780886257478
0.07365855989957935
0.07446496786376035
0.10876376695883304
0.156974332034794
0.18126350093656085
0.08030846247935562
0.034154954299666494
0.1262391143298205
0.02623899630929249
0.11917941690688268
0.07346684586069356
0.0540243782818528
0.1376327381233446
0.07456953389294674
0.054648699308062584
0.11529786507158728
0.1963556462026201
0.13822839090170325
0.09255232182013788
0.11786781133243596
0.0625413176025843
0.12082683936605727
0.058679619937855074
0.02672175017262546
0.08604821303949291
0.034542938924639735
0.0253760571656512
0.053705026472556684
0.026113570921699872
0.05823690746787739
0.05404319112922112
0.05074699241930712
0.02542929116217657
5.161391693221035e-12
0.025391844614083742
0.04685205373931664
0.03492543266082068
6.17807762224985e-13
0.044537775667282106
0.025590082618783302
0.10573401271769628
0.051201117298348114
0.12427712949970135
0.08540517348327696
0.05811937100382391
0.190224744830237
0.02534371451498501
0.03566844924193378
0.04961987201306644
0.03095606567120943
0.03758433396017483
6.554226679900211e-16
0.02537208604401744
0.06715518091702839
0.09607324839851314
0.025411431482661728
0.11380389740802205
0.13778013026754832
0.06758490518281962
0.09898238313820401
0.051107500952590784
0.026976381564466287
0.3082415773978968
0.047162425849043885
0.054976060728400125
0.033225051300807294
0.06173684026152355
0.07527323096101105
0.0329141891971034
0.07322378073968172
0.054249263280696416
0.025403932095899768
0.10621891784678583
0.05825952977701927
0.03595627998937431
0.15516467516006618
0.05785820431371948
0.050652763810670486
0.09899001693610576
0.02622637020020094
0.025378069119614568
0.1622134931914531
0.05235494761318733
0.05180100952113705
0.05078660368144385
0.05620268821793011
0.025688718292207917
0.04867882601496574
0.027138142586518744
0.05693056309157578
1.5987156495732754e-15
0.02563217285806321
0.0923663927259197
0.025747934209825792
0.025380778925279075
0.0804435023747858
0.10432068146158446
0.1124932993511264
0.09089961852852864
0.22475589864787265
0.2536657054499496
0.1722524413890703
0.2084479786280036
0.040465318026806064
0.1952814053597551
0.05050772814272913
0.03773928644666537
0.0749694556070663
0.12584873222159934
0.4278633271878995
0.09118448716386816
0.020279483091960038
0.057621166050590374
0.045454280738716914
0.21236368210476647
1.3444741948369188
0.025982848281551767
0.07067182933269656
0.023740975428410995
0.050337015905962484
0.062268390122825874
0.05179915088204165
0.295003938331528
0.4066550290929003
0.0854209163537315
0.1368518531131729
0.02745489446379416
0.21236368210476647
0.09780452765929223
0.12584873222159934
0.059581553672115824
0.1945139893292825
0.05081623951093304
0.07067182933269656
0.21236368210476647
0.3057438683447785
0.8190960714391807
0.15992870089915198
0.02805457646079778
0.5991207196548495
0.0771999743918442
0.4690694329270606
0.2415237059917105
0.04515630447327432
0.21236368210476647
0.15081938404644818
0.28856246834108873
0.4705320779771556
0.05335903639652394
0.1081454800321859
0.07067182933269656
0.10256244783124346
0.04133755747650135
0.03488570728741057
0.017308257429759343
0.10359571437506923
0.14456494392280314
0.10755083025659902
0.11946021380620173
0.2592110018337072
1.3283122516378578
0.029913763239069163
0.050362257017049855
0.020429397310754924
0.02249793549204779
0.02743790607305361
0.021066238429262755
0.10580741288015937
0.024234968083754558
0.03843810631139581
0.02603647915496769
0.207839199368018
0.21236368210476647
1.0642736633763183
1.9487950319775404
0.10580741288015937
0.4862164371759898
0.07189881735586537
0.23097040833414764
0.02445503165788284
0.09701668837901274
0.08110274789235111
0.09016551980611257
0.5728983889261167
0.05335903639652394
0.5628954446008027
0.027064055843716184
0.3911202830065119
0.10256244783124346
0.1773112883781174
0.10364191643957348
0.2460133519020408
0.16072546116299594
0.01502521074394711
0.018827075920072458
0.2144219567482729
0.061784563275019425
0.03865520636295526
0.05303702110930098
0.26653484634829305
0.0393976644872358
0.11357743595503117
0.047047080690831744
0.03856918113282113
0.14276699823329667
0.17556101364803314
0.10256244783124346
0.0656916866097784
0.1945139893292825
0.018944103903718257
0.4236839273969592
0.07099872107962771
0.07067182933269656
0.031580844352777485
0.6868723168516916
0.2202369587662267
0.034594213193919116
0.036528972150424784
0.05730088156552824
0.19278413299164526
1.215848042529541
0.04975092203295673
0.5673330958222285
0.1072475355677454
0.4261601680322527
0.08235478007810161
0.06604555415549829
0.07067182933269656
0.21236368210476647
0.07586033541944487
0.2065666000572535
0.05389848169153373
0.0174352312873716
0.06523459967655472
0.01649422714980624
0.06909755989033904
0.1762757078614528
0.29274622997472605
0.24825296345379155
0.2508355421788833
0.7786974758604824
0.18844719125520865
0.3307207891646153
1.0101391792878398
1.1222915719477249
0.4301130361090603
0.4500025162026785
0.19698034054264396
0.02268855617785116
0.3793994200517277
0.06207759523150683
0.07645353564335412
0.03843810631139581
0.12584873222159934
0.024645806130778238
0.011970355945743172
0.16643091156843934
0.2292004331031698
0.059904959063361476
0.11795830653986834
0.21158416190470025
0.012707852144774377
0.08715908525599744
0.5269574193727934
0.0964488477666319
0.2068124546807631
0.02467135207363145
0.2460133519020408
0.05807887337263345
0.028010868021524898
0.02812459654599578
0.5147374447228451
0.1514631814188331
0.0363110653819368
0.04041947880982386
0.034714444164260366
0.21236368210476647
0.0929305348408946
0.01925468996587632
0.09552519535298218
0.5706388867277993
0.6642936263292823
0.3603903647082296
0.02418598232471068
0.04740929400836768
0.11221139015290882
0.05292962440927411
0.1945139893292825
0.028774204566508088
0.021330821705610063
0.03621571250953245
0.06128189817242249
0.042861625792076516
0.04142936411719833
0.32273112210985405
0.024682435678861067
0.023701767862364748
0.27438493088115706
0.0320346629234466
0.031991536927088
0.07067182933269656
0.0627609062939286
0.035575180620324234
0.03473951360443929
0.07157014945129703
0.08514078896175105
0.295003938331528
0.15300914730547424
0.8328009610875786
0.028998728582254864
0.06807169009484622
0.060789642015006126
0.021451803260715597
0.022829807997323218
0.26195028593828884
0.13153290947508064
0.11320760561974764
0.15612869869137694
0.4410044880879512
0.5269574193727934
0.04382452649138464
0.09108597179237887
0.06263304493328327
0.108616149310101
0.027748945047419888
0.06140589146918762
0.15590024780844358
0.834014256973236
0.028702091768030888
0.1022173505650314
0.07353340540981444
0.9003327047851468
0.3296096959469806
1.289303900726513
0.08322900058494079
0.024809854692202787
0.2309145580897652
0.32027444789136233
0.031789657751926666
0.024758073692395598
0.03843810631139581
0.019929756181324542
0.5579483734288585
0.0627609062939286
0.042594122346579034
0.027064055843716184
0.07067182933269656
0.03843810631139581
0.03871564290251375
0.08050744420788104
0.07067182933269656
0.7769346065564058
0.1349491419998793
0.3296096959469806
1.6996190466889929
0.14127984707242547
0.3619510088116161
0.2065666000572535
0.3090433276155465
0.801917436073137
0.13278592343265788
0.06494208149438699
0.04717101710829829
0.08208308682394196
0.5415724307263853
0.4732833401912167
0.2415237059917105
0.02243306745718419
0.18801281690657107
0.6735791023072772
0.10580741288015937
0.03657041156383155
0.2980660831666019
0.08052014992099571
0.18320290936113792
0.07567273444758693
0.0901949224651627
0.042963292640672994
0.03867471198181977
0.03131155785637378
0.15124969912754574
0.14853956715566893
0.4358386625070213
0.029262490674792994
0.025378518933150258
0.046759225790538234
0.01802921355350797
3.852960403127472e-05
0.011066377675431395
0.014824004957450487
0.1759425703773125
0.02537726963659607
0.05745664150156811
0.028060292751464884
0.1580507891356729
1.0481520280724533e-05
0.0253843666967238
0.17641306829965692
0.031035605305520787
5.6905224715492186e-06
1.998193639865392e-06
6.690410596445366e-07
0.024101778998205536
1.5994033497521935e-05
6.8317740268466755e-06
0.07088695590393253
0.029883845802066718
1.1921622652531954e-05
2.231615779203611e-05
0.02527908054708429
3.5943207938934595e-07
0.2278955182756751
1.0567512567478987e-05
0.2703804734731807
0.17294301310193042
0.042361423608280616
0.15384000212408971
0.1720023263078682
0.17064106583393635
0.221451339924472
0.3950615609515004
0.09731277242920804
0.04143901677913744
0.037699068285545666
0.39482129190169096
0.025939137855953903
0.06648660825566455
0.048901879435355636
0.05825178624420145
0.11506825671701995
0.29242942117276416
0.05278691985970185
0.4182462830817485
0.09972136130462292
0.12769978251107314
0.09268160462211046
0.17338697525667274
0.06020682106138162
0.010139669484385131
0.11727408901679695
0.13945598358070954
0.036410635690911575
7.963636175536207e-06
0.02537875125791513
0.0252995150283433
6.64591592077625e-05
0.010030206727469557
0.025216372793438243
0.024811140523099042
0.025380296018040732
0.02535559734923046
0.18236979125593106
8.315255972642807e-05
2.282916252888533e-05
0.08014071378038429
0.012090075982705948
1.8571502969950078e-05
2.0899550829886448e-05
0.015277949771220796
8.606565161880809e-05
1.1623086214784774e-05
4.960051150491956e-05
0.05852083755484463
4.389276273153591e-05
1.9134632509577144e-05
0.0253761107385154
0.03748246308820725
0.0823991521108048
0.010088274232934069
0.01005144458267537
0.06794264264388232
0.010049634259057446
0.229567105003166
0.17108511820315545
0.10118581924906844
0.14079277593093845
0.11352942127400542
0.3949122933014155
0.4355781708996864
0.07567079574819605
0.058213575453231615
0.010028534731021015
0.01007987316199677
0.053973498346889255
0.04552037872932516
0.12439320058119528
0.025378649359324656
0.10148077792336804
0.02440934960336068
4.188107751401197e-05
0.04980731350494254
0.09004976686363345
0.02542585820275979
6.809803126233609e-05
0.025993269093788737
8.81993854235325e-05
1.105615872778627e-05
0.12858522679723444
0.08094451143461147
9.713592861427048e-06
1.1823379516273907e-05
1.290252079442398e-06
0.010032199606791513
1.602300201170524e-05
0.01004372579997567
0.010050918314113656
2.3454429886937384e-05
5.358219787132988e-06
1.7184039127061112e-05
0.025523808969622825
1.9014341828699093e-05
6.834432905439375e-06
1.7853446726326653e-05
1.290270691197276e-06
0.010928047992492874
0.13271554191923188
5.638172889399749e-06
0.053694039612954186
3.9926163363114896e-05
0.02537837123830673
0.010371456312614059
0.025684078818868302
0.1708191347235223
0.058702706277081865
0.02635946193997997
0.07499041632838628
0.3893663827793303
0.02552209452221822
0.02512144453226195
0.0236434183283702
0.058201026053961574
0.14852412585827332
0.1551888704185831
9.883565274076867e-06
5.159641276106405e-05
0.015086820042526781
4.090108677333601e-05
0.014806458170278869
0.025580009400462872
3.7090613499658504e-05
6.833949950888295e-06
0.1124914732645532
1.0338828354087114e-05
1.993337902585101e-05
1.0573487609983473e-05
0.01003860971065035
1.2898999326465315e-06
4.170634324238174e-05
0.023545625479229323
3.298723213089601e-06
0.010926162298148677
1.0281048918181143e-05
1.6954628871686697e-06
7.470388318070071e-05
0.06677521698131964
0.07427499938877756
0.010083626130902744
0.024595918088733328
0.025378628570664842
0.010031139246541584
0.010028424337657256
0.03712950622862708
0.025378310220983923
0.02588198516548114
0.04459627053884028
0.9111074993561707
0.01040795180031043
1.0569868851842937e-05
0.02529744209687512
0.2291116172380023
0.0575023650851161
0.010029051110462995
0.02547564873370856
0.15149883094013175
6.935558661279099e-05
1.0339382173688126e-05
0.11052166230017604
0.05342493926785525
0.010041519490279194
2.742915091561657e-05
0.07121283677293695
0.0101237265228834
0.11604950161335632
1.0339315611664811e-05
1.2902324560615498e-06
1.1044983234293616e-05
1.602092559420807e-05
1.4650669006547782e-05
0.03296800231000427
1.4199191230666226e-05
6.833422785447505e-06
2.057849072086335e-05
0.025376638571412515
2.409724970035969e-05
0.058084079901408014
0.15686653973172004
0.0896532832695564
2.0225942962952253e-06
0.15844892673394825
0.09840477294511978
0.08953388999296155
0.026685412574320458
0.2751887381381635
4.272081229025536e-05
0.15457915515777915
0.06484804385578981
0.025376646756277703
0.10003443604865454
0.03402233204424282
0.08197890276258507
0.010038266565564844
0.2755673291658189
0.042903112240775185
0.13912133338376864
1.0672985404074553e-05
4.2404359239886545e-05
0.17380741560092194
0.29629300249826684
0.06603630486419892
0.025447204274173855
5.96008735446035e-06
1.1162065592439521e-05
4.165681658520984e-05
2.687385510137153e-05
0.1036039095207596
1.2903833122563943e-06
1.0730185072426276e-05
0.02368490107896201
2.720191773160437e-05
0.02537758511704936
0.0253906970497342
4.144929195806602e-05
1.2907549068724877e-06
1.0819813341349656e-05
1.0110492129285036e-05
7.595563285697722e-06
3.2969439493307293e-06
0.04349588471338781
0.025375831060294927
0.010065664970723948
0.013221766884536156
1.0339407554607423e-05
1.8620569860693964e-05
0.13301696874534386
0.025404587635576382
0.025378523448764543
1.290386488693423e-06
0.04291569482885352
0.09888497920590393
0.18343616535156348
0.142501868850816
0.2203338078409427
0.21711675029017305
0.3285161869676005
0.09934145994478932
0.09124847739152814
0.1799394670839287
0.19492826422903728
0.08120848161321098
0.10059833033141573
0.13135068178983236
0.2718813048632337
0.10133782292411816
0.03772261918906375
0.039784044951499925
0.05818133574442076
0.15184975368316886
0.09080298267655812
0.10782143442081196
0.2486861260593504
0.2086116685768164
0.050532084731972085
0.03331613038377792
0.08093302139796991
0.0972655201165996
0.09111270727199064
0.08030181034087976
0.025544854739290017
0.07893758227157514
0.05306998877565671
0.26545862764143385
0.1013508107587056
0.3249287135077914
0.09160705695326944
0.07609525950306556
0.027825585906318208
0.0253775453483997
0.13682443552931894
0.02537594131414069
0.0842517533146606
0.025390615253009063
0.0895093988451904
0.1816070221219089
0.054108852960851266
0.277777580406826
0.3151901574579277
0.5277454034648207
0.3602142725997258
0.6085766041839348
0.6324976781838197
0.3441846307164764
0.20903623512955585
0.5884027031185388
0.2450970538253669
0.336170844453171
0.17233834472487736
0.30312013316497466
0.11443058949491175
0.34306036485026536
0.12692985719229222
0.1677856458334302
0.2067370294306011
0.08607087979067432
0.049966115233561086
0.06931146313728004
0.025379268966937613
0.10450596903848497
0.08175383857366049
0.02663304190809541
0.09386832109994213
0.23694203137564646
0.09359189890847912
0.025375956902119242
0.042028895776195216
0.11727263549353145
0.047360644157319415
0.1559031541601726
0.01852872779148642
0.05076909470589977
0.10670246445482494
0.25275062582358504
0.053631333144137004
0.11621609737828965
0.02537698660796306
0.02558936764198242
0.02539571825640336
0.2812188656887319
0.1158776614657564
0.12774151559101965
0.2409308123856011
0.10119270848637198
0.17536174583514025
0.1162981504095509
0.15876936249252938
0.13625025548302475
0.0935921355061596
0.09150325856150343
0.13542863731576255
0.11327798881122016
0.09975269273806037
0.154048987829539
0.08081477827387085
0.1250087761151542
0.1294030983397902
0.2995876987710693
0.04225691716579655
0.10972917734324338
0.025429604024005247
0.13135811831874644
0.14541611436561733
0.11900036193579724
0.011119430829730723
0.1299408128513423
0.050832448375962125
0.3257913159313067
0.07633308042611538
0.03964944269668834
0.1289178027473839
0.122500180710996
0.38590476969300014
0.4438517031371303
0.3808788748177948
0.059435354291899424
0.02537639854083141
0.10320050459049264
0.025554878168096297
0.10696290288838044
0.10005105926537064
0.0597895045345533
0.0898874945964474
0.1205390795841014
0.4303946784073028
0.1754502459604707
0.14121056058183884
0.2939768878887814
0.14345443044913872
0.023045503692813385
0.11296886856189645
0.3634116031768485
0.07347726205917532
0.19442035205824787
0.3175027976589651
0.2574264468778487
0.25274522132537663
0.07089598006801241
0.3241229009886713
0.07802956700951638
0.10575105564595907
0.13090884174013254
0.059543779528195326
0.2272859631378135
0.026166461504404315
0.10927301932904326
0.025373156574894726
0.2051714302339821
0.025387133459730944
0.16183422294562053
0.025921021899236844
0.14099244032420194
0.035599662940064385
0.14337943938794542
0.1339148392790403
0.325690357624891
0.2341152438889129
0.3223861718212893
0.3222786851310195
0.4003972584028666
0.3472767083878981
0.3479214007022001
0.2570153112544817
0.14385362588863326
0.1394694122333648
0.4309183117568508
0.16794703451987053
0.10729111716337243
0.280932898374783
0.1695884350052604
0.06914252977489327
0.2187560799259062
0.18249395324712975
3.38846960233628e-09
0.05878033131170302
0.07177073670846175
0.0976974517184908
0.02537594550558905
0.18828611307539056
0.09867702848761377
0.04289229197218045
0.19044816335646655
0.025532123754342717
0.046133732704959685
0.3942481006161318
0.17900708603356508
0.025383267057121985
0.2949116231398272
0.08287797387769667
0.13850822225071896
0.09073286759662072
0.13614038362450595
0.13248949978180713
0.0397688674478713
0.05312786677742694
0.3255305018215757
0.21371062337117025
0.1751804515876461
0.2837716593484448
0.2590702290708464
0.16667915357409654
0.17311286430056552
0.17154751473805255
0.11852847457383925
0.09036343895590558
0.10179712523931866
0.27015956246862016
0.0779366180675874
0.2557302852757045
0.3805076893036653
0.1326110382195522
0.12493700422346254
0.12537734584634008
0.14994652483716278
0.29883853198660554
0.16755552808254556
0.1063963030825854
0.048506085346799135
0.025376045930499115
0.0558841213312823
0.0813612866817673
0.26846328844169964
0.09357863716413152
0.15483718867665372
0.11800683592639885
0.05516094837736471
0.04564418457032878
0.3842299584183563
0.4355978037018493
0.02537595254545453
0.07358495148209622
0.11085368163689956
0.1667256014630972
0.16148692766528416
0.16623315215900092
0.025375869561054167
0.1579924643706277
0.17963462615936449
0.05185780261861449
0.0979585291522171
0.025381263084665914
0.13277056312480512
0.1782674999100923
0.07891124175221867
0.12977716330224026
0.10633203006488737
0.1047554413441156
0.052083916956724936
0.02573176527503793
0.15192667499931795
0.04281345645489901
0.07418141446706085
0.07776548475654547
0.025381419766494072
0.0333595476623972
0.05778975487433625
0.028033558917321382
0.10060451270911124
0.1139147089797398
0.05823404563101758
0.08761418806754652
0.0784964830426721
0.06611001178974546
0.07289899577904912
0.047698272528885984
0.05691721946296011
0.07892083310958957
0.10261769068694156
0.025381678994296518
0.09283563446797301
0.051252447055269414
0.07678178368789702
0.05819972741121718
0.049419782995731125
0.055716282034008746
0.027057868531832736
0.07751710678344166
0.054024478932900674
1.2251977433235193e-12
1.2989604678140922e-14
0.050951996937805305
0.027504602764662416
0.02537992412370359
0.1307125044110147
0.036772101795801336
0.050798579463341785
0.02756649730707159
0.1828132189555188
0.05126635048712142
0.05798351283047755
0.07172407997023983
0.0253775848076399
0.2048719551207887
0.025623129462576583
0.05091981049929642
0.09130683861943988
0.04565463701123087
0.07855026127605105
0.02537430440155088
0.05456763497365996
0.09974808778109108
0.10251876660538982
0.059285636895121466
0.3337147500046032
0.05098354898859938
0.025376011427119892
0.056101667327286366
0.06110755165985779
0.02544665438608949
0.0424926202273699
0.05781891492342516
0.033259196166319546
0.08186009318191499
0.02910643060428107
0.02611642157953919
2.4365168074644885e-17
0.1164937852326436
0.0583144767232192
0.08489991888700033
0.07822420932757371
0.3430124060615867
0.29509849022931983
0.2074245058047436
0.3915230068724473
0.3896370981753139
0.20905075655909605
0.22869655647721865
0.2480565459465901
0.15640885391697418
0.14583426311277414
0.05847713953988504
0.012809604752051366
0.5610874651315045
0.2813072279364993
0.20925339607458826
0.053949358100570735
0.22274241664194827
0.35151652243445425
0.3902470424450831
0.18966610972607112
0.11687727584566265
0.3140138706535362
0.2851239461945038
0.3227310047957141
0.424020329581952
1.1584053984808715
0.0908600341432104
0.3531000105663519
0.20160128782176145
0.06443995735811088
0.07963051429709245
0.06759494693117557
0.0008767712874505844
0.5711823136416253
0.3902177846141291
0.13765697415679934
0.04817701707202154
0.15417752872059795
0.23724764502607876
0.21292957541721286
0.21052066009303688
0.3897608285163729
0.21544408710965704
0.2791647373515466
0.13118775482779002
0.3815564430640933
0.19336160755331167
0.0636345295845765
0.0527725222158958
0.13650383142206796
0.2348748015302537
0.7740958926819265
0.08202283345737009
0.23793801691163505
0.1879359498194536
0.12554905127654462
0.03154477544388861
0.013486984274829642
0.4779623569706568
0.6520555130481133
0.12495092131061138
0.058207697256448074
0.36929554994707536
0.29317229987430005
0.572247638557968
0.3360855941830034
0.19262982704088516
0.1105986660942419
0.0821899709779166
0.20390821133620954
0.09178182889025703
0.10307409012429752
0.2925008969024309
0.21814130565925072
0.05823522742116551
0.11828533793363626
0.2707339125353081
0.196992479844752
0.12531435173569253
0.060570392982458136
0.027259634530545026
0.8082229319379693
0.7262312460888714
0.13530543550513596
0.05834259430563887
0.3519433399532076
0.22767793114403595
0.2473260648367629
0.07803213380381263
0.3004771237310448
0.3642965539279004
0.06200011319274485
0.3465735521941722
0.1955032557526824
0.10140240129537233
0.2956432998511272
0.11184847492823666
0.09863157307522423
0.12274687141477646
0.19404075813966806
0.19585233485739106
0.0923205485901542
0.23567887219475694
0.2305316019183669
0.122082057894511
0.049676964507671
0.006598994201414421
0.6552652398424269
0.3125971239162286
0.1835893542483145
0.058255221520054086
0.4632025306276421
0.2710386877213797
0.3078058389832513
0.13314941218323914
0.2362680280481957
0.22272731651709607
0.19598518358226386
0.295874348442235
0.1362459156729262
0.11378851358862027
0.3935280700876035
0.3443787577055983
0.2365518065044861
0.15130306644816033
0.2164243752184592
0.20009223000535425
0.0908199916714174
0.2004896603164769
0.2511491358189993
0.1226832339032398
0.027055008537132986
0.013049165605103878
0.869128646258951
0.4298509917310072
0.15228183474333545
0.05829387835225115
0.2420914326841378
0.2970438876735289
0.2739841566683217
0.2623096248672859
0.3558163969144223
0.18003698846772648
0.3259673899658591
1.3772008636866524
0.31881037913723903
0.21018413780292308
0.4125425305500841
0.2714309451330098
0.11638303167058613
0.3469111491245149
0.3516187542637838
0.14493234508056646
0.115343537091008
0.4304316771219012
0.13971177992696987
0.1341071243679924
0.13743830420529776
0.1330130407454251
0.17822134541824047
0.026037608400057328
0.7247719293322916
0.6803510929876061
0.16371160963314474
0.058750685994435586
0.32031624144451704
0.3622465250118845
0.2146110291990076
0.12172850646193722
0.15113691399964754
0.4088489564958897
0.15109911252486236
0.04836220566156736
0.138519385905702
0.2836311409239349
0.0920721194469183
0.11237474303938257
0.2308667911856317
0.2328428284953862
0.22605567346227656
0.22089430027963544
0.3308762438156104
0.2472893818699699
0.07528034825228606
0.19995955688261424
0.2266400471477675
0.2557565218286628
0.025739959784792817
0.0734342390639476
0.08018773008391697
0.12248966458293348
0.11157396470976212
0.09052903055535788
0.08897310341645139
0.02711569538500691
0.09888972444152327
0.1190929304893272
0.1424311662356887
0.1863759704383801
0.07783250810031411
0.15484928782639673
0.06291990858394984
0.11768926437630844
0.2511399234314444
0.2433067419492107
0.05097378155223399
0.13764689499935542
0.12358083494132124
0.06159851378464031
0.055486360820911684
0.0608220193639072
0.05025920155868526
0.08050421577290763
0.04081785376135656
0.07595581633350837
0.08625945032217251
0.061297437382025435
0.10989327164961953
0.0253636433434096
0.025375914528315818
0.07827090542503168
0.06069319597039361
0.025996582132105702
0.15916043105527344
1.2174717016381522
0.6230275795040076
0.23238774944295246
0.2180986981007452
0.17710938544640573
0.3034685155843598
0.15354453562402393
0.13727451128365462
0.12598486202618048
0.05143815172882639
0.13387318340466087
0.14003388027253674
0.04501405781430772
0.06748814137661621
0.12045402228935315
0.09294195235073986
0.05218017323903227
0.055014166488645176
0.14860999358378366
0.12704380543867128
0.0741692402420504
0.07530784428994322
0.20290937870731748
0.146864842914716
0.05239462338333932
0.1297490524306765
0.1745568390778528
0.0997503508302134
0.05067896405886205
0.1292086003447648
0.0522628761362145
0.09590694491733588
0.051584118420066286
0.03316105504782282
0.08072489506790162
0.026014017596748585
0.13782987276794778
0.19671962335061413
0.2713621276245925
0.025376355343747648
0.10437520286863508
0.11474944776008167
0.1198371759058526
0.10648351826734577
0.2438914078198493
0.07766853746109911
0.14618576995145166
0.2659665750875251
0.18657066984850712
0.05097445910303637
0.15947330125220802
0.1959743474008522
0.07213872066701406
0.02537973589137101
0.14705105713885064
0.236994097726174
0.12320203593291498
0.060298529754180284
0.19729707544261224
0.2858895125661836
0.14238921901127194
0.14019766959820626
0.1594125704394022
0.1612954311288795
0.1342159141516139
0.3164803244197664
0.1982995990423131
0.12227356047248952
0.08276079676845177
0.05230131034216095
0.2018398195030789
0.07621756492179538
0.24702231027173385
0.11831243982333085
0.19971171671411564
0.13543535541602245
0.2910552843731598
0.15482349187971411
0.1437759817310976
0.4204889248672313
0.31206760612062306
0.3064828787787013
0.049453048213880066
0.2948171464858007
0.19487411843412053
0.24689201029609315
0.07376771215090618
0.3655786902940675
0.3334086856311563
0.15801362834202828
0.3115293768984749
0.17699989200253136
0.43240373343786026
0.28843819736203524
0.27175300965672405
0.09635371558718636
0.20576554427296376
0.039168532393130666
0.027648394320677262
0.18016948985869816
0.026903102262945
0.10211258982745032
0.0285654459332866
0.1169730651840112
0.06939590667795731
0.0254713973434516
0.05373272110400582
0.08753341198948733
0.07468974839632503
0.13965150830651735
0.3043722967221647
0.2537152632924488
0.1635887707252347
0.11189764332738199
0.3223047365105099
0.20566999375153608
0.08615781192467975
0.2762426698012996
0.07022432967725717
0.14397950596012074
0.1458735227459546
0.2699200991972245
0.0263856070700593
0.11868167631659128
0.36849513435922654
0.14449443692711733
0.02545309501643176
0.10094305709582148
0.1968783649662584
0.031058891576532525
0.09042382602525698
0.14685763919264236
0.051594088139137566
0.05096558574569933
0.08084733719783427
0.2393050205978944
0.07454414618893085
0.30311281471467705
0.04662790707389116
0.15407727556907416
0.025726976951165263
0.05348959416769528
0.1355776503373826
0.10707770348584504
0.09172454326647077
0.02360831350439445
0.03353080886003972
0.025385049430455667
0.110254581640509
0.0762669727099543
0.1312269458583175
0.29210868363730297
0.07081856744568023
0.17023925933364525
0.14880879998630092
0.16154160874643994
0.261628598251998
0.1046182447501
0.025390054543745842
0.12255028073629942
0.26945997548664896
0.13488158423825033
0.025399296404170785
0.19078979571279
0.2292390674786771
0.05855626281444602
0.13359880853438574
0.21323249374010572
0.2382111593578608
0.2320696859757145
0.10453846861617948
0.0773064894580415
0.025369254170879253
0.12418475789183625
0.025381477946641896
0.08540952816996218
0.2003725355374055
0.09806752594598388
0.02537810185884765
0.07732119918974698
0.12346666955695475
0.050361511947607365
0.02539582932640574
0.025262987917370142
0.025384447187788317
0.0797207714342719
0.02188100605040578
0.025400336737023396
0.1892284256158941
0.06995738887720547
0.1189377670879716
0.3123382823170435
0.33289007099672124
0.12373086493327685
0.19721784413584226
0.20153149886314728
0.06763721107921565
0.052905517613410065
0.20435943492905626
0.0788191597536796
0.025574069067034664
0.05058736732071382
0.026971660465914562
0.07904634112527398
0.025022414642109827
0.05103654433616523
0.02525188898304956
0.012275893606932
0.02537945835426437
0.17196404115605313
0.017620384855271252
0.14135662484923545
0.13075630993611187
0.09841430236393033
0.07899193782804184
0.16706455094426767
0.05650736115385035
0.21848846075259773
0.18321053175808452
0.059739213317608536
0.18686903048477668
0.3951583033317805
0.01895376926139881
0.02344411511850379
0.2359730794482927
0.042799212177346994
0.014066082263284206
0.1331949264635927
0.03323575008181598
0.025375794905906662
3.571371268633434e-05
0.010745832067972428
0.08835027738226378
2.7814254045564348e-05
0.03071740203626905
0.022380631464843363
0.010143494758237972
0.1328420735273149
0.08529378422376617
0.01004721716646333
0.025376281698887188
0.10038510679871923
0.08181932344412815
0.02564124383346429
0.01344354806891808
0.04506182910288757
0.07269523404906025
0.06487622953257616
0.026198747118216608
0.02838236268251458
0.13943386432251986
0.02859717027874051
0.013207456664928792
0.16870509924405608
0.12075792956560065
0.2627447670876173
0.06240974175440645
0.03064839601269045
0.07134381933293095
0.06729121191296254
0.02558219465092618
0.010329055300288952
0.015356113239478244
0.011760391664792494
0.024944576919874083
0.010040373159809464
6.0149855088358643e-05
0.01177445603070178
0.010034454221875658
9.655951313563072e-06
2.6251799307493782e-05
0.058163332430138916
0.01004125567497582
0.014071546266506856
8.998038806963302e-05
0.11123380926373284
0.025377740853773253
0.1186981235856161
0.09505797899213578
0.02538223394972932
0.02544358958688516
0.15649726566424368
0.1689721054274608
0.010527167771312296
9.617303065044716e-06
0.09732381761225524
0.0892246869251237
0.025379302207335842
0.03083927413688634
0.1013950494322649
0.20345388160997246
0.13261505947161953
0.010055959325613695
0.026197087507660536
0.02537638874472677
0.08365996902044917
0.02546389362762519
0.0260418449672155
0.2499593083357881
2.4929855094644118e-05
0.010064260626908149
0.3060846965743076
0.026035310524691418
0.2845786926830945
0.03487485428399388
0.10452121652529772
0.061582105052061624
0.02540283873618464
0.023765882685371383
0.010030566277706014
5.607135510376794e-05
0.010171435714032884
0.025701713459006143
6.0149855088358643e-05
0.025390673531953758
0.012508060752359045
0.06944624026385236
2.650678615084979e-05
0.058288403707088376
0.025377713233682497
0.06141025419682152
0.02537979150441844
0.01601154594769656
0.048832986382430464
0.17250746247910714
0.10067905750011563
3.126808892449026e-05
0.025385841339902883
0.1032223657492908
0.02538937426019301
0.010044186978747493
0.524907411365026
0.15966018401228574
0.3032327249882541
0.02656356464924344
0.02137247201465263
0.10100566925608223
0.026248381322106558
0.05057109340967992
0.010908228420030577
0.17108748968591156
0.013276045296916731
0.0256864536500694
0.31051620860965395
0.08749124317083655
0.1904521963593204
0.021927763825711374
0.07377089335852959
0.057919946442548526
0.010089065886273858
0.10309182649382546
0.025386478836308245
0.02538088784255621
0.025502450660549413
0.02543829227879285
6.0149855088358643e-05
0.02537685903888369
0.010050922616031731
0.07670830700733973
2.701204416720806e-05
0.03044472370859506
1.7224556927985005e-05
3.1046979829086154e-05
0.05350650126627704
0.012586473330620386
0.191617093173352
0.025376276099290697
0.04871292895981246
0.02537602652643443
0.1417135337781436
0.09378735890445666
0.24033311708351626
0.06973134023200359
0.011729435605576936
0.025376311244732167
0.024081088646611213
0.02539168050618591
0.07847247030261208
0.011396069354027582
0.019819508514518486
0.02659294767199457
0.06251081842738705
0.03365061732458985
0.2022621368385672
0.02537978158441808
0.22417899827220025
0.026362273173038905
0.0301553220398378
0.016965253967493828
0.0694034611363653
5.5654303227265135e-05
0.026366481374409324
0.06316431528179113
0.02121408708179159
0.025403894241494914
0.03494931408501352
0.016279468999449646
0.025386408926127247
0.01003284779822842
0.09488382680081144
0.02538648636479153
0.025391480496514327
0.06484745372889975
6.0149855088358643e-05
0.7069058126463903
0.26395043854162786
0.023929729675328446
0.2995452072605315
0.2234110712461817
0.07460500338399123
0.025376698357929363
0.05970634103251979
0.07753488713621806
0.025484601303762462
0.0835621626462983
0.08928520663323089
0.08709867382788186
0.02583763963851871
0.02543576681198973
0.025379087362546383
0.054347539094031116
0.02540143473894955
0.010027344892551934
0.025428312610415383
0.026540287613609
0.02537923381621889
0.02537982073180905
0.3567362335079713
0.060546266298918364
0.12413422214352295
0.07020203844287644
0.054870900707269486
0.07666214927566202
0.013663288463008462
0.02542828429502129
0.02622876081633138
0.01871678339542538
0.018106714338325308
7.197088075014509e-05
0.02537796594071761
0.01664833279645586
0.05526792699700614
9.130440511119644e-05
0.025377215071355427
0.025385174213831952
0.025379450744230925
0.025377768169914203
0.058372745727737416
0.1385503129207719
0.02554460855159553
0.10682922622302923
0.025780930719675303
0.025325474294761074
0.02255373391051137
0.18753415918228494
0.07785065499179615
0.025682514775924672
0.02546200962159235
0.20909074726332733
0.03749560223978801
0.06978966634639612
0.013124610991415963
0.11142885269283688
0.038040968361405365
0.01884807862208808
0.08087886057601469
0.21079992879348766
0.010067769258289215
0.02540270082805453
0.371714687503988
0.08006134862818716
0.2014236787212723
0.04378903402677335
0.09637187215760083
0.15607817621236905
0.02805142858025005
0.03148538357970188
0.010048940970318243
0.025353801055308732
0.01638033849039377
0.025412037409282544
6.0149855088358643e-05
0.025297814257465998
0.0382304104406289
0.025466130850590414
0.02541520591291561
0.025377633560089524
0.0253799059757024
0.025377055628785887
8.731898783407925e-05
0.06522196359478802
0.07007916012025721
0.05793936309685825
0.025376027630439276
0.0326095484013242
0.01979311026840708
0.07096445978555124
0.06473271401150406
0.013979713514428985
0.0254090086544293
0.18580222387786027
0.4118345453387055
0.0923411381146635
0.09820001592035772
0.08472524517834576
0.014022898323352687
0.025627383902646825
0.022651967531345792
0.0101254211819985
0.01889518596690373
7.379380335546432e-06
0.035866044403978614
6.0149855088358643e-05
0.02550456090103436
0.025895325361916608
0.02612973319509025
0.025371424411492233
0.02540642956895126
0.038324052410190525
0.06926510986105049
0.057877169979646176
0.027390871581383768
0.06658581124160777
0.34256739739457936
0.2082507250643889
0.2243729249690212
0.29871468276446006
0.024218411928341455
0.025604256363806026
0.01647249741989496
0.054795626497905495
0.025402539544837
0.027227345612687047
0.09030143340354377
0.19722846924099632
0.02820293556111733
0.010085181453833957
0.2123478843612726
0.016657561558432666
0.025498173703526725
0.07526844460916153
0.02555423825388959
0.010510567120099505
0.02537843830611746
0.4330079510675226
0.025386203276100083
0.026440759907773097
0.04881495982185776
0.05798304423215515
0.012849454485403887
0.025376029851174844
0.02478908929678513
0.033758535398781916
0.026838243246639814
0.029602173889605312
0.02458798069137153
0.1261954639296237
0.3724606681302364
0.1231280963189412
0.025365728931270426
0.15162876410517295
0.03147535809079826
0.0536518984100997
0.05972641806071637
0.027784498768666118
0.026373299674867075
0.026927947370905758
2.1384353157882204e-05
0.02554228643552749
0.015629449459647227
0.046252951443146055
0.04514391096387431
0.025462617016179898
0.02537988978734049
0.01003986482738083
0.02597729401996338
0.08397565504119019
9.262218164920292e-05
0.04758913398792445
0.2676954434569685
0.06340551351383325
0.030119072445905507
0.06678159004259067
0.35657193570110074
0.11414804699715285
0.25396894953899435
0.1462018987653814
0.4356635375054546
0.32100870912353285
2.7510308217146883e-05
0.07222224972059244
0.07361394206248906
0.029151181619989426
0.060910776347787965
0.2316382762166904
0.02903992161259924
0.02535635285355371
0.02485812105373091
0.04735359721848528
0.06283599619309023
8.842319870250575e-05
0.024639186594994526
0.049141403719342135
0.06679630403333102
0.025376355923758417
0.08197190193572138
0.256084181917798
0.13022641703128618
0.023781966641267357
0.3317715805282937
0.06811410482139435
0.2725923125917516
0.02539619983902776
0.17836296371744456
0.09821692855816656
0.029007250769174
0.025547407471811955
0.11062332689086007
0.04070557106561517
0.029015838319841482
0.08587983757552367
0.4066197080304427
0.05593766555219135
0.09720984369192487
0.05144842534710863
0.04409152679659581
0.028124787383482158
0.09446204116470347
0.05503598666470711
0.08000124160156423
0.028779353927377162
0.05342062069120202
0.11253893157593724
0.0771124990822431
0.076189994755082
0.07057923939391528
0.2920922890736347
0.026617411723892263
0.03905640743000277
0.05871287626236399
0.09218644436116648
0.08535211840724279
0.11345431522454785
0.07586128586258098
0.036335292599938215
0.0015353935195169144
0.07876065755385216
0.07169072190007066
0.20115432067875103
0.029359624897107306
5.350690830029658e-10
0.05822257324795638
0.07428347673635953
0.02576587151496585
0.02594536840096751
0.025375944122241704
0.058227195826130174
0.056241192513613265
0.030943850146768093
0.05482791529297065
0.12639887383839002
0.14248493941711318
0.0581602639980046
0.14815420196941667
0.08153665584230403
0.07273846119178495
0.025423657111752783
0.025433765705093044
0.06826554833938306
0.03563127016613435
0.14471168802491452
0.11553214947471313
0.02537714306045242
0.025377118199373296
0.02538175406836353
0.1484409528760514
0.14575586662516
0.06132664987775663
0.026323654968541943
0.08332662274409912
0.27114507388170594
0.054131044875049
1.864071260588532e-09
0.08780564256341374
0.025375621814999843
0.05315322944547779
0.1367882731763529
0.1720013133207014
0.08317943366824761
0.05829223404122355
0.1446066173173466
0.04674636509278548
0.025405094302653888
0.09397335048215603
0.027196026019462808
0.04875519831717216
0.08551611222809666
0.100722461394013
4.3856290101302575e-11
0.07346470011580042
0.12842845952292406
0.12150029928735442
0.06521552732063009
0.02555379364922521
0.20510325215867065
0.0779092553732253
0.047327084128855536
0.056706784856559424
0.02537986380420241
0.10443853783129864
0.056701559121612635
0.11449469336837502
0.116487124609993
0.02583910395164672
0.12149802169511666
0.16267788271665434
0.06813686788353003
0.10638604322582254
0.06279139024910159
0.1339503011133557
0.11740240023846513
0.025376407290592727
0.07586360660202063
0.06443505678846825
0.025400587083159825
0.02609339020767248
0.05824981998868847
0.025384000003734114
0.025435611656087515
0.051811628120791126
0.034659625870325166
0.04090439774073045
5.350690830029658e-10
0.05748724195589028
0.074341383314443
0.058221554643670036
0.1021578447638297
0.05140375768441277
0.1221032018294886
0.05823483030588216
0.0677260831235641
0.08961498422725428
0.026117050886283508
0.17801337665907654
0.05555066756687333
0.12402460519991725
0.12884152030105073
0.08042885814720427
0.025383674770699718
0.09900407722926972
0.4469616171510163
0.02655088705078944
0.14159652823455882
0.15195345768201166
0.05201184909174653
0.03361085356844253
0.10221866951890436
0.02752700984415958
0.058167520467859425
0.2629053048172859
0.03860851795202495
0.16281542954393713
0.07215050525997803
0.040794042102695036
0.02537860086374955
0.1804389855108564
0.06242149445474107
0.05839524144084383
0.026001694773572108
0.05826094940683619
0.2438600890053393
0.05812795047116461
0.09267752320329974
0.058191369140621285
0.19227192234780607
0.058140580777384536
0.05560266739678285
0.08729714833669358
0.06129502023438736
0.10024313365687744
0.05917148508758526
5.665317576395984e-10
0.0582617036983346
0.0253823630792828
0.04521698286843656
0.1701723653414328
0.04985057111771191
0.025460303246162042
0.02538268557303153
0.02537594165541233
0.04287284290068141
0.0797971360662561
0.03166642345668378
0.18211817205941624
0.3694199932650824
0.026825537594812283
0.0036706419057643686
0.00035135796454476297
0.00020345735241847883
0.15399600697099775
0.010031731903979508
0.1921666442192469
0.058696956094390185
0.19761739301105805
0.2702326423592544
0.5782430202018648
0.5298290111451156
0.060195930317344465
0.14766778656313245
0.03566774467690748
0.0001091802577194644
0.032858279081329766
0.0004511994472638073
1.092120209774771
0.03760799006890343
0.0004018270047222707
0.0012162927793531527
0.030249458856302005
0.3603358220843321
0.07274558787470331
0.061776445683575924
0.2188730920103448
0.0010173532900609283
0.2106891533392093
0.02572364941544393
0.06743318638995474
0.1338026819238581
0.16486791895951305
0.4160919280029055
0.4357851525658352
0.13389960267050766
0.18548879845997235
0.3921750318967479
0.0014354364094284096
0.00020609402521877274
0.18978121427206787
0.15018154947291498
0.025500483043898653
0.06684062404476644
0.08215559745796984
0.05007046590792806
0.4568293972136456
0.2488873799297236
0.07493508619338826
0.059843233138908124
0.2831786069442349
0.027086738276968256
0.09777097379636904
0.43522540487286704
0.3877607305376073
0.06865545010019522
0.033752774382266794
0.0471349510213589
0.302505624337062
0.00038296329586582175
0.0009991130220694806
0.0012804022260447755
0.14942644957001827
0.028227414286304243
0.03158290633989416
0.058990729953720025
0.010068217987924958
0.0009991130220694806
0.2909205834986571
0.03234931748465815
0.2013472623096112
0.2895291052786257
0.15060458629184376
0.16130313795473747
0.3008222912527745
0.7760254190571617
0.16741666921085835
0.08023081744047489
0.00086578538753337
0.09267900090801827
0.11603204609587647
0.07694739805980641
0.025252158097385
0.12404484573835865
0.0009991130220694806
0.07739778685494263
0.27369345515278665
0.2338194220852564
0.1772511309165696
0.2027967023616774
0.6517120925776815
0.06387612781375836
0.9109435334204348
0.0741588706743806
0.09469752405411412
0.3573315881664467
0.025676360445242862
0.00017502576901673382
0.4123599804898752
0.9171263221869596
0.0008983762684183659
0.025461333653419647
0.033894786564376445
0.02989249763178624
0.04189547068297804
0.1274738160217718
0.047828721063761334
0.11974885036402405
0.3736622170914442
0.5207870842737
0.11512689728285976
0.07663722900939729
0.03914537846143806
0.033141556390590535
0.0707026674819629
0.0771448465770121
0.2795743532844971
0.02867929838579329
0.000289440166175311
0.00021104739213801234
0.7171963762657446
0.14269623525111358
0.0009991130220694806
0.029902073823505525
0.07451469388754743
0.2834912790513933
0.026629278044493408
0.07765077724109512
0.2711584631468185
0.14970872875069344
0.059999944687232284
0.4385403274581956
0.4491581203819485
0.9578789766850941
0.4362724243925759
0.16379057147520087
0.4515909483485162
0.8711935210256642
0.4937180657908984
0.372848112595535
0.28347733968498673
0.15905391068411304
0.26924482879517403
0.05571250418792036
0.16784746353043448
0.2316829197752122
0.14596206322745514
0.0010985503313055297
0.010052224295420166
0.2319382809034897
0.17046506771613892
0.05410303517759362
0.20797499560855207
0.009741852929420088
0.13721690198373498
0.06613339694025776
1.0030160865907096
0.7465185763563263
1.0960691797251891
0.1722159476226202
0.10250316661453143
0.3669577272534774
0.2887472216234889
0.0974771060686389
0.0019530948363132219
0.00017503985783161823
0.2766610229598703
0.2673263511539655
0.5070911497005903
0.14437906147434826
0.09901169003225124
0.7116376142835272
0.32389999083781523
0.1719285831933393
0.13700312481634894
0.02593202472713449
6.274003847509301e-05
0.001632867463588842
0.08796056978870354
0.10378931499826734
0.010033037616971793
0.23698796251023824
0.02574879348236186
0.02766433526467938
0.1978919955215708
0.07385006696330637
0.02324247265433016
0.02845556653914705
0.12591988283542288
0.42910784439620175
0.19447506298290484
0.4698876023711741
0.012192462336511554
0.0009991130220694806
0.203691183078808
0.07573550515002947
1.0004837259946802
0.8225448429237493
0.2703785440774853
0.4517734910732217
0.26912541814464364
0.015498896426102018
0.9903664027563924
0.14216838746423216
0.00019855865973552312
0.30179161804855403
0.2707888254938761
0.2522944187266657
0.06089095109967613
0.10772744385002764
0.29833615344968906
0.6286207218434254
0.3432579313937765
0.01006969331969172
0.15443133719867966
0.2605303884666126
0.13783440362451913
0.5818830843015254
0.12816141613727106
0.12807121611779398
0.08454536979094819
0.037307505631109066
0.02557709004017418
0.03238485082365758
0.3256978463278856
0.13791238415636078
0.5888057613630315
0.1516325896196382
0.02839807266711372
0.07897411103351858
0.15320669552953606
0.32498020884296724
0.028249264585952723
0.1774090632607037
0.0003841863545532134
0.07265425979768335
0.06309319448805313
0.8554940844209836
0.0609004763977594
0.5981668391858377
0.02868276234727473
0.026252705494560817
0.465849335530643
0.11783019851615205
0.02571163761352072
0.273105165061903
0.16505614035713193
0.4438297264025893
4.870183600245861e-05
0.04099730157976317
0.3875466451201181
0.2366903875252332
0.04021015388357655
0.010137589079527992
0.3622914593843232
0.0009991130220694806
0.06287291083087684
0.3768911379583005
0.024881513213027114
0.05990962590912712
0.03153032947126497
0.3980199356815088
0.0003414543467165817
0.023680403953562496
0.045185313235918366
0.003089357946577357
0.43261381239433416
0.06796144299520124
0.0012455949189845356
0.21042243813491102
0.3223013833471289
0.06930478514041345
0.0004959627962950621
0.05810108015198276
0.02401882347283794
0.03683609478744844
0.034131492475764955
0.006580929511616896
0.202854333236796
0.232815114881362
0.3094148686163218
0.4292325836148023
0.4273098288817132
0.07520430306266092
0.30369233888982616
0.2988019057441566
0.2122109528336288
0.40290999475128775
0.3176495104896382
0.4358117008531183
0.16548863458500687
0.4209328072884263
0.3548560895840056
0.22574319319942346
0.17001859534718508
0.3687470861799045
0.21613438990412095
0.10286495875234583
0.17227242103663254
0.2886655059515877
0.2516168688452484
0.4185505459979718
0.0476812730159738
0.31127254099075713
0.2970328785869997
0.2377874311475193
0.11144059891137348
0.3659795930813752
0.17208614132612526
0.19334564479294536
0.43161129719572733
0.42654322438009534
0.3053656828425446
0.11143008828064968
0.2937113902786713
0.43582876666562376
0.4268369411667334
0.4238216299045921
0.17217910732970867
0.7963553072924773
0.22991370435630296
0.2174661138282909
0.42790978969237103
0.16958540764205393
0.232343840806519
0.2226276001226785
0.43551108229396607
0.2024633226601508
0.1437730248107361
0.4339551833648906
0.12034492507846505
0.19642780347213945
0.16203899849707085
0.4348201147591989
0.4342273369604394
0.4146361941619689
0.2851839080235054
0.2841478384230318
0.4356262949594368
0.1864619338748479
0.32491223119498863
0.2952919151313229
0.2389035759939717
0.22505155383782924
0.08316801100797525
0.15094931967699562
0.258178450044651
0.07402786833973121
0.15952745409627295
0.14967611640266934
0.1438930515610691
0.029452061991478443
0.08176362647706559
0.3021014848543991
0.033090054061774316
0.2428857817046566
0.19709211132248225
0.41104500560412105
0.20135644171855616
0.1987668032646111
0.3343516101445643
0.21972559079012047
0.3080248496490893
0.2013134518813077
0.20628515729694868
0.34855028610273386
0.2633179463473549
0.09355104927518737
0.4208777899541438
0.17376070155687753
0.3130683887658352
0.18604374487659145
0.4126129365316849
0.4364117869212507
0.6818162165456755
0.2674436868312277
0.35624391919795745
0.36487274321813545
0.17230360046225998
0.3833252416151601
0.23959329079869945
0.3509534029342958
0.17219024412330292
0.99833034997814
0.3073773335583229
0.3092790460645232
0.1841960979237609
0.4095069457051021
0.2970147873900614
0.3112946808162093
0.1808003344868997
0.2873432365630718
0.2786663949187726
0.4200509382751432
0.1627658285251453
0.34090201038127194
0.30378539502670443
0.10782361494046326
0.2899164893160602
0.21061013653763744
0.04678724379743732
0.09529810495254754
0.22468013084885965
0.024597715310358818
0.4051668844561025
0.3183998355800467
0.14354735428786347
0.3339763117910315
0.16561058823002628
0.21766624564108814
0.4110708483878192
0.4351618138623226
0.2161879043621389
0.06757992779171451
0.14230077937472774
0.3004157440750703
0.42982104574328794
0.16421352276807571
0.10050836564895738
0.3436259139461094
0.2561471498018307
0.4329526716590283
0.3138540310227925
0.4154063412318182
0.22225754395686093
0.2225253591243041
0.18445712879133205
0.2366786727697835
0.1764479189594238
0.17908275955847433
0.4245319122306212
0.17184062879040987
0.19960799040941232
0.32326597518575306
0.38622096075384094
0.2107222085808004
0.12539901984628662
0.07656728669010793
0.3559274868434557
0.43409609374647
0.2039287146697442
0.07226165104518374
0.06647101864810306
0.08016088619899597
0.3663490721383845
0.09923876737981732
0.1775732758956865
0.15371734101146742
0.21436557509457704
0.20427392774842185
0.15167874717645516
0.024489275128246217
0.03188340856622702
0.171362628001616
0.04180023832209447
0.17374152108920746
0.4356572675675587
0.13583007940980474
0.03954542282952776
0.4081631844737731
0.2005692906572961
0.1530257973566354
0.3867023567362956
0.17405446767882704
0.21640510853544992
0.08349476830124235
0.17219555156903796
0.3735237756763273
0.20662738301273476
0.20172219201100314
0.21212548622187288
0.2487553040251349
0.11897925157687833
0.37200161004903176
0.15814304657548625
0.2163768338649326
0.15740160203975698
0.017169927302865113
0.2058999309664513
0.14398343934277102
0.15041921460721033
0.14159729515245334
0.24220826631994524
0.12472596704455825
0.17171658707900705
0.010226256805830851
0.34079963224026283
0.1083246489201274
0.2065054856495176
0.20511910386897986
0.3672685373275517
0.3018873216105409
0.03962162978765518
0.177023815842311
0.4317195396640194
0.29352506674167017
0.19617016098919288
0.2364408598413113
0.1724151484965342
0.4321250649810913
0.9773846760639172
0.9959657372882632
0.4190346074717909
0.17181501083119174
0.14074858794414774
0.9993608402863904
0.12848476126834668
0.23910105506205398
0.30377671649518395
0.25286337340357484
0.10303953205261802
0.2372933812061104
0.2070768402384126
0.07497080059585999
0.20801551621805267
0.1939364978565197
0.3025606889916815
0.18431652774254756
0.3507388839884345
0.19747821418333894
0.3809074322395821
0.4358524981854375
0.17166703060394667
0.3121824675779413
0.1727790162768364
0.17251760326052762
0.31697360849522105
0.12419345972192253
0.17260567260655174
0.17207422852491885
0.2951223063156119
0.11943588355568238
0.17218851335166874
0.16799370191778698
0.20184483778891396
0.23547358574035934
0.3125448144730156
0.029935480430410437
0.12429864861787565
0.19779900795142016
0.39781327839345576
0.2304966135614638
0.29438616039736576
0.21361548213514084
0.18408167509115936
0.055617634604601424
0.4224795515605499
0.3536707700227358
0.17613974202352278
0.2747760995581945
0.17588140733337962
0.09436887501620199
0.21895897494690084
0.17155239576124262
0.15080366264887796
0.29231052565079807
0.211563257973644
0.07618788127529433
0.08691779502915623
0.33517959005931536
0.17341871348220714
0.2282407403440602
0.3588879253050001
0.2974705012407796
0.32589549831268233
0.3909126541990123
0.2259429398368424
0.16282399343983672
0.22750809707921274
0.2270631454217367
0.155604215153634
0.282237294769812
0.4244799933383732
0.13886376424073976
0.1546331080949895
0.2714191651921638
0.4223621619893752
0.4237527205134079
0.4325895402816622
0.2981057631589092
0.21533575027574092
0.7097125487079282
0.3543460858937548
0.10769864070802446
0.17058313384639942
0.17230489523424436
0.2157111119022477
0.0800254327935477
0.310725565569782
0.17143230886410513
0.10056106642803066
0.15947821791267686
0.20820745379215744
0.05458285857515256
0.16777082364540222
0.07626065799987382
0.4165044596950683
0.4113850745932387
0.2306930297776413
0.2643554071745206
0.10295995700140476
0.13054956023187095
0.089236605036166
0.38826010941175104
0.17224304973310614
0.16587489984740011
0.15825623857478224
0.1729560821943742
0.9898537334877912
0.1542261737818006
0.06618372284698443
0.1861748079172033
0.4176492746107319
0.3805849319548975
0.37014868691200464
0.07769078355443494
0.43534360959883583
0.17237719303034
0.1389554445354762
0.19867033248815846
0.412600316666757
0.2903157118894861
0.14162514341749655
0.28117279358913105
0.18474961481462876
0.027695424297333505
0.0797833595853183
0.2608599932659085
0.11661785502797375
0.17191067492375572
0.14057099176819454
0.06711807599998301
0.20739283181295934
0.1711729115517202
0.1224667713755822
0.2338395071546591
0.17178482198454245
0.2972347451438066
0.0904172596063994
0.20533422532308684
0.05142182337372594
0.35262598384486976
0.12670852836461005
0.05791161713020231
0.1653515764877445
0.14024980934128514
0.06938948396884713
0.10531210625462836
0.010047080639943836
0.08332107299836848
0.08006850959333972
0.28299724028100104
0.020178336638572245
0.08832206263444799
0.056532772266680735
0.18530403027168524
0.09842426854196228
0.08756866567829696
0.11994555882590865
0.11270003619787435
0.05870717726913286
0.08012795202130457
0.17581226923246224
0.2335279915085301
0.1309825998920201
0.047655933854732935
0.14519267333956534
0.042053218831706984
0.1777160742709636
0.042248797709156745
0.025375939242194948
0.03298358082530608
0.07872603235105753
0.15559559152306324
0.08397463572990413
0.10513449956716507
0.08324571190079152
0.20609898479349095
0.17618272603042112
0.05825657436046981
0.047364941512968696
0.15866621351014962
0.21315036638046375
0.139996230713172
0.21488527506183586
0.16577725074879754
0.09066426520366147
0.2193525738727142
0.0935690554699891
0.04971002614730188
0.12518412837001658
0.25054303347762397
0.2589267106477319
0.10585215056939433
0.17285775455496136
0.025170645223285226
0.05059211530826383
0.22442542883584968
0.15386617081917006
0.058478853531510874
0.09868883415655703
0.14465280000009054
0.06424540811650345
0.05562397434059706
0.025873899843752147
0.09343688309266593
0.11103542787578677
0.06935047310173037
0.049153980326939226
0.0928056965662112
0.1588797816466789
0.2397160880074924
0.01803298800267832
0.1606539028099479
0.10594099883994636
0.2625780269253788
0.025411606360467912
0.2017355923880594
0.05808413023498965
0.2874716828298383
0.3235004293623088
0.10917064035057006
0.10017684427754746
0.05382491435473375
0.06457613427406053
0.06417082842870979
0.10891310153107936
0.2106021886205829
0.15796121595359144
0.02965455158600622
0.02537605004359245
0.4251810189680813
0.2917008275429646
0.06854241817133791
0.1121117931650028
0.18953440891340909
0.14870645162909046
0.0437677286736874
0.038382707999107736
0.20921412266245126
0.027819487320787938
0.01340207202560385
0.2832273236340304
0.12456870355920804
0.05704661728943323
0.15217367561700007
0.025017491798627174
0.09951823528140638
0.010085018335630122
0.2334847285177649
0.099850777654124
0.011993115291796756
0.0987346239446106
0.06500124434531368
0.03554927935975178
0.12272370024704972
0.14753796507518332
0.08405147898358385
0.14533497095830272
0.21051589027022286
0.17312570155997345
0.4333043641181089
0.0253761694547694
0.07002493724744799
0.17213686038615647
0.07625714996879288
0.032720205918940364
0.03705402182950111
0.4201217336841617
0.21152925429483954
0.08463111290471972
0.1374767132286765
0.07274757026835099
0.15602797863309192
0.15426901529484144
0.3882461403559186
0.05967179200745978
0.05212957947888446
0.025376473182477956
0.16616660022736712
0.10359409269464884
0.12140351330508554
0.02537626546122724
0.02538704255837871
0.14156836151597474
0.031821760628158134
0.02507170305813
0.1367301206905072
0.025384949555498068
0.04201611608787511
0.05589634259928132
0.04960421589831269
0.2395370135570131
0.2286104898484509
0.20751267041112254
0.17265338812078695
0.19519096912891135
0.3033138381250716
0.4354735611713261
0.2027412207919871
0.205793106792024
0.1977194799216882
0.3716192759288808
0.15395491996908675
0.02393547760803898
0.22551965605401056
0.3931693981586558
0.141942698275018
0.07580279899084849
0.2989412644279825
0.21829579075231426
0.41041946413497626
0.08662232928684138
0.21097394406289674
0.09771930210276804
0.10187649274062284
0.025375951826409757
0.05285292839706105
0.05347662693334102
0.1842064671238348
0.05375404281916316
0.07021119218141876
0.10549061445322223
0.15141710421530405
0.13885361196133844
0.26228349508151344
0.3017936358532399
0.14425071439043766
0.2132327466342145
0.1723268562085407
0.1723967308316806
0.12178602682170928
0.17268601550739796
0.4144292357228172
0.19479792571730534
0.09142851174102844
0.02681144756064896
0.2337420757104996
0.025378918523491296
0.10652562126985902
0.18942303060681828
0.14353149249616487
0.14585270497208927
0.08935822074213627
0.061854124550737674
0.16158486098569452
0.14283094151457354
0.15513445063573034
0.1055808740757022
0.2360018704639661
0.3688350502488557
0.4065517771328405
0.41598664530177576
0.17947028423696262
0.3938608777393247
0.17463302755038507
0.29299910171987603
0.15931415973079371
0.17563397803245145
0.06968305694986149
0.2437450310797867
0.025373168547756883
0.07825448053066701
0.09743506857239208
0.18449104143052109
0.2259007342307364
0.15734935391549207
0.09822782635623904
0.025828270152954132
0.09191521717807448
2.5657323859981996e-08
0.10934707011103392
0.14249541907456875
0.303067245632837
0.2853659118297609
0.2709831758674748
0.1716673823642659
0.18765325172474545
0.13158655392999638
0.1068550477539906
0.03697655260422953
0.4319192003977499
0.02567701537480241
0.052941059440847815
0.10525074315459512
0.09023124516769074
0.022626940492671013
0.025459912056111342
0.3382582135898797
0.14076836389652195
0.02538819616845391
0.2794306488488428
0.19581792630329253
0.08040830175067239
0.2916273585768323
0.18757593965339664
0.08641771558539169
0.10543359619310044
0.10166135120926108
0.08167356102506307
0.02586355283519601
0.09943600961672824
0.10364606043862694
0.07558062180133243
0.1035089268068886
0.045622109317425684
0.025375982788236544
6.112777064148553e-08
0.11973339984529326
0.025421656979721062
0.02542557939906421
0.08980408743480836
0.02625315871334019
0.025388999639045645
0.4005354032111689
0.025376655017749033
0.10157393141038314
0.3170502166447294
0.27259133038455496
0.11527109232232635
0.1300391138549324
0.2530305133579228
0.053499366855075614
0.025383373518713673
0.06197690909714074
0.2651610081044697
0.047059555799034716
0.01282902515736298
0.14759082850406274
0.04612473039403661
0.025375984538524174
0.051140160466230385
0.059936897667192436
0.05347000480532718
0.02594902478923132
0.02534977688402977
0.1598238304253944
0.025398992757793018
0.07454245220430568
0.08289023135509489
0.17041557809750213
0.028973682243271667
0.05493384387450555
0.0720902232554178
0.041787238621976176
0.025376170656416824
0.049134890857975566
0.26647345241963605
0.0720177514042392
0.09443071896552596
0.33452237379518823
0.3076607331192895
0.05197995571690258
0.1552263093626274
0.18479371536438607
0.1128436080964212
0.0489088838910429
0.08559093676493873
0.08839212147687045
0.04334553646638199
0.1949881739588256
0.04449853359580623
0.18540918593761976
0.11828405308090816
0.04618611755607531
0.12575324881083258
0.05241893383925767
0.04904826184029338
0.04500820155632234
0.0265280293943186
0.13096965085065473
0.2015732339215647
0.20435215086494132
0.10480572831841993
0.02539305007974046
0.026091810516426856
0.1531443366382428
0.051377729588120966
0.08088528152133362
0.10080501218322138
0.0985204569424908
0.05901382528491885
0.049543086329183535
0.04313393520026945
0.02839788430613458
0.025378834868673254
0.16456822901170287
0.129926351328782
0.02512026804754324
0.08681337749886771
0.14892069238715086
0.07616747346143646
0.02554744308534625
0.13671124764724926
0.028615893560688162
0.0254213290520212
0.1079405150040632
0.06659414672551213
0.025376109329929324
0.07491290427933195
0.12168958977611907
0.025395032929579973
5.540909567916121e-08
0.025374589720475575
0.2568630603772112
0.19894958171744204
0.1506449110284002
0.06923001672393941
2.810596035180369e-07
3.649637444329963e-08
0.0740031703376461
0.04244840909894484
0.026277314217622243
0.1160088139329181
0.2388069769974775
0.0254164952423494
0.0576371031975262
0.04134291335624307
0.17671702658368027
0.058836528373810634
0.025447885749306627
0.13208403777722705
0.11943922693140427
0.02539093293336854
0.025376009772773198
0.08461641299799952
0.025375939850941703
0.01980106427565405
0.05943686703736819
0.10571479111028023
0.05337022596551428
0.06208540588374727
0.023190212331462942
0.05184069784109052
0.05824432199341013
0.025375941820543025
0.06364915642679644
0.04853682020793824
0.05109955836231951
0.2086157750445414
0.04002971360225474
0.02539963641223375
0.08068342833482367
0.09898503236224653
0.10209671495079532
0.10440282931764637
7.067723656973537e-07
3.108699119973397e-08
0.06858586526356131
0.025376292185881028
0.025376449150458138
0.02537679013989813
0.034465429033889286
0.025377646005818155
0.027877506959661243
0.02492061307673877
7.0397070414329e-07
3.5825134030092885e-08
0.05214426762384298
0.02755552806845426
0.025375812799394545
0.025375973141625745
0.025376846329082086
0.02473483740401229
0.025375941240566392
0.1287985649491882
0.05786098461491952
0.028282533888851127
1.7658485199709522e-06
0.03867181473241283
0.14344004400380156
0.06162567545275971
0.1170220586833169
3.239363883605766e-09
0.05219814977202607
0.05888151929603696
0.058152713846388614
0.2273698658851599
0.02538446551523374
0.025380021531302328
0.04166337946772022
2.4018123411576456e-08
0.06039608603408165
2.1462595914879416e-09
0.01931788805951324
0.025373146222049257
0.02537600225151241
4.509212641851151e-08
0.022251223683724727
0.03367144026551923
0.025376088426174385
0.04807263152626448
0.16812423448229527
0.08710517185461303
0.02537609132874942
0.07602300380182167
0.04962902394147379
0.01589167794319993
5.298969445830109e-08
0.06941934250979744
0.058054111366341664
0.03830203503363415
0.04907009227735794
0.025376952226259943
0.10412697168578608
0.025097419277991983
0.04517160194406285
0.04314351960498257
0.0392947711452717
0.1468741274577055
0.02537594997556399
0.09636024373844627
0.14788708971450226
0.02464650465132676
0.02537575481512956
0.047091544682710484
0.12795727839843415
1.3048584000212742e-06
0.02963448357664572
0.0654619450331642
0.025375221002355904
0.04307036614491725
1.3186031043324638e-08
0.03985243804457193
2.32176058580648e-09
0.02537754944267175
0.0582210245418929
2.789589816737246e-08
7.119272242168763e-08
0.058221183750601126
0.03626940627161021
0.2642166688219321
0.04062675268569322
0.025431443606764637
0.025376664184105408
0.21997295924247814
0.025376448365428697
0.11467132248657864
0.11165582870624154
3.75241276839525e-08
0.05823424885111824
0.02537572727818393
0.02537927833696988
0.025376093203390317
0.02534889374433909
0.02538359904938005
0.03738091521078296
0.027498708181108455
0.025374087637348317
0.025486306285030003
0.02538696167647805
0.0632863762936812
0.025375961792226183
0.09935905939426252
0.013217004875505938
0.08891882069110668
0.04767274435732515
0.025375958823279282
0.047369209195922884
0.025421179590061918
0.15724695939281771
0.05127674825956152
0.025385850001873937
0.040580217921630884
0.025387919721983728
0.0304971467774568
0.02542200524532961
0.025368350143689017
0.0610299376177811
0.02537953441865284
7.793222972112785e-08
0.025375665332149216
0.02381648582346469
0.028615804271462382
0.058310249348124565
1.2494908420021192e-06
0.02537635874934024
0.025319253336529915
0.15983708193652024
0.02552847679122944
0.025377409484705724
0.02537630813577161
0.18265934911243276
0.20956974520938165
0.02673805431032496
0.087521093896739
0.228605512184418
0.03774644388704782
0.02537621823495286
0.04812778867669667
0.2201548620104355
0.0256064260727031
0.04948888000970754
0.028347289010359957
0.02529566598172721
0.025375936828194
3.171638535385912e-07
0.025429077804569312
0.11003159472025163
0.025375940462297027
0.03608862145262348
0.025835740581101684
0.025376602919407503
0.025400263389550815
0.05904960682465011
0.02548534767364944
0.02537595674406269
0.02537918333526308
1.0279050016637863e-07
0.0450096768636225
0.025376100030231576
0.057999931587703016
0.02537669314193981
0.02537633041372046
0.025376229275692986
1.3062621426479725e-07
7.008149428688427e-08
0.033576235179477165
1.2658094324582592e-07
0.08002746168923595
0.0253759658628565
1.5220459461878588e-07
0.025655678498391454
0.025375991573296282
0.10258082477576916
0.02537607787870387
0.05912758385520399
0.0704301212028429
0.09899686464405584
0.058234164297342864
0.025499057969632703
1.22992059637042e-07
0.13828987019831754
0.14379144810734534
0.12287693064219835
0.14743565220176713
0.055045962791194135
0.09215756156384354
0.056993258042564235
0.054020361266031915
0.13141233424029788
0.08380831997869846
0.02537639110981525
0.14005885138369845
0.2854534941968526
0.05855522659291204
0.025376724923586936
0.15318251647427886
0.026596443914782185
0.13644028600743935
0.3835856926856598
0.09398511275656403
0.146205067508497
0.05674485351897623
0.025375980485632603
0.02537604119672504
0.014829371187642553
0.02537608767386592
0.060606136390733735
0.047976712505813465
0.09724794573461204
0.025380945439293617
3.258475335003934e-09
0.31292602198009195
0.027263019875159486
0.035270248142615035
0.22691548655192034
0.29629977896704834
0.08367437422962792
0.21165247555612055
0.15284717426345734
0.2826926902245092
0.1006050397489249
0.2444017378784426
0.1454644766536223
0.11198473596922864
0.027959192758498033
0.08545894298341754
0.025430402110963347
0.09368711076571012
0.043629338864733073
0.025397563812845803
0.05026066722432427
0.025396239521146162
0.025397309367484758
0.02867511500259165
0.02555066681957521
3.240630413519013e-09
0.11191172315705704
0.05295690357456802
0.024852701572677115
0.057688046185267
0.20745312691294654
0.03609226189248567
0.02537750441108096
0.025402767768056396
0.1816911921921463
0.09320874887691838
0.04729678136421519
0.05838424655880015
0.02787285029479569
0.05562891780671029
0.05835380684311126
0.025376062802388005
0.21302757805181025
0.05802519329973991
0.025376104872491652
0.02547691339474692
0.02502581821818221
0.29422393189351004
0.09028591875526316
0.06578829926641562
0.2269136146812665
0.043865533782942834
0.02895296575391838
0.1024124133757713
0.05140151306144283
0.08059125016174051
0.026307323798844102
0.025510570591858482
0.04961591778248322
0.06059470152289635
0.025376846384278298
0.025404605143162888
0.14837945783664405
0.05481805802253035
0.08149704091372148
0.02635982521440762
0.02516536985126961
0.025378865455856714
0.13941373042558214
0.1291132270847059
0.02563595449110372
0.11935365163794065
0.05088233159535627
0.08209515136642012
0.025658241869542287
0.11998155695943988
0.02527957069678364
0.025382265134835904
0.02537712265330504
7.636189922383116e-07
3.2387470062287714e-09
0.025376284875228163
7.064629434041605e-07
0.025376006477529026
0.2617390740936347
1.2963950250494036e-07
0.026489664541813302
0.08491947559445602
0.02692979237177801
0.27010980200902857
0.07330128412730083
0.2881960153328708
0.025377991178134215
0.049336929750725865
2.0408938611929934e-08
0.026595046082167218
0.0529117944595425
0.0254338284898728
0.08733067487879431
0.025412927330097743
1.2355645439097993e-07
0.05328712076610927
0.05824083148182312
0.028943296101691163
1.7206572292407273e-06
0.025377239604748823
0.1508389817528672
0.0580084357809949
0.0580828126254434
0.051242249751267684
0.08956229385476994
0.115785431197981
0.025385277226089832
0.09480709710987914
0.15900486473534187
0.029743155328765668
0.025903055310522543
0.08763405133359738
0.02538540694852128
3.62065714537257e-08
0.06776158745198856
2.9655311757197685e-08
0.1484566421896268
0.1022061061348528
0.18561191960877788
0.18856639403431116
2.811878551788451e-07
0.025376172031811983
0.14572762656296814
0.08092406725282354
0.07503704972432934
0.11700588476068495
0.04936969122280966
0.03468115666791235
7.067723656973537e-07
0.0253761170582612
0.038963114432498516
0.025461311955115168
0.0398985046717977
0.1407236705041696
0.025385799711571903
0.02537923910043729
0.05807530430104301
0.05256705100141409
0.02982739669456654
0.10093112889087133
0.028414025016363125
0.02611191573302261
0.030042552043200364
0.01604957331243496
0.02596921719331053
0.14654440836278956
0.025376576282779385
0.04371357059294465
0.21615857483930812
0.10001714171809868
0.1023833847572712
0.088023398241026
0.1303388679711634
0.05240084094019826
0.025377349095351647
0.01849477853917478
0.10002706880822057
0.24954886991606465
0.09007364110340124
0.2071529102763371
0.2438434994500596
0.07425471485986984
0.02537656542878285
0.2010310145190621
0.05824415111037599
0.06104980648060299
0.02542578220903701
0.14651826959083195
0.03277989270898656
0.02536020588872184
0.0583918860863569
0.03907116863388965
0.0512900875650203
0.05163323152240232
0.07397479044971328
0.025386672386005477
0.0590874443459458
0.058236922884989176
0.16083028707068472
0.19481808394619787
0.20908186046286575
0.026185521373004048
0.21814316191106786
0.08091500490765062
0.07727714910881206
0.04915777811999363
0.06251014904101902
7.806989523027128e-08
0.02710817118753467
0.05831516991342815
0.11303592269384748
0.025375950052741292
0.09684125782080656
0.19885775427649452
0.025374844220273182
0.02537942548643493
0.10887529970566402
0.19256465117662647
0.04765951937580848
0.10316946618295024
0.2255172851736751
0.4355600207421144
0.029078662888183424
0.025431034082692733
0.1984431383114512
0.09776165015316284
0.02687326966504444
0.025394297553908436
0.03288633077689032
0.051433482637464535
0.025775004208417218
0.08766125593935642
0.2995427715469177
0.1484101113277505
0.08757040526722143
0.380764183705751
0.4313265872159773
0.20873861137437816
0.10940290888018568
0.09725048466930768
0.16458586543624798
0.1028715160484942
0.052014807456982205
0.16718345942116128
0.11831768870301522
0.04338128956753458
0.07727668432754786
0.05635362216666584
0.2848263026286648
0.07942632945427472
0.025376806604921674
0.1545587557252725
0.025265360025076684
0.2936803428391693
0.12206237355271572
0.24117188350806815
0.3155176289171097
0.05545985144182227
0.02537597809353456
0.10107015520561076
0.0917973045685691
0.025556305038481525
0.025370103775798226
0.23130622143142626
0.07330804597133762
0.025224761424457124
0.03746104557002911
0.19416295166920772
0.0375337641552777
0.026470273344343858
0.2237312562215413
0.240920571940942
0.10315029627784564
0.05049134557375327
0.10931682271513103
0.31299252875403016
0.02766087470903764
0.1642189805207371
0.025406327273647115
0.1222651524670077
0.10521181578081898
0.07029531995363461
3.287133788173589e-09
0.1996720548823226
0.0253786715049574
0.025377284618759644
0.18599934229978435
0.11206475432498657
0.025460217986503244
0.1487677490048332
0.21708189605444725
0.413167654055432
0.22057781853531644
0.2922616995247655
0.08271528865806707
0.164776841011103
0.13668476180086767
0.02537662527316572
0.025378809360713
0.15750595476629412
0.025376135322315942
0.025384578757517755
0.10851366290224504
0.06662967398450775
0.025493139258578646
0.016329146349015927
0.13634237292390544
0.07804822350340918
0.0408431182257472
0.10488134999686764
0.1098819127551984
0.14376621460052993
0.02541736157743216
0.20591396412350976
0.05822172036305787
0.14713113943344286
0.05447421200232031
0.02596317846500957
0.025544139298097374
0.30971047013570163
0.06330759875231515
0.0259023902426045
0.2468636718888309
0.033464989086678214
0.06788864808108755
0.04966997622245807
0.0921064810041154
1.5437830343676437e-06
0.035844941478977585
0.28527681343335354
0.1225179842802952
0.028968675379022868
0.08309606575302812
0.027458374214540938
0.20375741225855032
0.06716862034165436
0.03792761394073667
0.03488101590943545
0.2092277772205428
0.025387171866890414
0.04762228963511193
0.07292230041083295
0.03308214325255763
0.025384306550171504
0.025755090589081018
0.05085620724310125
0.02792873652128178
0.06485310567371692
0.2772620150466951
0.025430840492294715
0.10109281516420908
0.07567464977027462
0.13243564386594742
0.0610637981875769
0.10165611775481634
0.2070059348280652
0.16986086207006107
0.15145268655225355
0.20012291985087186
0.4272811053365561
0.4355440469936532
0.42721492021806107
0.2031449760030892
0.18913737512931672
0.3513844760038016
0.3160247700475583
0.3505796330946227
0.2799289620702028
0.17129975461900235
0.14103133244873814
0.10116438365406263
0.12962920430469438
0.4339210943228784
0.14055080259910174
0.0306813238359674
0.11820133378798853
0.20430530449933146
0.11453307346740205
0.13476390322474946
0.1244052209411462
0.06316799773376702
0.056353709769613375
0.20220626734721228
0.15992899357905402
0.15264479094388325
0.025423800127716605
0.15472660559914925
0.03080681591604664
0.13835881481736034
0.054047256702930035
0.02707678073584442
0.09298936299683967
0.0740489207764954
0.03806395944956336
0.026400409041988024
0.2067577450682486
0.06562083380460165
0.1047081087900629
0.03048660613833917
0.12585882699160542
0.08689170321808287
0.10381790620448834
0.19427109300452206
0.13826678494255867
0.032308229528132185
0.03329448105251183
0.2236455839033989
0.20022277555468826
0.14765498688724446
0.09557443465067812
0.2833016813607352
0.07907886776710253
0.055376989292363066
0.10462680193215453
0.2857995220004938
0.058923624357344974
0.02537604112030056
0.40636909493200696
0.3318302878547008
0.07662787865618854
0.3417301481782161
0.06371020065177535
0.2478311909869307
0.025401900764595482
0.16751036405426326
0.2163941427207608
0.031345605329586274
0.12451158647295114
0.10351968138225903
0.216570792012828
0.1415173405704538
0.14743238600724193
0.053169063734541736
0.19019985726451707
0.16675409863044213
0.025382715434047208
0.057882847119614673
0.053566718121131666
0.1957977012704286
0.13338901192288075
0.3948832332641536
0.3330317455483097
0.12993527788153267
0.048028205216742295
0.21448431824408656
0.20527829445336646
0.14251971068250854
0.103806785374378
0.22218837488972185
0.04958963375912636
0.02538443711440654
0.27195678372169296
0.20955875927443204
0.058237744909460674
0.15270630717545006
0.10125968113235524
0.2232127302821052
0.0572608034978608
0.1981605251129891
0.02538600032011295
0.08423679398236485
0.05819303457594435
0.10746098826187496
0.20794599722094145
0.1521184195081636
0.14938373116592266
0.025381752118626796
0.0476798543154626
0.054800748298327234
1.1219540890164465e-08
0.056621599699303575
0.053176986657735036
0.058225947350663124
0.02537606344200675
0.024574302532548237
0.025591071711720155
0.0582495357605741
0.14192025268768024
0.200824840635072
0.15499409846316214
0.07208984991303627
0.034889282501066904
0.02545593186593294
0.35073740146651194
0.08115412676625902
0.025375948202243453
0.13915199614621418
0.12620634925071206
0.058322634211572875
0.04974690025396035
0.09219295482871318
0.2806396268826738
0.052752090717325215
0.12131760962053005
0.04657459358844547
0.02537951773904729
0.050971442255924766
0.14187190704082386
0.025469319220273283
0.02537595431242061
0.17019041850223762
0.04631342043895429
0.03115965164511205
3.2929442783427634e-08
0.056428682203723074
0.025376294315014963
1.2846931307998895e-08
7.675855802852981e-09
0.06173800411242755
0.09464126305907064
0.058357752388858174
0.02537618720209101
0.025380735851143053
0.04084788883468338
0.15107567331268304
0.10042938084981924
0.06686610339960904
0.12101152745278608
0.02538003783333461
0.0879952885564386
0.02610098812418352
0.029883143057694694
0.02547464693566956
0.18373820713803812
0.025641717803728432
0.025382153295199102
0.07952672931515993
0.16140823139378266
0.025707327455274268
0.0253764519937334
0.31578680053493713
0.027747985394375903
0.11231863225332836
0.025377941680944642
0.10116602524698044
0.11987646693277965
0.025370423722983586
0.1680471821407787
0.2662800963006202
0.05134096329649703
0.10893238191277016
0.12126671802482678
0.025388500159331917
0.02537594810873041
0.20465164489740886
0.04658954413466334
0.02537616178964348
0.025510890531840143
0.15078788425054726
0.0118010601870129
0.02538443704061909
0.029627781296131493
0.07451474081524544
0.025376103579037333
0.05831825757970576
0.11176692657442668
0.0721569657504903
0.02536875683098881
0.028492741492128788
0.025376783316571887
0.025382098634988002
1.1285903507193288e-08
0.06182599722378941
3.239945971382992e-09
1.621845176555626e-07
1.2177846509122335e-06
1.615078840478286e-07
3.1037304145504934e-08
0.025375807077365788
0.02799345130607229
0.025917721712377752
0.025375781575521863
0.053881592463947456
0.025382089439214696
0.09598533811045663
0.045411278572844375
0.054834903148934896
0.12831199417748124
0.05041924345457679
0.045643399878786566
0.04402651672111333
0.0982244527040003
0.03662672557773298
0.021165032396812583
0.0482218594947456
0.05036546956572011
0.06498136132661705
0.07601480424156558
0.2572043358833132
0.030758909604513638
0.059883449634425524
0.053277452289345925
0.3795561683176008
0.07720946135205335
0.041047426072691004
0.09911381165707013
0.08578700333477796
0.30855712979042577
0.04032573754352374
0.013181117476129864
0.2979987805697161
0.2546209226927267
0.07995789572139791
0.09816260913726137
0.13661815561029414
0.0361608120140058
0.09025548689381864
0.058782686892043336
0.19418242477564476
0.09378575427673454
0.11504054393499967
0.14928077020532424
0.1344272642770389
0.09707832272427476
0.022941680132706685
0.025376330218837683
0.10112329573726364
0.02657382737873882
0.10846415920139192
0.025500671977730243
0.11120709971962993
0.07440741109210709
0.09401005734544847
0.15137252028466494
0.10417140347917517
0.06878777248427344
0.12550837951923918
0.4355100748363442
0.1914091964169716
0.05077823630184
0.07367363036274283
0.4275746503959312
0.2847022161361977
0.06832708118994017
0.09635036542801664
0.08949380331800642
0.35157556767041914
0.0683780001247563
0.09859026839664543
0.11780596889985903
0.3429310102718073
0.2829451616079469
0.3510377490395398
0.07925310200351801
0.36020737806243186
0.19594540324315848
0.16917283110665854
0.21466047992153486
0.2153301298378655
0.10343133324211408
0.2260595072892181
0.1518369832398683
0.32685356322410675
0.17570033025021467
0.1244481589903964
0.1789552688880111
0.259002954725602
0.42256724347377134
0.11290068615521134
0.14426655435558025
0.3508329265303165
0.43506554791964586
0.19996662943469606
0.27093487395342497
0.3502094832012194
0.19665782063144904
0.3908914539038851
0.18680570400397686
0.2507001297052618
0.14406265451316186
0.10389542986027832
0.15022417472039126
0.0512266608679804
0.05133983896568255
0.11438841419746895
0.1629979797653736
0.2139865326345444
0.02545464254003704
0.2018301964407239
0.058426778426913975
0.02537549905744812
0.10270076131819443
0.058557824091104535
0.011252035912927718
0.06701027798215928
0.3758432094011947
0.32800949962781306
0.061540060936514485
0.2505036354135541
0.3992252535484109
0.2552782876746636
0.1721889860942216
0.172133378232591
0.06454896330771985
0.21357627387788766
0.20383074182498653
0.18300801638974068
0.052333439073495185
0.1780160605164769
0.21680581475477811
0.41766177839349655
0.07326829075521775
0.40861972218488174
0.3246366533056718
0.052022047490065684
0.4345153319062597
0.09794601492915328
0.17891874262462712
0.05145581284128085
0.10226583324771032
0.01530841323463676
0.10471932088812046
0.025454216916819143
0.025375950284012426
0.046593017689911885
0.1899862972321668
0.025355900490995373
0.051925165414496315
0.09163676748330096
0.21438816004944392
0.025376287199535715
0.025447616334636096
0.19141600398152425
0.11754682320622065
0.025671797538675496
0.24593209696564125
0.1857049067468318
0.2313945095900377
0.4136556237870356
0.05343286472778256
0.025437494441507443
0.08906859645092886
0.07797405885806961
0.0524233278890426
0.024659957547827276
0.13286661137980105
0.13899742321858186
0.21050853087889146
0.05347065868877288
0.08994776889969701
0.14255873713001427
0.2636979730087014
0.025377302073928267
0.35360808379632663
0.20683881391793532
0.09189101029123356
0.11559719754616456
0.07737071128525347
0.14979511271368345
0.02731195151957246
0.15188664885064654
0.02537705144140855
0.15072079435657354
0.12450503402275925
0.07964115417007098
0.02529750802554283
0.040109250893836566
0.05023515069440367
0.3014164427326411
0.17287647286794355
0.13471755762449086
0.07638261061668346
1.2266739494269129e-07
0.08302308495472231
0.025376219690469205
0.2137156437132376
0.21057597814542897
0.02033096543951925
0.02537709691945449
0.19773425263684627
0.3566341932766709
0.4105749109088791
0.23007515669167314
0.2372946420611894
0.14209732438709347
0.11700044652771087
0.07806682812392582
0.15544281863106466
0.1861806416103142
0.15548781795931954
0.1231338286639986
0.17190428206029704
0.09666721043975307
0.08024838863786217
0.15553532818884072
0.12374957389448354
0.11937158734566344
0.05989306568677285
0.14553254419492268
0.025388019074089968
0.1220980292983542
0.025746160769585438
0.3263914505502135
0.05029867887257816
0.2043379080338205
0.10395550053246104
0.19178476305241748
0.13334074860111192
0.08678859578325374
0.07102598530732457
0.15372214383011729
0.2372065354738833
0.20741501740604448
0.08045405009692233
0.2756374817563834
0.2320809185133921
0.1749787722911214
0.14527847093501628
0.10142735387247133
0.06576579858462914
0.4032891022873069
0.10611937368652327
0.33861280687700274
0.20416711239074964
0.12017834520893715
0.3491285828845367
0.38942549807690496
0.15356669798064773
0.13262879716117149
0.08167002681327007
0.19340746583285304
0.2301960925666549
0.13411599431141474
0.16604923845133562
0.11934256961061444
0.10560024293009776
0.19166995326288952
0.07139820892490575
0.12313247165232087
0.05596901717230631
0.13049297518638378
0.10987259309535544
0.07953975553853554
0.07391232755286435
0.0816641102734068
0.0685437371853749
0.12025585264915685
0.025376213376762626
0.08575131039214266
0.053987676679779134
0.051276444233883084
0.06361012188412085
0.04716564109966696
0.09362387045449408
0.09719777232190813
0.031384206824929886
0.13838479521383273
0.025376891213214858
0.05661852830470026
2.4997426749930902e-08
0.058100738388299975
0.02535153332561293
0.025308435552224725
0.10612023240128156
0.04816690283758435
0.09842499148746173
0.09929248699303148
0.17237775757148166
0.08838923972420402
0.11023872415537483
0.08287850690771736
0.12494801090778596
0.2009249403785216
0.1742076721459768
0.13026612339106824
0.10036002927662499
0.1230742968891248
0.13556787661181066
0.10114944310804788
0.06415290076726664
0.08311379985454673
0.025310648487969826
0.14545689271539927
0.1006949570920838
1.3661461282205668e-07
0.10575895641753656
0.11343886300860465
0.02537596011732142
0.15184187685465553
0.017871934017493717
0.08055777158519918
0.06939759220043097
0.22803475079645197
0.07801126045482143
0.05883177323192651
0.2097739953086555
0.08384053677534968
0.1947770088965482
0.025594919961728024
0.025377404992849403
0.05599034403137095
0.1036379771526482
0.22749322309968725
0.11053642186172748
0.11123771000723724
0.025321265146312562
0.1273456642370744
0.1728712757115866
0.10030216148835087
0.07005719346795393
0.06508681607222341
0.01045935484325392
0.10046820666497833
0.14004808046109632
0.4349819437163203
0.2719422285043401
0.3140479415791347
0.10251453825345777
0.3522810552999189
0.2474106516216396
0.5159304759593316
0.3687182492101839
0.07613289817091932
0.22928917677107186
0.025371433633932197
0.14597315878066885
0.3011473650173284
0.3259801795742076
0.031215977783845567
0.040141301471229435
0.027339566524684302
0.2437940567498665
0.17822262180638085
0.06071866524586995
0.04980110416512739
0.07848470931835444
0.02521105723437748
0.2299581706395702
0.19333295666440264
0.026612486211716937
0.025529307827473074
0.18913909981917207
0.5618481046030748
0.1356665381602758
0.1041938285731159
0.2511781948968608
0.2194890315712924
0.19606522647909647
0.025397867350585548
0.04992885541319743
0.15801523965344927
0.0538697291824254
0.07522476216834527
0.040658492394471474
0.25336019556499995
0.1855416959309995
0.07280903498868622
0.1853750261101372
0.2770965645662164
0.1474857705521548
0.02537621176329513
0.16634969117017162
0.13748499221357172
0.031708857789870606
0.03195989802115031
0.2845145408010715
0.14254127852644988
0.026020082384528544
0.1629424468735776
0.13389953934736054
0.04753478607569776
0.1013065577199378
0.2698048855460569
0.2572182006253744
0.06399178802043923
0.19256682538892886
0.09511386761824356
0.07926264767839117
0.1618883253082561
0.10907627644781896
0.06508804750968349
0.030926166396386345
0.14860993106419448
0.13613251575268498
0.13706391938279613
0.05950437111260413
0.25296040530463804
0.15715222922459646
0.1372558193236142
0.17828729060729695
0.13918224446648605
0.06667982639346247
0.13815116346496262
0.06589826092302807
0.07938284364813786
0.025391649802556364
0.060321718826933726
0.02539159599775791
0.02573054904091172
0.08787691642406355
0.05337911133228186
0.09712154770823596
0.11982780528037695
0.025375402298278844
0.025432537135288008
0.17891716008977387
0.39502911512068456
0.2717914077040898
0.11863225962714165
0.03798313168296063
0.39416995284533296
0.1110434491226508
0.06369256962853906
0.010467752769388834
0.17408539790930075
0.2523949506344797
0.14370143168814367
0.0414610270528754
0.17210209521972658
0.08306805926031588
0.01002632128239041
0.1044573172550931
0.13381224555915047
0.1732455964010578
0.17783973344663848
0.11448820841382575
0.07159535965685526
0.030669766925594345
0.0605170168887412
0.0594860467358141
0.14461041024185065
0.15324793365625697
0.025460932371833632
0.025329046607672708
0.037570891365157566
0.07530669473512194
0.03452237814331595
0.05495730993443304
0.025765033368905052
0.025376881681670658
0.12816756853898606
0.02764675943689924
0.034818833643174264
0.018791042289001032
0.09752786342952699
0.02538040852823821
0.05205336788404151
0.2438361075475412
0.18596818441120053
0.02569893588487009
0.03861531799962319
0.1757276333144458
0.045456868752747966
0.025377753717023496
0.07235350769762502
0.24471378897438306
0.2880009487875574
0.08333418102748796
0.08037939962728845
0.174159988404841
0.17207665105171982
0.13376263947429726
0.024833684273587658
0.06991499673652482
0.04186458959730939
0.029429098281174633
0.010092059388461218
0.0716071455075825
0.1220875514462911
0.02539318565553577
0.025376943687509715
0.034041357325462186
0.02537704261325724
0.025377182857299414
0.025613754225360358
0.03662403295521182
0.050332153138784065
0.0649153850294691
0.025470017363263923
0.010032576374188664
0.02553021348745406
0.027772198580925438
0.02569424632160223
0.049182706654934516
0.025451895985983332
0.058201263335287426
0.05025965399515213
0.05985742746090107
0.10129589430394044
0.1020861686389217
0.012711521132625265
0.17356153878729425
0.04977113690009138
0.16481744982231833
0.1721536356928463
0.02544895450220341
0.02540309040754746
0.03541446655248562
0.05729773029096974
0.01002672824315347
0.08707139739873491
0.07955083093264295
0.021155979105766432
0.019159020097717267
0.08741970587467834
0.07849297567872841
0.02540954204123028
0.05979346338059164
0.10725464064165413
0.025376818816109876
0.02537664955775313
0.02539030364985013
0.06616187934865411
0.02537714773836597
0.017074170302424866
0.027577391591705615
0.025410385553127652
0.02641542188920927
0.025376871937793127
0.01351649203529049
0.026540266176830682
0.025382556769653376
0.024337530423102775
0.13690857708057874
0.4303101542494429
0.12813007994083686
0.3779920180693101
0.1728455978017289
0.06286146028031088
0.03296667356106772
0.09090819129174676
0.08831853863216309
0.017884823094302678
0.02558903952506796
0.025900888870919014
0.042311744978167455
0.010041424375797357
0.060639003239665874
0.037362584967520825
0.025382569570460832
0.020743683719701898
0.11892193914479958
0.04135548764045758
0.025404435058212542
0.13886885688906742
0.12047672867028872
5.088794414765106e-05
0.01743566917178933
0.024716382134693096
0.05499855314808046
0.025334357611401542
0.01007350715141164
0.019467804473746436
0.13428642560999454
0.025283832814980773
0.025390196387542783
0.10405198362505644
0.342177415959078
0.025568021853157957
0.025642616484260253
0.15081256846107793
0.05346662101739822
0.33172424125449884
0.12207456281534115
0.08211735681933557
0.07303946793396263
0.023923824055915064
0.07678898364630371
0.04393624069918814
0.014847333739977184
0.025392606873675724
0.03636390722952588
1.3530412551477698e-05
0.02536615245770561
0.01842990955801749
0.12364642765486608
0.025390073842808558
0.030039852078932124
0.0254327944827226
0.025377502354109755
0.04876328676445458
1.282858480468351e-05
0.04457378696988959
0.129215726808459
0.05919912577480611
0.09485818300966148
0.14280578473836567
0.06851550478784467
0.15524107101933735
0.1210305552468762
0.13580013325529058
1.0991798180152344e-06
0.04585251846631084
0.05611209096634987
0.2620779224609096
0.025397521472110364
0.12008518874055395
0.3382715565936058
0.13101122382050984
0.04833487516341325
0.042329161680913586
0.02537632410305944
0.06970096803825074
0.010125964341652863
0.025382132157427045
0.3507297225476347
0.010070585118069136
0.010066008538517987
0.04291446009239391
0.07344097398963302
0.02590713650505877
0.0396890496755596
0.11971185890535202
0.016673155668652958
0.04940714235659289
0.11758068926554233
0.041059543452218364
0.027497445085967662
0.07284265058455344
0.02730396010160293
0.039931759635725234
0.07044650433949623
0.10277815097951937
0.01819514618617301
0.025668195748977496
0.02539192469886021
0.06315569418351545
0.06181660690877156
0.025479679706053998
0.025431605862117998
0.0651261903589126
0.010027370518557902
0.03584904622044744
0.025687179621005626
0.07162224332133091
0.13042077449820394
0.07678464175926551
0.07558295575623758
0.15547588195245005
0.026651495131094258
0.02538891341194523
0.02538480333855009
0.04002954795940185
0.0256685454818447
0.016220315837439186
0.01586156811490889
0.024302557283803847
1.6500462691319697e-05
0.025467462723182656
0.05594196687607842
0.09481317949072593
0.0715037122360594
0.07246613001541212
0.053262515758214286
0.33371223249056736
0.02543658022850416
0.025850033165234203
0.10137268616735608
0.41238752154061453
0.027632999055755638
0.08290073621099384
0.17363753146867575
0.3650355947727912
0.30325638190665954
0.2648947105399651
0.021911670915831717
0.0900239163963913
0.1720561878324373
0.06976040993201918
0.04444546278620122
0.09092788427974006
0.17218854218583926
0.0420301801762118
0.05789078194417732
0.11707742990789888
0.07925012003138797
0.025413735487490527
0.0299283990670821
0.20075277969006766
0.07520492579806047
0.058881650947597
0.0234248392915344
0.17229760359920945
0.02539052730142506
0.0643363349816004
0.17447281465081474
0.02537768412429524
0.4183056322062381
0.3469921380960761
0.08581400873063777
0.09146996910763586
0.025377087212357943
0.016026838268089292
0.02612451982023786
0.02536788074943254
0.04135818464617832
0.05722563854373185
0.01931362508256784
0.025382662987121867
0.06496050390607462
0.02538996078532248
0.02539891005118218
0.03686828030882918
0.06485630939162948
0.027014443475813825
0.06506570781289096
0.13318370552501366
0.02526066416607771
0.1212003107084101
0.43119292512940416
0.08878023723440456
0.1617377845755711
0.17230598697633392
0.08684583278012238
0.07966819188624423
0.2545817303350054
0.1759683302446956
0.025378029740185472
0.028288413393897288
0.3707981229610312
0.027037792607001
0.057977162211781126
0.07553954355480473
0.0211558555826522
0.030891587121851336
0.14931022062837507
0.04830063522391957
0.02537646804836927
0.032094614956218265
0.024479436801326446
1.3490774499337151e-05
0.052993407666854286
0.07241018479893173
0.05522127813294083
0.02537573282643671
0.036359970532965386
0.17150770175945926
0.02542361622823748
0.045474602177802186
0.02012444654584349
0.010649346288672878
0.062333975599026176
0.2134183164650904
0.14310199308141086
0.11400625783896455
0.02537725259404377
0.027707880023794384
0.02827787217455533
0.021612760562803597
0.022773365512201337
0.0255766272766316
0.05661093611639403
0.02502174862833435
0.039041384431785287
0.07333617061727599
0.04708828981448593
0.0267084048923383
0.07599346581653375
0.1671606441577307
0.029935490755168187
0.3199857842442668
0.18260726301303776
0.04272442166074328
0.12279977642460628
0.12612766452386656
0.09494631323612623
0.025440070926288076
0.08725879009348195
0.3570564641044631
0.18382205761491546
0.1142911937881196
0.2737873241475285
0.12436799420416456
0.43286949810168535
0.06673314017421159
0.06501245261643986
0.2511157577246418
0.18177764560033974
0.13836043943969153
0.08225102707717184
0.29307156127231954
0.08810391949859779
0.07509936256227795
0.32988905932349283
0.039921667734343864
0.20515902333755145
0.11284393541582137
0.18067848948096746
0.022541197128551703
0.022024628973959803
0.08547529751093305
0.16652845371546598
0.05762862356535496
0.13214002322021015
0.17229636915126345
0.07855043672443167
0.07543639177659746
0.11112139568046794
0.20309361031757167
0.08103634471999803
0.0809072501328358
0.3436677085656318
0.3046888398683991
0.12246433838150075
0.17391207571199854
0.07014441356315508
0.2551087323415894
0.05715582055481589
0.047715887070928886
0.07071822733197843
0.023952884707231527
0.0416721871804311
0.025304310274871254
0.1574345606575036
0.049647496306960345
0.07535056679522405
0.031255303879028584
0.14802552585089707
0.018006885289019725
0.02528115445550583
0.042216126560893165
0.10443311589497016
0.11276738590564485
0.029504591208421825
0.025421493942320104
0.025570423699360408
0.21223803797943994
0.4312793542556281
0.0964131119755553
0.17368519208001654
0.051473780620640584
0.09115487653019658
0.0260039739478618
0.003942836124233919
0.0980944033143292
0.04523156348306905
0.0556508855229654
0.05691411641118905
0.08329314592883591
0.06356855277205083
0.026922385113953975
0.12769688998978804
0.035341732118547284
0.08568135167798363
0.248275839133112
0.1059963590513731
0.03709930846966609
0.07054895794857917
0.044308262218408834
0.02620982896079113
0.0254780940533056
0.025292921899009925
0.03910917092368888
0.030289928837459568
0.06791579745309226
0.056999220616592385
0.06909001130618432
0.07833666807557707
0.057731841987491664
0.11152590261725663
0.04133282966014063
0.262904895763314
0.12633016708698755
0.17819654493816564
0.025362015624154625
0.18908687296540902
0.02537752646505565
0.09968668652115867
0.025479118496650424
0.1769417257473656
0.10460236322851506
0.06207711991708065
0.013070692682868769
0.1272395532893467
0.0641762272898813
0.13843679501640724
0.07758489710536152
0.042886413322583236
0.12614770958664145
0.12894088732624867
0.11978155317563866
0.24614773514162536
0.059475044797240965
0.027562985008296667
0.05588226771664611
0.025339375117417087
0.012479116877960359
0.06519637785011484
0.03916160634538228
6.640035787755238e-06
0.052900984598896514
0.08521107906787392
0.06043381989887321
0.068057856197865
0.3727326989968962
0.09584318451846034
0.026159712318336463
0.017341179005592268
0.2513942823578065
0.20943663674043347
0.29462829044685035
0.15281211983300244
0.029356276945060187
0.1726307603837053
0.3152931159410432
0.09823886042418664
0.05916303177010415
0.013401289293208796
0.09980089118079337
0.047553944838342334
0.024457400171260885
0.07553572483981906
0.3707717834359086
0.045493837942408806
0.033543597321093334
0.18085992099866705
0.20611589541498765
0.3515133212493384
0.14556559663621485
0.15970014435664776
0.13636211396955944
0.040025298278677734
0.10921563661589907
0.07800074865877586
0.07478007598917352
0.025376991003650085
0.18032640798203484
0.046571435514678496
0.010396586115417165
0.028679698288124306
0.07373460525327624
0.02549466733283141
0.02705289367587032
0.025371796734625408
0.0666259119388226
0.02537763152655652
0.05470461931663435
0.055091323502243404
0.07657227973803107
0.3364634326543052
0.12745105602981874
0.02544782911839907
0.0301875869970404
0.1873229423141884
0.1751337066400491
0.04935291485496877
0.0594488060236783
0.1641049299520884
0.07680899855376193
0.026862861567530042
0.2679000375917864
0.1060413791411708
0.037040112578188435
0.06626019104275868
0.17185255560319052
0.10862048640543516
0.10133337320694112
0.06220775629618636
0.2539336126226842
0.0404612941762941
0.4195101409987185
0.15452989392086958
0.13499189745372928
0.1324077575453045
0.15488092012600235
0.10065136605662864
0.11408596612163426
0.06206459328802595
0.15266180040344526
0.25584263846364713
0.10909165963284
0.049285682439521465
0.0451220510976607
0.052280631093857166
0.15208788515996388
0.0691069531714543
0.056914193896084785
0.025435402173187256
0.05947784525785786
0.03005726085337541
0.04237126578064557
7.5153041875845306e-06
0.07601259159272357
0.08548926686364444
0.11073727189003896
0.02548144859545753
0.4215238333139609
0.1770395770569724
0.11144074095487308
0.21505138113803604
0.3520133748060012
0.15297315284351018
0.0707635183719939
0.0939265885981653
0.3335126201068297
0.029995778538551975
0.07966995977688122
0.15375807889559945
0.1722246945818956
0.1875003400685854
0.3238828353822288
0.4304358184847453
0.120984306502849
0.3026114247594842
0.3476902382404775
0.050482529045307416
0.3529059099649459
0.18147501922781065
0.2433374058789015
0.06274928209986408
0.11785511080767028
0.13520183788291595
0.15940192952788124
0.029865882841591206
0.12597649007338876
0.12115723291507975
0.0962963793732046
0.025376937622111424
0.03972231442829157
0.13055702773311095
2.953034270121748e-06
6.487314281761758e-06
0.08641122786582872
0.07521210409217936
0.07248667403164523
0.03793532573838219
0.06771170579249636
0.3863559447913279
0.10806669787986936
0.09476315130803896
0.17636910799763664
0.17387338177159176
0.3720114362929644
0.012304337831479469
0.15708318076819272
0.18372330320302266
0.2462169120699969
0.12764390857659075
0.07352936916047967
0.03860362153234655
0.09849582289614996
0.08988634435592459
0.0636984574983946
0.3962097053620187
0.10017177560303732
0.32611300562021683
0.17812700908395926
0.06709107952575598
0.34906015072259816
0.3461026428765408
0.4043485258808081
0.025438839803120426
0.16846250793511536
0.12251655697450653
0.07724912628380326
0.02983554053995937
0.08200157964785118
0.014598474136619754
0.033397471827696965
0.042608554933791135
0.10931158350454692
0.05474187788189868
0.05421388478678482
0.04496978927565401
0.34125796616019205
0.05046000478737305
0.1074552483116794
0.3364155469405394
0.19838496258972568
0.10367778486332303
0.25130624703337723
0.4256908006254485
0.2645742179310481
0.025560263397830983
0.11048424606564257
0.115436255370172
0.06123231665016882
0.02537993439999616
0.3986803896177244
0.17735153145192958
0.12830318400922727
0.15532005435083238
0.11650592946883402
0.1194807875297408
0.3564813055075681
0.2217756481709308
0.05035247686165692
0.010374086461372995
0.29996391288829755
0.025418234036717256
0.06934535152594644
0.1857295284504456
0.09351899761320837
0.02537792174381989
0.1650852569994867
0.2208379299391124
0.10238339957209468
0.09020959367382868
0.06979734962370744
0.2765943270519484
0.10780496024186258
0.05551626076785717
0.13810012685587197
0.051488259957178865
0.12349436785576835
0.12200785743285905
0.05995228085198598
0.10336518939119267
0.0541127503102462
0.2981894436281433
0.20544733430300746
0.20808342447269373
0.21346421654572964
0.2990346663524065
0.2149319477139938
0.15765832688285286
0.03158186607032843
0.05170052836590824
0.02670311039471239
0.030268937855165125
0.12476953872243556
0.029117017621397682
0.025378347705257917
0.10107587253227568
0.04225213132457445
0.010577891569729882
0.07621756097327112
0.13598318733540135
0.4331947460983113
0.2511320230557623
0.19951028116979747
4.9934017739041635e-06
0.17197919341446044
0.4503241072664295
0.08314166597625637
0.3917410530919791
0.1072238256063286
0.3848486753441223
0.3059928778248288
0.07700780437577184
0.19433089449355007
0.09416820609154493
0.05896409662262575
0.02537738115490288
0.11809072435301753
0.1812463645467408
0.057892585923533135
0.02548988537766209
0.08952441091251345
0.10923331302144068
0.1001903771487994
0.15261421310536846
0.05833385349892103
0.09283883043925617
0.2661107038068719
0.3137888473310772
0.05177006662896397
0.11030895346008723
0.21916035588218535
0.4192301116087734
0.16340134345649726
0.12246824807273128
0.2397293448579648
0.2449061370912813
0.4257106086685147
0.21779659393664336
0.3053325889936758
0.3653166305746454
0.2778512918077202
0.05199956729402075
0.04095364181057681
0.10008647583983536
0.13181299494682933
0.1864611008331531
0.13906100905614532
0.11928509210953565
0.06439832335787182
0.2334724145805349
0.10725680693900884
0.21777033543499272
0.30992167409774585
0.021190918070707318
0.10287103899663197
0.15656775520228666
0.2816687016001769
0.02873246661933073
0.2254454934296709
0.4353197327747562
0.1763473140145313
0.1862854398476516
0.2748489224787705
0.19183975389628
0.16869586980196213
0.07707251932806237
0.07720543893844961
0.4165500587076839
0.01221044197688981
0.03840270695304171
0.4295929026135309
0.17322663170175376
0.05203021843335976
0.1122155360773326
0.4253118276683724
0.06407933411004693
0.12052463058472587
0.3392680947696148
0.10977371074414853
0.17581542436976635
0.21458572017728486
0.12385974852372543
0.025428008821532774
0.15942213425527724
0.10935824634892756
0.08029171291067826
0.10074595197052136
0.11943498527468085
0.11141956774195816
0.05056647768543615
0.096577373121486
0.1577537796205855
0.13955617746341936
0.12866128901011606
0.036253764102184866
0.18014335665985218
0.4190043821965769
0.15445800260817671
0.11306955492552527
0.025421445770163458
0.34319768582508303
0.06834545399297733
0.08751283028311456
0.3882733335683952
0.0526120869172827
0.02544345945190197
0.10632888607135647
0.22353838921687552
0.1619372768055144
0.06745881670134951
0.33504972243572506
0.3553733081596158
0.2712526303107788
0.03732380491264636
0.3820599359378008
0.23884174491747934
0.2394984073405071
0.14387780454820973
0.05789035692005388
0.2977749241199389
0.1428865915203592
0.04009405091233025
0.09961414987076317
0.1030606991316442
0.12266642171836888
0.08930746337639818
0.16616366636626795
0.09953266135814057
0.06718204592136208
0.09260280559564016
0.1149049540974742
0.04656454386597455
0.15425025944385518
0.20568159309349796
0.12099239372496845
0.11012132683015792
0.2564069086220839
0.14958555171591115
0.1003463195429566
0.11696598806133572
0.4164602037125735
0.12486788534901115
0.28958347006730106
0.4280597971592542
0.2555825836394976
0.13942939520192935
0.19595238401621945
0.11131897381989776
0.2394110453845881
0.02537801099448112
0.2644761275420199
0.10890118514524844
0.07995360440398068
0.09008447168340854
0.1434270631319028
0.050780735978409916
0.07076785506074182
0.1285746117047841
0.1130724141354321
0.15636720597217796
0.10533124115808726
0.13837950124162532
0.310781539198421
0.13323934066825946
0.13247157750126354
0.3325264061125536
0.2757171104406434
0.06461431300163659
0.08572675843475612
0.05829453541190729
0.1044302434784817
0.378985570131283
0.07640595313089447
0.119571277611592
0.10159992539520436
0.2454709915497684
0.1027358809202601
0.12666458311195894
0.09194350656619718
0.07780740324827595
0.1568475133870352
0.14762526915380025
0.08247886003823834
0.15466931167543632
0.18332750911303025
0.10772593441542562
0.19926838899759555
0.16975337264877866
0.21926022997229455
0.10293008954119763
0.04920519460655495
0.24283849903452606
0.17831597215405726
0.06990794966349233
0.10809743784067424
0.09659723247754597
0.1072482028509566
0.12084832746382793
0.05717607020683828
0.03355557802271093
0.052944982064539
0.053001836485115965
0.1473650567352104
0.2821455787618794
0.08050596895074738
0.3064996945050179
0.2626214535704595
0.1131275352938939
0.05735518448182295
0.059372055666233964
0.05477278793796498
0.05456562002314121
0.04688444543719742
0.11497245210904493
0.2183517792684853
0.054194567156390136
0.10446139086963056
0.2735364425748968
0.14723856745292072
0.025422930003128532
0.12811070411805098
0.025381473671510568
0.15949200155308893
0.02803964533699483
0.08428494361074253
0.12096673047958448
0.3765015406072165
0.052041493810303166
0.08570106972548702
0.0906320692806084
0.11214192791034316
0.2541564904421003
0.1588461978168077
0.1871764695828597
0.4349824901320248
0.14439423198823798
0.1614000897788373
0.4357673304719662
0.058596568215760286
0.4346675449328389
0.1227711504535662
0.267514277200723
0.05245766141324575
0.13893599262381262
0.11960775651017512
0.04829664917426691
0.05543051826723205
0.13594227244356874
0.024076221235879387
0.1021810516373659
0.13806422730598286
0.12091343994800195
0.2073124210330696
0.1361187889386112
0.14585369745089255
0.05810347178284825
0.0422334808604231
0.10090045174378144
0.1675010111307497
0.14466397751525092
0.178658795835519
0.15243290436369794
0.11255251390327398
0.3565837679423608
0.14347413936174572
0.1477558467347437
0.11184105452976596
0.12657743370879898
0.28231130697355755
0.1803545607771369
0.1805260358791504
0.4176817381438341
0.07467830084264941
0.02584282267402754
0.11194726457464432
0.04996531877774732
0.33931065720829195
0.1561100668692574
0.19778860302014573
0.2727665174067671
0.025382990199572103
0.12602095956081805
0.1449580672856508
0.10178168408870003
0.04227961241785056
0.02556707256369684
0.1090658637061736
0.15783691549457918
0.08696501513363608
0.2407664494168816
0.2462933790739945
0.056648510257452676
0.08617917523007193
0.2978521664752352
0.06533169770227627
0.027824184159643474
0.11043362675718514
0.33694960516527195
0.10438817064268098
0.10672793864081882
0.20711230588260715
0.22750219568371266
0.02550485710798568
0.1657213971163034
0.17583399191979454
0.027662097368328642
0.055879185349336113
0.02642347608036379
0.07041495030978613
0.05441251794639461
0.05231640404073048
0.3478255854007876
0.12799782608431848
0.034975557133018934
0.05380453104165315
0.21576594428731094
0.052497866371268284
0.15754035110582598
0.11250024202364894
0.113933893581612
0.14147992756173447
0.11113087561816948
0.15053010171037268
0.04794574292176782
0.14755536643895964
0.03104245570966898
0.051982182309057164
0.3141257296196679
0.03508419129797088
0.025386054894004414
0.02630291620002647
0.10264183691409087
0.0907896748873194
0.04876989300354062
0.025598623944150224
0.09577535258411482
0.02857422445052205
0.1403702842201624
0.1502566134974389
0.2011678954405744
0.1378262015773996
0.05171487841511214
0.23796942333249105
0.10631848502046423
0.025454466006734844
0.08931821207913311
0.16405805839214704
0.08562222752331344
0.02585559845537721
0.00556813420948292
0.18176933687486366
0.015116915690127028
0.025682960922152557
0.15540876802564385
0.2851800640627461
0.011716141978562005
0.0444875387796514
0.2954150825833937
0.3163082734964733
0.10261149052109013
0.3375278368290865
0.11364724959076715
0.12271807989383805
0.15038295925575942
0.03643407530721804
0.05625176872034295
0.1938626135525504
0.10214255122994588
0.052534428170015225
0.041896119535213286
0.07454103527358147
0.026104866362383364
0.0608078891487885
0.025550322706100092
0.025422934303886525
0.12150180128172765
0.025378566919094427
0.0913231617669166
0.14184545581363958
0.10342481056699583
0.02540037976449518
0.27987055549538314
0.03463091240568738
0.25635350879932545
0.025845268309691718
0.2616966677118795
0.2497347043333721
0.027451549519862874
0.07631438949779919
0.213376636352108
0.2635422386003995
0.048900181211073285
0.11521220707356725
0.11371775803335295
0.06893260268627592
0.07038961619995178
0.2823232646386373
0.14116631409821453
0.16852051963220455
0.27249849926137304
0.3945308679436318
0.21229369193620806
0.18156185781482145
0.23679009398307765
0.049720116967063716
0.21685410058573576
0.1577321599659358
0.1581027610696659
0.09527436518427317
0.09303810911031768
0.0730153524718085
0.025423631521436337
0.05230777270253648
0.05152547359697434
0.2190911553749812
0.05822532959249144
0.011526055705874321
0.025435009595718854
0.05083156360259057
0.05524760858745634
0.053248534301980316
0.06614129081275552
0.03868625387801486
0.08882925040714792
0.0390405476914784
0.025807851794368758
0.04248713847943779
0.1002290786509449
0.23432877235631025
0.09618206127269896
0.0290700066021097
0.20987862053668432
0.15465001703551967
0.11747185571090878
0.02544728079463764
0.10055423693103092
0.08183411688720571
0.053777380715541744
0.10211284544471368
0.1712208907774219
0.17333598331842984
0.0646451711306154
0.08661630702136447
0.3624824304529936
0.10952397792826468
0.08850711960303498
0.10456073723768786
0.11173895771337793
0.2694579840920287
0.16361775615681465
0.15688793782101604
0.03229868440061425
0.03633394662993143
0.07050391775968523
0.02539280700857957
0.10013195350263736
0.07406002636098881
0.018770377824340708
0.035052308496303836
0.033714739133088506
0.1538209606578317
0.10907033163510284
0.1869822101522111
0.04754076784407153
0.03410574141001064
0.050481647119395935
0.037756313258625135
0.025561864825694596
0.17159229116079858
0.3683069586613577
0.4228451456501524
0.22363645877660765
0.2187224140891781
0.19000491240096853
0.3546994995149477
0.11705241828408185
0.2331977075196115
0.15514805135291054
0.207262028740063
0.1774493426734866
0.07386119429767671
0.2879017084575994
0.2078853270084428
0.11747211872977235
0.1031975686500473
0.16872849912154708
0.07583584603806656
0.13212076475613768
0.05492397801568805
0.1394403832158815
0.07678331220226156
0.09962453373078027
0.10722672520333844
0.02537525548505861
0.02535505397067788
0.02600165455231216
0.17656372302795542
0.025792115342305518
0.12564793071084754
0.16100502285945606
0.059887524841742375
0.027693326837825882
0.19108387296598908
0.05551835874904997
0.042530648701771485
0.0496047595157307
0.3153423496996756
0.16168374392913348
0.055502081801056265
0.2494286250525413
0.13420853414826273
0.025348525045763418
0.1737464013852198
0.15054429296481245
0.11948034327685475
0.02581079454643964
0.2895968228653171
0.1865336366704339
0.09384242190631874
0.13810259067869166
0.045223891706980685
0.15615834106155702
0.050816069342876816
0.27125751628940936
0.09624446685524893
0.14138483602211244
0.034437831901727084
0.27655033092283976
0.04697957033046727
0.21932589807402866
0.02535440353022665
0.09607461519225896
0.17151480133750832
0.12151496079585893
0.20448510853137025
0.3128204837435969
0.2350997191496904
0.2954301981375356
0.2776794533374339
0.2353492873960633
0.2517379936434329
0.11681053181519822
0.2687863739724999
0.04183323232219596
0.18706664402867787
0.15485223058649186
0.0470788806464171
0.0991560074501258
0.14381877219715286
0.30117333796863816
0.13059169508109594
0.21919499217114805
0.2890854083217385
0.2831610551068178
0.03350390858933183
0.3870119346253644
0.2810926096134975
0.09346447887467567
0.15446543840026478
0.2779721191199491
0.15380541669329695
0.053248648650563515
0.048043322011718737
0.0752683981767675
0.0529511651867896
0.04769542251611757
0.08283773210709701
0.1670974592619021
0.0605930344687568
0.05214506730529978
0.2867523964154354
0.16277264191517865
0.08785566571378349
0.006572709885113213
0.049398035258107015
0.11672576847358845
0.16210549975444186
0.2781183903174149
0.10536656621216847
0.11642686327749888
0.1567147232378702
0.11838489707227755
0.18720407956441826
0.3109975539288561
0.24379959550024405
0.17868610180078984
0.17256980788522694
0.3738283833828397
0.2306904514244754
0.12774658994523394
0.12145168154945378
0.15538395322132892
0.14509758862126015
0.030351765191103525
0.1559275468589565
0.05027222306644303
0.31777399303860365
0.11072171190197824
0.07509296762096634
0.15703720843309465
0.19107115584522225
0.1237622874705974
0.1112328795349754
0.12876839833032988
0.24225840126372486
0.2575116772513948
0.1947427022759431
0.1516072945865587
0.16205331538932885
0.18646806163246493
0.06504428121266208
0.41356660233410747
0.1654944831813463
0.28606554707167353
0.1976790571864015
0.21321549538846726
0.25383671448490674
0.10156849196599324
0.14516771026427494
0.2841341059874467
0.12035390637965965
0.12113765802324344
0.04913895860005398
0.4324094616425794
0.2290739175677529
0.09875359388389933
0.21772810094484688
0.4351442326731884
0.22150921636892704
0.06918150490118426
0.3363496251240737
0.26493062125749145
0.02563667330519316
0.12358027055734486
0.05530172290917577
0.18456287507991306
0.2449983891686479
0.1550177378283132
0.21102161323149235
0.3752722909174302
0.17354883561088338
0.25985416453762217
0.3379922756844676
0.3692710501721291
0.05105584486620661
0.103874188255499
0.1924578829518965
0.06412006732386885
0.10688189963986518
0.3548117594460363
0.19549273978230675
0.08893571479405242
0.049633086241550106
0.3371939856136801
0.11397756581282498
0.07077007308810424
0.16725008980125994
0.1180955845808005
0.09373267028993076
3.2410412027216356e-07
0.2053653396849497
0.06489113279366618
0.025631101763744998
0.2552899590794345
0.1867690067727616
0.12786711001242995
0.17422872743546425
0.12437896958867505
0.123866034161811
0.028863234144550783
0.3380892595367812
0.10676668194478424
0.3069259981004717
0.12081556524113712
0.10745865579615876
0.1968516622674187
0.14640058851731794
0.055653024027982
0.1944552721932824
0.07507808123213316
1.0793713655529581e-05
0.11952148823788385
0.1248782058014815
0.12444629692656005
0.15394852343972418
0.039358229165506235
0.13937435486818864
0.0579125230432767
0.18413638123674309
0.0715758110490977
0.10009281405244516
0.025849756494344147
0.07272149527693461
0.08144882680337162
0.1254415662443596
0.2209412700431992
0.06129837833562946
0.11811810378335348
0.43520183282159103
0.13949796555699592
0.06872221371032428
0.1497175629205056
0.4017493862996889
0.1811536461916548
0.1826918191475322
0.1424770640868595
0.04940000270843956
0.42483613410253707
0.08524065566989747
0.15072377090952824
0.06792854231979327
0.2254752670756712
0.3432900246189204
0.12722469187027946
0.2115374550426864
0.4333834341694145
0.1031016599450757
0.24571913957125704
0.33733122227145057
0.20381792527159706
0.12709138373124584
0.1667187553472803
0.15236178898309907
0.27091553112195016
0.054565878737270763
0.025383750529854514
0.14191004248508554
0.21473138194691527
0.12125902252876425
0.13775909224468127
0.05825386734225262
0.10775497184581387
0.14805820116736365
0.02832651412698442
0.013731163677067035
0.1012885887041844
0.20223392035659066
0.30370540658141754
0.1281084740946839
0.09436898739364412
0.32374595019613545
0.1116026231622862
0.1330984240345679
0.0646050615396733
0.2615343572822572
0.2557188297288764
0.05328524503886056
0.277720994333535
0.2962863638155313
0.15066620989219914
0.04092556907474575
0.2036267561976081
0.3051611815360328
0.02538533333128381
0.06088481302524821
0.10363388187017926
0.13960132918323584
0.09608569927961004
0.026883027811298484
0.029308929804281982
0.17671652153696935
0.024658792801723308
0.057322759169593875
0.04225803628536179
0.033074215044918864
0.1316779378055651
0.16286653946751506
4.707634501650702e-06
0.12587659561181236
0.12102711018193522
0.18071826655078355
0.2347961401196305
0.3664913705051931
0.3278389268436606
0.0569752115164867
0.20545876224703272
0.2411099863423408
0.07634194230337989
0.027972454814757824
0.2464817069292071
0.15811329247374722
0.04484734533863205
0.0548468586853152
0.13971894400081633
0.06736869846295693
0.027685252644485087
0.2626850056104653
0.10572618519985376
0.11083290880842517
0.11405950020390115
0.13334449107385596
0.19732778874225107
0.2394214013610866
0.1059925784487431
0.21548414122839266
0.27619724816170504
0.3457134179512631
0.1164628849846118
0.055092532778995305
0.1326369399947029
0.0850378034906754
0.10741891956853306
0.20078374891088385
0.1411401280668901
0.14195018090860825
0.1316755962592228
0.3088848442382684
0.025846772088622724
0.14590948465847298
0.1559332346096505
0.02620416131843225
2.3345227506634097e-06
0.052596810603836884
0.11403220845224438
5.3970571294348085e-06
0.1091254686738072
0.04676097408367316
0.10693753209373456
1.054619535249965e-06
0.0506079184955734
0.21450404921320126
0.10699606188895244
0.044099037423331176
0.09628703336882052
0.09181237607333598
0.22364370465127026
0.09013484394770932
0.025322350242830468
0.19896567919447752
0.24471501295576445
0.3518835879966196
0.191167615751812
0.07571706136863184
0.18310432453798214
0.10080970324371301
0.1746375590690213
0.05441064465422373
0.15579367734754487
0.4330195554554667
0.0832409431514668
0.02556512584728333
8.64515226933961e-08
0.026001381496463718
0.2836838775632995
0.14969945302387766
0.07695613143121867
0.13191791877873146
0.025411406377777862
1.102511650917455e-05
0.043221078676123514
0.17219255520812815
0.025392829102517292
0.04932817634652352
0.0493692657979983
0.2060928923017003
0.4297648428554435
0.10294853916989126
0.02620172078026731
0.4170060841623877
0.09137133820637697
0.09712703017496176
0.4272999481651198
0.1552942450491545
0.1249023887785913
0.28144940432884946
0.07428546817967452
0.10036887423912387
0.22208382838949506
0.3871701807059467
0.11334439464250885
0.1697409443354372
0.05397701506465692
0.07510460919582544
0.029607615355797187
0.06596654242140589
0.06548078141834003
0.07314660362183932
0.12616952032972972
0.16764399237185135
0.18014426175332895
0.1894834567427456
0.1516759860993848
0.1105763374161161
0.025490310387012268
0.025505940151959984
0.17107018977783056
0.3463919374700447
0.20441291919631774
0.08071631962434507
0.2387673201601291
0.04612429127957556
0.39506653130382224
0.1667385353193133
0.12080642814571566
0.2903726784369447
0.20435163487536884
0.07165087289297634
0.04781902012912302
0.060796099619962074
0.20900523971535065
0.05825679638122828
0.12500653990799704
0.2687756947192453
0.08469436904719077
0.22260759448569215
0.2939500677742569
0.08853517373273058
0.28645958844131514
0.05890215925887631
0.20081337451568876
0.28499723554460743
0.1889822286977038
0.17261419181526252
0.2975475280325484
0.026268992702736364
0.19164432334243006
0.4356900817491984
0.22049846315701
0.1425682615959665
0.3672932006260257
0.08686328294843966
0.02561665032983373
0.2303435480812921
0.1456436630443503
0.08321259977882299
0.03153693259496782
0.30976969989385306
0.058269649339259086
0.08117045399812403
0.07982009648882672
0.05798526521782475
0.221205717897356
0.11579470877374215
0.1722122582826916
0.3885363033947533
0.26080314025377993
0.02542883257636757
0.16865282422458147
0.17967497439989433
0.02537733868587868
0.06800060353605955
0.3255521471232699
0.06145439306646304
0.014601551787079869
0.13046057791035787
0.12345040745644273
0.11490280948146887
0.08706229178146728
0.07932086887119122
0.1338916330269358
0.055192329695700613
0.02536028103384003
0.011646333375390776
0.05256328149855579
0.1701701350986325
0.08343875959544449
0.016892974507188442
0.14705572829870314
0.3343804047937564
0.17687551184755945
0.1843247660195079
0.3717979419884152
0.2820132943106182
0.14321218180357434
0.2714856048944364
0.11011400009285678
0.18111692988671196
0.17511291063128748
0.15385214651221266
0.19524661895105053
0.17277365877013726
0.37262459420633576
0.3579504048470456
0.30962813131564976
0.22459133226639166
0.1845568990808095
0.0493936449391608
0.1966612740929148
0.025223664445994082
0.04963680554694171
0.10700082799491856
0.050839057719756636
0.02537635588906645
0.09318066994049123
0.10723484601168183
0.02537839285710877
0.011418404136215449
0.025153622693232496
0.11071506085887306
0.05670075015072223
0.18355255495944992
0.2346982628723093
0.13102000447137066
0.18483357028392228
0.23636944011119834
0.053621770076955635
0.025276554220929517
0.10712624205270492
0.026308770312316092
0.05153238507898197
0.07154694290885942
0.10901546388452446
0.15402814488106706
0.07748030221398944
0.036959623292045
0.041459674655545904
0.06552412295470167
0.04092293297950291
0.1754293116127928
0.18981982423454172
0.10517724638225523
0.07825851127120835
0.1252761708587551
0.025431768426039173
0.023336256376898054
0.3001116598194881
0.059645509988316574
0.17961388126727135
0.17306417452010064
0.28142406392177544
0.4188118444195492
0.047820950297480805
0.08776770093847402
0.05486843807536704
0.05049420686311718
0.06333170045340615
0.06360309876223995
0.025557249166248408
0.05610686128300541
0.05861042355863641
0.055945269710079855
0.09925421124994982
0.17427793274025966
0.0946639172433598
0.06263116222573245
0.06904535119234477
0.1062398363394417
0.01025337004658414
0.05780430278092076
0.2033430723377794
0.10799419562180973
0.18346453456225545
0.16883229143003212
0.35102438524846663
0.3465992794216581
0.11706995072280252
0.07795705461532101
0.08173441992468103
0.0708989854007466
0.12537627051045172
0.1849366941363668
0.04905681123356546
0.050147707735311915
0.2212672690957514
0.011139673673842956
0.02547814682094771
0.04505847299765889
3.1938074337122557e-07
0.02537595339015905
0.12813297202755286
0.16870917321084658
0.3007489353569582
0.11636877304819933
0.025584867780321537
0.10444409668150967
0.1101169417945249
0.1152164098459932
0.08052626563886615
0.08087591610614385
0.034636774129230684
0.1932881349062672
0.139356760705436
0.08844263504341836
0.08742139299427612
0.08721350709000897
0.3738756539964275
0.050285599271701266
0.07597165182185703
0.3266913504155115
0.1747433731049464
0.23374174939765466
0.21634356988084025
0.2376276289089189
0.11992093374878846
0.3076033673547924
0.15159589862911238
0.14194824515583646
0.08277561518481699
0.08305957086198393
0.18460932055902568
0.2078147223523724
0.08988397268287547
0.21649548419174394
0.05871918825676484
0.09119385210885073
0.05335100238873768
0.07034184131016116
0.08783810684095697
0.09444903589820372
0.13265179713319405
0.025783329782109874
0.1982375324062987
0.12104157456752372
0.025048812316808687
0.22435227420328396
0.32698869744133197
0.1176895676793137
0.023240423666524342
0.10504919267656836
0.03409181557375463
0.3929787599133889
0.2169819657322768
0.036736877580243965
0.018165227676144747
0.4222396267518764
0.029719442459850007
0.025543406389377736
0.3707893878447296
0.18422327570605004
0.12772839522612875
0.4309824273452467
0.2402267404472893
0.3103335612702413
0.1756567674311195
0.10308374790352727
0.08094650693904211
0.059464251864840875
0.1063825764236634
0.08671430577424198
0.2967689561894796
0.02540135248342325
0.054925363944516935
0.128914193553269
0.1922480788613293
0.02756344513097009
0.08457137311827598
0.04536495981794792
0.051529983406365235
0.1044151798653271
0.07992273654176979
0.3005552175925466
0.2884749801309676
0.3586109422227483
0.09194274669553874
0.16909758243842762
0.12644779690057995
0.14515593774109964
0.06926416640392109
0.112591336857034
0.0804407426650538
0.052666866431363854
0.027064951642321703
0.05333899880024482
0.024824509474786968
0.025070978313450475
0.06085980484938499
0.03292282098894938
0.20403043956035616
0.20390731164589035
0.3655906455013593
0.05163218267004328
0.06567546100563433
0.025376041326964468
0.1530343951235062
0.010497400817487823
0.02832051962265515
0.3471221663081583
0.12276058544302193
0.012742624850409523
0.08094938233275707
0.03342599705316236
0.1156532267015794
0.108001595688421
0.07014077195963239
0.12336505770479085
0.04334906859200716
0.07998965416166261
0.12161295372245245
0.062313403319717915
0.11176384952966972
0.31372126522131755
0.2269541263368315
0.06815772853102839
0.0940653144878872
0.08535201438745234
0.06433675147121057
0.11786087182277523
0.2781229522315177
0.17116658769689966
0.045188573851522085
0.02537574740984886
0.040037010413357
0.07512978477274594
0.07113202273395952
0.025371779804224427
0.049010386674246495
0.040493121579852416
0.02537593215643325
0.22582608637854845
0.1774596844609576
0.10544425739874916
0.08484350212544982
0.08304298892226497
0.0911230771331194
0.021788646015379998
0.23810399249255815
0.034461913036927534
0.15417754630703856
0.3171802270620279
0.0669563982938427
0.3972106111683121
0.17170399764705244
0.1749879962353486
0.3948234573124071
0.17218117477476835
0.07081308546413792
0.16689195473381005
0.21612746997108664
0.2907434323661625
0.0830864460937874
0.12744559394860114
0.212456933116201
0.05685946248248638
0.08674766974960257
0.0771163491587076
0.06181718351214404
0.1077499262322492
0.13104891236591
0.11892278903328365
0.3294383792855863
0.15282277171291395
0.20793637732766868
0.18435786380054672
0.06985566128943017
0.17425010238091654
7.422737798203544e-07
0.05889464655685035
0.025662484566601428
0.025375951736420727
0.02537601517119716
0.025379488071700325
0.1194416450633709
0.0253762551601512
0.046377178916867934
0.04794028975120021
0.023521896542411276
0.02536509920069599
0.08320589073819905
0.07847944800001158
0.0611345112987968
0.20526189410321632
0.10848136153699812
0.21883119835880688
0.17875578932640854
0.06665480114329385
0.02537594617904583
0.06031146002647996
0.011855340247994013
0.08521842251805793
0.2505929995561666
0.06373548079946666
0.04713739593137056
0.2876758837247114
0.1191189010309238
0.3603590531936779
0.27126977489481635
0.014737598278351409
0.08332266337640101
0.16130829248822173
0.02538013436413954
3.3607846261534054e-07
0.0262407692995311
0.08907844725783459
0.02557260522946607
3.438629456346714e-06
0.02510080431668949
0.01004615200545368
0.058486209801588564
0.02537602530705345
0.06472016809176097
0.055484995872633815
0.02541140257359497
0.2358080741927727
0.02714018827520992
0.08121967924836658
0.025377040336401816
0.04847246093436079
0.01156076160071188
0.07159232767057819
0.1921762623985291
0.0598703911353505
0.0400027236752698
0.17947645312181032
0.025536937364508117
0.31073201831103725
0.08393981296939933
0.08204836158925177
0.07915255845717174
0.02554207905681437
0.025375953083733933
0.0414851808093543
0.025447365430106644
0.12079013279885467
0.025381930792091167
7.422737798203544e-07
0.013844742890351534
0.023387351947128425
0.08846942081568082
0.025375939898617996
0.1200127385778129
0.0809784146269121
0.02534967838006859
0.2534825739994861
0.03281310414605182
0.024340481943374945
0.12115811342514185
0.025378509416332483
0.025377018322443757
0.058291141121442486
0.0919312050550602
0.04041590470301476
0.026257740907558915
0.08429128613981157
0.07943970621299687
0.08861746751432223
0.03674219196093624
0.15547975315515902
0.010934114521948406
0.0793709788745442
0.0482028504738724
0.21073701527434066
0.19227668861367708
0.034962611214208766
0.11889609959991655
0.02988279188388073
0.020674165704737374
0.04455463655859078
0.17271764736694814
0.13172117776198825
0.08491764299018972
0.083086174405468
0.17249082316426045
0.0684357879941811
0.16977768941636495
0.0398865397648967
0.17978567171634352
0.2965757816017321
0.0968837342107618
0.05002122874829233
0.05747382727616426
0.40384361646718203
0.08823014396327145
0.052584720816400934
0.2604375851459663
0.3086307188217665
0.02666199332135203
0.025876291491970408
0.22342981880083795
0.08461223365822547
0.025376793101041368
0.05199723381986383
0.08124800879096672
0.01936845807345804
0.025360862281865282
0.07459470990727038
0.15604091427489533
0.06321119251034261
0.010037177036754092
0.025415251789869125
0.025479438297087542
0.05126217556803154
0.08163191439600394
0.06116690061505298
0.025392747625507583
0.03100861047820077
0.09126010521388177
0.07383097469900765
0.07780152857734048
0.1278104021441647
0.17829141177134855
0.14922980736779287
0.3236884533444224
0.1283197638643161
0.022341427799372253
0.04470531220450941
0.025417038730470024
0.0520336455423416
0.0255028638472506
0.08563906386069631
0.16141642773631829
0.03996748172585325
0.019128012056876063
0.23544334258122054
0.1558862525102127
0.05402912360960715
0.2989484850149253
0.02537982630180555
0.18243772945649786
0.02544759249382386
0.05887206206041023
0.09074196557857042
0.027750225445545115
0.021990505523176555
0.026024112246221868
0.02538104721082984
0.033413994620576516
0.0253597227023851
0.024678267733060418
0.020087841246996724
0.05035360789825562
0.10827347637553736
0.0657904538355667
0.033801577736130586
0.04344995139548854
0.13689216025015746
0.044369288640997886
0.04423449854767837
0.1547792872021192
0.07899680049556447
0.10212509023372623
0.08613739913858864
0.09187152552963918
0.15080362273902262
0.20655871854121394
0.26594033299193504
0.18956873963057214
0.17925268530330565
0.2868156528210721
0.10699244051923826
0.07947994442967718
0.1535240052490559
0.15510597049077535
0.12378496900655095
0.1934527620508106
0.025762743431625917
0.02690250715720825
0.0628166068274845
0.025409061044745586
0.012369253290012795
0.06060693917492409
0.05845832504798883
0.02480123604421155
0.08474854075575494
0.051721729365355434
1.1210267446020863e-07
0.02559613111055472
0.07511750130995136
0.025409987879852703
0.02537619115908461
0.05034533059858468
0.10741754284637682
0.025394793632573732
0.025377555344829442
0.04244668429460308
0.15544750981772942
0.435051478522166
0.18543411058777207
0.09927533369546498
0.05962520920699663
0.025727448379094717
0.3068950024354424
0.0253760394402584
0.05272692611235463
0.2820877833490085
0.06562596470997352
0.025646054947018448
0.03486295928042642
0.2940329277109143
0.049355015570056136
0.058557094171227474
0.24497440925970046
0.09581639355516326
0.06475563082975208
0.1937789706689547
0.2452112435756829
0.056969256945791615
0.1112225096626554
0.08232388701228555
0.026232053335386103
0.1410392743704816
0.2287093516277798
0.1660122615131904
0.03259591541491358
0.025386852508794636
0.025377963690406315
0.025373673844276
0.09838064862066316
0.10609053659033067
0.07754713301718197
0.011699904147419516
0.01007265027544194
0.027059017503656947
4.0020031619733526e-07
1.0846790079128149e-07
0.07200848972232123
0.11041988406823766
0.07749800622240889
0.09153522737640217
0.2570843490973297
0.13575282668318334
0.35342244551374963
0.14056242074212094
0.12955705779596532
0.1467314081671767
0.11264135887574488
0.1196913133887928
0.10630931557644632
0.12612468898557755
0.040330957215720095
0.05624462740348523
0.09549789584328504
0.09210762010912092
0.21767047739076434
0.14502849586526048
0.25189059963336896
0.17353074515609218
0.2090236243236528
0.11406982448757735
0.17780067243159856
0.14014799200936026
0.09665251141587446
0.07890838660932288
0.18175536944764392
0.020842083059739332
2.8833503019023108e-08
0.047112325341961664
0.0569045113717695
0.055491156576361916
0.05126116761827095
0.055401398806034285
0.02537677692741604
0.02537564312833205
0.04825293282340338
0.05408774524934901
0.10971299832721093
0.30650521124817
0.1783446847221482
0.1325375967625043
0.28272151196121337
0.14200103870154998
0.15559992135667655
0.14723757633107526
0.20356119792002636
0.24567926842154014
0.0202240414247982
0.09759050308000096
0.14611898173525814
0.1192850898095586
0.08246415522622019
0.11404105064461095
0.14731929311568562
0.12089808692574534
0.08986939203670143
0.04321335557356713
0.07019565883298068
0.19712698841703846
3.5655493921158726e-07
0.02532968378542866
0.099239288675249
0.1299599651352488
0.098301685851276
0.07248896634954527
0.10551606231026403
4.1325138401524327e-07
0.027320375662070896
0.14709767184728825
0.21678475434574848
0.12647015976642526
0.13957699896975567
0.1106284742707285
0.1735963123091763
0.04173835940114573
0.09321561487985444
0.05878701407283635
0.301509475104777
0.14407435273236938
0.1604093906078529
0.17090299810841772
0.09715412828089992
0.0700062443409137
0.13611933697339007
0.16789837963505252
0.038196612366361266
0.20925615329935304
0.2140653633938947
0.13617999148125
0.1172992777848904
0.14856592643305866
0.3493063920248864
0.06149809668449058
0.12599915696579747
0.11986704609289202
0.0757387040792266
0.15639389737573947
0.33629719722875995
0.07933527574278769
0.2850294902986851
0.3948657556042296
0.2685535400332671
0.07429137869650974
0.3503894665406447
0.19961764919977584
0.054853410267305454
0.0403135269249194
0.32038642298457354
0.14922164882613626
0.4330093424362764
0.2218753067778872
0.27592449789383805
0.14585733323414654
0.4350377035293351
0.12239237256477792
0.02540297062727961
0.4132470349583133
0.3695180343695283
0.028959043367397744
0.02461694241108071
0.1871807903393982
0.19215639147486224
0.01856007086219564
0.09475347937081202
0.01896079768825789
0.2294761007791143
0.0979670418940135
0.025613543901206338
0.42195454495039453
0.232206342100915
0.025376486946716324
0.11036160843673004
0.1481220742133978
0.0254935799424956
0.010873680034817085
0.16137899731915206
0.15264240796623946
0.020029208382194692
0.15464128118179346
0.18509646568490595
0.2475396353122541
0.014894847134676318
0.15734331808434118
0.13419600007280208
0.08713569948494675
0.13518289428484376
0.010148335306034852
0.010034935461267895
0.08709330116226423
0.02171913792179
0.010034953459149808
0.08575451292811781
0.07550271839809013
0.049849179903836416
0.06001388762162956
0.12282111760516112
0.13850384228822832
0.15504722002352486
0.19528548550673955
0.2658972018651023
0.1103160685737839
0.11066740006664544
0.14406245878269086
0.04534561699951493
0.07848268452135201
0.010302731339846258
0.1423540977762658
0.04089205877184079
0.02562769972295137
0.02113011323356964
0.02563625618304689
1.3054283507711978e-06
0.025376236436803132
0.1260888224448096
0.09046390585529247
0.1348382667720781
0.033955076084543165
0.07101867466577275
0.011899153929728172
0.09980120422950434
0.17258975136682522
0.17211796640555638
0.2127980537862008
0.057146935149090215
0.40994288111198707
0.07832561767773435
0.07059741828718312
0.021090279873392192
0.17349928136920828
0.0965330217268425
0.020094492626400985
0.022239270229056
0.3145714586679512
0.04109924602396753
0.010268060402342936
0.1533539981903208
0.13956669004864708
0.12925613079158926
0.05541353939074722
0.26065286092679785
0.22070366064765146
0.29466677571481303
0.07996152957786097
0.025379902803362886
0.02538939399392116
0.010010525508704996
0.032408736292923165
0.04176691104854615
0.025374916577004136
0.049698780890075636
0.04150165619148733
0.06053945945640104
0.08511176293966945
0.0797928387931734
0.010209207510532605
0.03344201129005108
0.14956587528043555
0.06724992027663154
0.035910109517549416
0.13319198883953495
0.12193388798311244
0.14551583824404574
0.08398436952566593
0.11446889351724825
0.19465959422144768
0.3721332015725931
0.0948521048463987
0.38557712148770007
0.0690998575743975
0.10105513072927094
0.026490109378166968
0.011933804363703854
0.06287558688841308
0.13616579083244246
0.027229809675878125
1.590988811096401e-06
0.06127377118920811
0.06318922901909599
0.07351536682674521
0.09717030476404108
0.0789077825733607
0.18055363829969492
0.17160467090501028
0.10617168244029317
0.15619973000443693
0.05912476426278901
0.07007851016139938
0.025387669213507897
0.10738938062143596
0.17956118055777134
0.018307962253817985
0.02536329261431415
0.11961774281889988
0.023020372895957843
0.3921719880364273
0.23790562610084384
0.0380810188024802
0.2184644195595268
0.02536204813584932
0.026822149098186133
0.05138298025824151
0.11804122534913225
0.03520290023715587
0.031766768514719886
0.14321153308550194
0.01002783040945282
0.025428059270024967
0.06950383396964085
0.05112731197558429
0.026625884995863783
0.025783220714538868
0.048817751690481526
0.10197211725097406
0.07997862802212341
0.20266162950639832
0.18234369769142375
0.012482052581233678
0.025575190212592327
0.025376779637539943
0.1548746883005848
0.015534838841110904
0.026185871711963172
0.0539456623389883
0.06824969322660779
0.025252488498709744
0.04079872616557601
0.04437600622586085
0.021134367627010247
0.02648701454124893
0.1205394419620509
0.21615178642190308
0.19666413547994752
0.09385955629646396
0.06645589866571253
0.14328973669988693
0.04724204412589912
0.025298744603076014
0.12850953969015735
0.07696988152307081
0.06446043210842346
0.030133829603189107
0.05861002237773159
0.0939641120640476
0.01570517784115166
0.025572731743113367
0.045421253716207866
0.01648857729899017
0.022002001645680915
0.05376141512444401
0.043747595758934936
0.022167396458087518
0.025372051280049025
0.16102197819078246
0.14714183751072127
0.07852938695435126
0.05903817605762049
0.0845992322993461
2.517159991676207e-07
0.12702001192750706
0.07776529074417886
0.10228359663730943
0.06381791998536135
0.15573482339497266
0.0353475235360321
0.07031626200771311
0.0747616745469343
0.08301269863326917
0.05060859771831999
0.18422372605099996
0.08114707486451599
0.260447238803379
0.10506259699724882
0.025376063878615542
0.03640893144746946
0.043688211059794715
0.051184329838530204
0.02238337373314373
0.020909282502202142
0.010521048984033192
0.024787191818434768
0.041156364040910186
0.0388745188465046
0.02537523963989797
0.16616015301282575
0.026997831899553317
0.06876766880471841
0.27697502891348363
0.13220320427256585
0.02565712449127614
0.05540463862204647
0.14625071828089398
0.12623622343281155
0.12648803394462865
0.07426472107691101
0.0953056150722525
0.21150320159945035
0.07399457268565716
0.025396131848456776
0.11153388925688824
0.024976213763500614
0.011332857942716162
0.025385745544860668
0.024457824275421067
0.06033603098867224
0.04862382126626705
0.28412530088394994
0.02625288213371457
0.021135364067012948
0.05219598142392588
0.15932500750119033
0.04494274132553396
0.3057423996509336
0.09261585682541616
0.017143124534992008
0.060480849081748764
0.09973654344798556
0.09844897904326423
0.044836095007775856
0.05738084295109387
0.1374806662118302
0.09573163812293313
0.14590583530306894
0.14297271660164407
0.20387508296574805
0.025426164761474437
0.08018195457879349
0.03421581201204736
0.03773761031497408
0.10663829588561002
0.08178339379947637
0.025854648028647443
0.02542030736663421
0.0785155854450647
0.15399136316421164
0.011120307010157673
2.2575169370730845e-06
0.0253762696525122
0.06556516161954595
0.14597007876038628
0.026573394437623837
0.14304212412861714
0.010036568536361557
0.026256867944215275
0.03331174576728845
0.03189418882363941
0.045179871473482486
0.010213467969198598
0.018027002413612013
0.013712302807540518
0.020744926867823508
0.010030431274276282
0.026079898193713702
0.028634256264552575
0.0305570064924438
0.025390989103285373
0.2109885861452248
0.2359192713135305
0.036261020030671914
0.046121239367270986
0.18755570757678625
0.031919359623269715
0.011063791201798772
0.025624898905584063
0.06947234890530493
0.06493519077512659
0.02299224090176945
0.025604118998644315
0.3002136586427427
0.009854434505950686
0.0718560187854056
0.43433638681203146
0.04392539185323042
0.17337825320838687
0.19839574714328048
1.009930724553956e-05
0.06241919543176465
0.09501535763972137
0.0669395323177146
0.09207235155115473
0.11598515384186978
0.01003673066386647
0.1207739433937345
0.38876403548889865
0.03377421214222402
0.04000345552430238
0.13542872392878064
0.05039041378807354
0.0537393456386686
0.02181355793049531
0.0940064098062378
0.10214706706013547
0.08893117611674338
0.08828361044634638
0.02538792390786869
0.06888934309134206
0.05045965868832792
0.12189953187034068
0.02391170719165134
0.22807113694656256
0.010295516965716641
0.08167683231182807
0.025376055838723408
5.419504314065694e-06
0.024827133073424573
0.032172082489155804
0.02896477924827018
0.07451450501322965
0.025419359683122242
3.4087277193386934e-07
0.02063034764676403
0.023458849492374804
5.042032967354173e-06
1.0025922514916963e-05
0.023961027435864972
0.027378349399001703
0.01691310454957793
2.443157947059599e-06
0.025365235718601012
0.09325415171900636
0.12135657385125953
0.02755422519582312
0.025408624066513896
0.06734819766998901
0.16037899536079211
0.07131434344264218
0.0959779528247004
0.1694418241775506
0.04961145107485062
0.061522966027941675
0.0721654589828681
0.02643160244876219
0.07732552698265079
0.025493761153796257
0.03010732640123443
0.052982425863564164
0.039083285753556254
0.010041079374351137
0.10696951607415417
0.3281862931994698
0.12823310491934853
0.14399515283799316
0.12670469562502762
0.09742408887608173
0.024562348272436092
0.025376392101509455
0.025876267206209464
0.054007429908877434
2.38952482332292e-07
0.025389885147408142
0.025377588133822345
0.02537720349268177
0.010029535844842395
0.0575731813656841
0.025379837428254788
5.882871589544897e-07
0.025368412840515542
0.14147605813244624
0.025102804636660758
0.14774295865483406
0.025375934906360625
0.039503251881639535
0.025167830409138284
0.025407554151971518
0.012281250224690465
0.05825899386617566
0.026309409378383348
0.055207265960688534
0.05668883943600767
1.8323871994954144e-06
0.025655393340715014
0.07084598853287424
0.025430523736517725
0.04014595041092611
0.2160964639181139
0.15270556678498898
0.018459981275279296
0.0338243879149182
0.02537555465415809
0.01139070763893557
0.02537790457683412
0.02538964200566476
0.1531358910771182
0.02546277066762272
0.024966953887656185
0.1834154644734889
0.06148140179481745
7.414103406116771e-06
0.030159230700900326
0.10526607927997476
0.01008035457799575
0.02538456584227393
0.1393852142797869
0.1532488559259044
0.07100617776120663
0.02471568271432004
0.03538717774949801
0.021485927447566163
0.025495699247069983
0.02540234069066808
0.010037206435921448
0.11222222609954803
0.04016317080947498
2.6285631792037604e-07
0.21282441502002392
0.03161564706318719
0.024039405159368626
0.025545686139524543
0.014955562250250638
0.07914068756492107
0.026018503623868452
0.024602328637247
0.025595398591437737
0.03688420682290528
0.010085750035184516
0.05883999929219452
0.07370551865492546
0.030254608402139026
0.02655035340134175
0.07485006273079288
0.08916293343265537
0.07575742064362613
0.20671296774337172
0.3108607050093756
0.051567255897407516
0.1290251305782061
0.07064964683609004
0.07132910468658099
0.011434558453638144
0.04991590006423751
0.025906494990008584
0.010051795170235005
0.06429717527873094
0.025673602336674744
0.017457096538078108
0.02537118740403141
0.08774275254068001
0.027753697569419797
0.02538933005834729
0.05849303578507476
0.015423473564963359
0.06677988295317318
0.025377524811151277
0.02537776394937752
0.04718475835872512
0.02187546519189841
0.0111254803429383
0.15625530988912462
0.1925053576527089
0.10564905738643203
0.07631100473601507
0.1361803157943411
0.08614404692688077
0.04372951109426555
0.0856780941161948
0.18309118075664305
0.051285146107177666
0.048902654444696186
0.1568962183666311
0.35428579369457325
0.0917368248476962
0.025376480333687924
0.11586301981244912
0.3198255495968658
0.13620993950421614
0.14021655691257714
0.12027739347744056
0.17264393699053174
0.025839311690725508
0.023027036565078856
0.06320174978847819
0.08967264207086365
0.05365638278673506
0.2204977451585545
0.010730999182383292
0.02500121112948751
0.033986827988350767
0.07692090398086959
0.059232153133847464
0.01841267240316489
0.12410238381076193
0.025376143376339626
0.08879862435848235
0.02349710571674796
0.05005912374716192
0.07733974317670184
0.04530280638978311
0.09535443916849924
0.07201967944852643
0.05355942248219632
0.020267699828134016
0.13484966531591666
0.11666078266564167
0.10458064740138566
0.07398942642178011
0.07045843018047802
0.15422085824446974
0.1637593307447405
0.10615323882546933
0.040905874243369264
0.14570975962052185
0.0927317373086584
0.01741473576119248
0.061398684833047765
0.06073184671254001
0.0732492537555484
0.0893284579461511
0.05077633140582585
0.06581292258761097
0.025379497882956004
0.012475741246630428
0.07519260698002789
0.11373134480993033
0.025516437341883816
0.04548748628266165
0.010117456479113864
0.02543457366693631
0.07884887168201342
0.10148011123884984
0.02516609449732918
0.025883332792872527
0.06924104188803594
0.02537400693782112
0.08069127194871238
0.2077541884605675
0.0254647995081233
0.04188108150744997
0.02534216465769882
0.019733312181835504
0.02122870631160576
0.1334422068201277
0.1950401833954305
1.2880534393826582e-05
0.05679953063394736
0.2175989080461312
0.147463943632252
1.2235367680634966e-05
0.11247820509477983
0.06998771422217037
0.02537596418468133
0.09837603444047366
0.043028950752650674
0.03656331427162475
0.010218338685160677
0.15483818029440766
0.12338095255850427
0.02559889246511223
0.014450835446635347
0.02537676682508329
0.057597554354326126
0.011271881196102396
0.040246422042882944
0.13996652093828368
0.15291395959360093
0.025379489591490955
0.028593718123809824
0.09402748167768647
0.18199063729581905
0.015124225402814426
0.04789930657065432
0.07762398496602063
0.054801678717915435
0.1078011475194302
0.02532729546858406
0.21385096082806304
0.13941577316493028
0.048067203501592576
0.07981150088266363
0.13308728037542766
0.15904538865894954
0.07886277068796843
0.06830158514637916
0.13622033952080828
0.20792987520982192
0.03799068855464143
0.08286520356541963
0.0673923955430729
0.02559553349690991
0.1308996676733198
0.02065377026668489
0.10234646364013268
0.02535293360869156
0.02725812307919295
0.025869188245466912
0.02530481537632279
0.02288780846417254
0.08124128750470093
0.025439991864459367
0.02537605640550019
0.163139884481249
0.15235060878074178
0.09101971008523124
0.06979392755055769
0.08831039430230532
0.06377694536310356
0.06845615177804605
0.018361956811810052
0.07721989620968574
0.0394978595441704
0.02997950836358445
0.1162282008542126
0.15925542186053152
0.2237716087363764
0.16143554988894718
0.1719737858411415
0.03897506974084068
0.1417580479036245
0.14828058249071496
0.07203629212349474
0.05190244415250371
0.11158709394191743
0.08548015172758867
0.049633484108996685
0.21944058181959405
0.208159868237604
0.16759541850607476
0.08527649946917032
0.13515689077528525
0.10927117939531616
0.058966664810377836
0.2529387595520187
0.1687457714573415
0.09369615807534733
0.1390407133629986
0.03960103416357122
0.028974608085459288
0.15544882279427147
0.11450392081567046
0.149959960155
0.2259675607515015
0.1634615874085918
0.03177101793394643
0.0581622633371074
0.0675429517879637
0.3851877569171948
0.1722146637207772
0.072056281084763
0.12697953778459375
0.11954147929802758
0.01920824310878793
0.0510039617527106
0.10274801440240214
0.1561890014582599
0.06005522714487234
0.07840685561636795
0.057076493948357315
0.17223403303830573
0.1721648669069804
0.05949997775743977
0.04497797690682266
0.172299734666853
0.19841580982494889
0.051212218790523636
0.22420692010720814
0.12743194870116614
0.18026158698043565
0.2175986250781075
0.15812768712486502
0.4220428433158152
0.10735864029884246
0.038486550067544034
0.1592029979904772
0.0628195422787249
0.15938067956914645
0.21743162177567096
0.1301836295687287
0.02536068893573041
0.13300409219858042
0.09217572445155774
0.1719269932127569
0.04195308130613098
0.15608568916078194
0.3833167229821485
0.2051207315946577
0.09731713877136057
0.04072895433227728
0.08835008167088762
0.08346730136362172
0.13904202645632496
0.025915556978783432
0.06549378524204909
0.28131048746040044
0.1458895057427697
0.15368336513037475
0.12196326553585687
0.18663962258390973
0.046597697308967116
0.1704166248371615
0.05131244148082563
0.02063509464749693
0.04574229941269765
0.037952611938859536
0.017576098720209283
0.034605300139484305
0.1211717265688318
0.05232183768924111
0.08102040952900041
0.08977996510322847
0.07240865191695342
0.08536449811909114
0.07881040577574341
0.2104350987287721
0.10498435243376272
0.20652841175254025
0.11995030466116965
0.10335650741162786
0.2299941984535366
0.14696921582985512
0.22949976745091724
0.06680997190992725
0.051896199105842006
0.22442604756080065
0.26417715063927744
0.07084397917553914
0.19634549748629349
0.17218658181332552
0.06017789904031325
0.13806178710887732
0.121425651157196
0.06458169145768608
0.2254761881626711
0.16613041760037925
0.12458461118945305
0.04828268583288304
0.0566971399092494
0.120570981237953
0.12156388713249253
0.16226890034994265
0.04440499644389593
0.300397190081219
0.14938676497831527
0.21684087432877636
0.056438319719943175
0.07095985566254834
0.05228013935816177
0.08103564768943683
0.06770195704473199
0.12404995452639535
0.15915853252131607
0.21210748444470207
0.13926785736386327
0.014202890042767596
0.049428927386935384
0.15589220209446908
0.03445847084527736
0.21308226183852685
0.20441994355165824
0.0670329370744609
0.10621714670973102
0.11996173875277882
0.05247530091484057
0.09535022300658136
0.24548388613197336
0.2300914756987475
0.21488301374874932
0.2357843011794032
0.30732740343862763
0.10942328927467287
0.018664615560030125
0.098113481177212
0.1898170712496382
0.2677652960834417
0.22316768025481154
0.12842595344464847
0.1395253601909229
0.11071709561989072
0.02537722722689708
0.02628556285507093
0.1463554197334392
0.07949792709842522
0.15910483064072967
0.0443523667567155
0.2222477851324328
0.1197713041811726
5.468797492533777e-06
0.2290982378361172
0.09567996395544387
0.05656772035395265
0.09493815231574823
0.3085292573037068
0.14715121904901338
0.1400364966913675
0.10304390710803807
0.14139146361179986
0.08078593145587278
0.07969991274250926
0.2079844816366373
0.21629303709609474
0.021039763147431584
0.12580654209837028
0.11733306856227566
0.10385304735563586
0.2253705905375131
0.13558401866661007
0.15754990927130166
0.08982668584588041
0.14754770530286634
0.09834889718764056
0.036802678380438325
0.11104412229980856
0.13707290621114154
0.06696788619059749
0.020193800057511167
0.08164921089166978
0.10543034640435303
0.053166548310271206
0.02401961176182076
0.02562603812512115
0.030459369917797338
0.06091199199994775
0.21480536812629727
0.21541158449828954
0.11378171078863175
0.06239144106306424
0.07864592070003347
0.010408492686198685
0.03687590773405541
0.04287804195128906
0.05164738170392365
0.3181242976006636
0.07452456877205478
0.21405824961128564
0.1839284980537668
0.2039893658743347
0.19713388205178084
0.4306688611061679
0.10388098736043508
0.012976380893920291
0.16598975172510627
0.13170193885367462
0.05248795331847597
0.026143289400353684
0.025375991352264742
0.13311001014870422
0.1287836121306795
0.23291674433593315
0.019350683582016415
0.11881856732908112
0.04848526926948465
0.08927808989488728
0.025383375381272232
0.1614688171940721
0.07368290317729607
0.15277794162052158
0.025476359875925426
0.28847423584410553
0.03844290319024732
0.027946356105454047
0.3074311932853437
0.07992907112247365
0.02541644416773597
0.08831337474526216
0.28611940717427553
0.16168551366382306
0.2822946758634154
0.15594884556883434
0.15354712878220106
0.15375239472955346
0.15457373305278727
0.12841398611040533
0.40523129278294345
0.09607680675773644
0.18503975784382368
0.109651823711162
0.02399563377087469
0.020884503899233242
0.11610031814246988
0.2139696232356652
0.31375870779430515
0.2334000093994498
0.05355720737878475
0.3174513977197476
0.07294050882458362
0.09570270537486653
0.2334960559723321
0.04393330189096322
0.13001721759664273
0.1373633023781495
0.20262033753035585
0.15394753159302393
0.17405921816782993
0.22353081832288324
0.16059684916044298
0.05204389158298186
0.17020700851860268
0.06809678931817255
0.022606352612701216
0.3719333215890189
0.12476055505461375
0.2134042477194424
0.1723659444937109
0.2393899786889962
0.04876676307884533
0.05975246026959296
0.17804640009739955
0.0702438732120673
0.062167666301438614
0.15341908756857653
0.29145554200775337
0.04194295684751235
0.1553702918298561
0.17887160598026489
0.16841409257242004
0.16629772555670666
0.07964831807035043
0.2225601488100871
0.16710536965800205
0.21119893733634973
0.1933182428569333
0.1132247585138888
0.12303780537289576
0.05950977125259936
0.4155662749291151
0.026005843549631848
0.07631487950807135
0.11040537414963088
0.2340923132558199
0.14041929594143626
0.1204769576729128
0.1547723835572868
0.0582827332664029
0.025941795366732502
0.11592437882843062
0.09255962341170244
0.11674307832816193
0.5934674818491068
0.0594197833554047
0.1362505720891571
0.07722129085131975
0.2055476899464035
0.07603718260146851
0.03631698667102043
0.1517063423420631
0.15761043355730453
0.03898709422893721
0.2241924849248529
0.21550805429614325
0.05449811091917313
0.11192915750636427
0.05836801824278001
0.02537927050050597
0.0606550243435835
0.02597571955027682
0.1221231471737574
0.04087469206214727
0.1312178499051089
0.035552599668493216
0.1349000462177276
0.1341695603255288
0.039598632488227786
0.027287645272914347
0.06274364756004493
0.05554217492587138
0.025425927199690626
0.1221988408933248
0.010789612202886
0.051555789230808655
0.11255457261501947
0.19077762595245207
0.2545325898795289
0.2040469632775319
0.13930159609624462
0.18079573979812769
0.02537593985952124
0.07583416504679953
0.10279307586329574
0.21150199044445625
0.1632547808367959
0.05729204374531044
0.058358871553945216
0.12823138721240954
0.07623430924570386
0.17456186055454906
0.10046772213920074
0.07742065277529041
0.0409200504563116
0.11453683344819228
0.5804598554031741
0.028973870500379906
0.20613510121491346
0.17075791420399702
0.11304092809221915
0.058276762020304275
0.05397894106285985
0.031554228296415084
0.1184848812203125
0.1755655401139537
0.09813692634238333
0.1081433662976954
0.1749161833283381
0.11618166419193544
0.12786554476865947
0.21505931271846035
0.25847993279534803
0.1254415205624295
0.08400015398455953
0.057952142140855624
0.11790644871062415
0.02561934600038871
0.10701305369083257
0.03264528158566385
0.057144052613569425
0.13996848440389495
0.14796739573698398
0.06526178272262069
0.14975773976352094
0.07520073191457052
0.13486014852152178
0.05612312171939243
0.0776417526816422
0.052005488705637884
0.1009522918658861
0.059741238394397135
0.1144444849506747
0.06625870354953492
0.09229640384235502
0.06654484472707133
0.20779996969519335
0.07885582549324241
0.025722108684060826
0.082914389339776
0.058120058574381676
0.05108989233117946
0.058342679550019025
0.11450988733012996
0.10874797167148796
0.058283485295969835
0.23216242744965254
0.0666599916610572
0.11640328825621744
0.14483654253326764
0.02540632846209042
0.10926982453023164
0.05746137107201815
0.17292964404815786
0.12148224886790633
0.21518111168185167
0.39946640376989795
0.08554092916897636
0.18461083140430692
0.054337305227064925
0.05767639461993027
0.0257956168222674
0.2200752800918296
0.1867038164857836
0.11648742926256167
0.0584713663706662
0.02617077848663841
0.17260125965974707
0.05070492372734723
0.07403570201439137
0.025793222318606937
0.10123861474928307
0.05830862701615865
0.17817774706955794
0.11980239173931966
0.027780199631979
0.10825559851190016
0.1054718627756219
0.05115485221496729
0.056106812922807565
0.05433034919591305
0.08059689041963032
0.132441760304504
0.11002848264679982
0.03661749076426109
0.05809419644911959
0.025408439029696337
0.08759146902008784
0.03106835509950705
0.07565589517023763
0.016840581246066428
0.03780944328244165
3.8703891914060183e-13
0.051684010709847863
0.058074502547851736
0.15318445531129005
0.2371271663915081
0.05964117760898261
0.11799745764610528
0.05514752564284218
0.1163630776314895
0.17891239808594414
0.058669724445824724
0.04820886518826169
0.11643134543423495
0.1217316347266056
0.1873559456162993
0.1169065007699946
0.04598941506669338
0.0548854064558516
0.08455130639686555
0.11635852274740804
0.13133778181544048
0.15002621368283553
0.0602223260163463
0.05755285376716467
0.03262664679212247
0.058199832377108976
0.10231207687724322
0.11672487762790963
0.04125862324961319
0.06723248999976104
0.026022325205604525
0.055380129101233515
0.3183037797182152
0.02657404775590977
0.013270664971330802
0.06993276746355978
0.15942925825090593
0.12856399539128333
0.34751385559641546
0.08141658931909629
0.05141901375969279
0.20343440332821985
0.3449735308315872
0.08385576384985523
0.09620590323848877
0.04532524474644331
0.0206187562080762
0.1278926228838934
0.12564824904821453
0.09565784232365043
0.041358413803521316
0.14438322400829887
0.04850800374637877
0.026857293761230226
0.12973681127895692
0.1664529148910182
0.1858847134649034
0.0803051921065061
0.016867678272018162
0.12057700484776013
0.2854932948855256
0.07115762989143176
0.22601518248330826
0.10773785605823437
0.247171500290518
0.16779322157416876
0.1672512037109224
0.2758941029246554
0.10532089909981447
0.031484259037588634
0.03753860212514319
0.08825248808702152
0.06443349099799264
0.10317312911882308
0.10438760643308426
0.09590340527068582
0.12946220065738814
0.053563622263757216
0.1311530690638554
0.04966532991775713
0.2106124311262177
0.07616615652023923
0.025411526311803247
0.23295989475692325
0.13800658413183425
0.04728462267734645
0.17630005687898614
0.13556147277321873
0.025738597084372376
0.14135791976949508
0.050523285054238434
0.058221688432908265
0.041257742883832216
1.1623426801717148e-13
0.042986740591600715
0.025382536876977804
0.05767712957494594
0.05647617838958501
0.0428068267220624
0.05860672347323191
0.08466746172593971
0.10187390594316266
0.05297455626824297
0.15893108567350428
0.05271465374138802
0.3011472360793813
0.11976289747351293
0.05846531973862724
0.10099813159156397
0.1476075474325955
0.052543369958307384
0.04043546191068898
0.18396378863886356
0.0783617209097867
0.05211444726609354
0.2916547325578305
0.08096597953289547
0.026573990662056454
0.058198995172244535
0.05799117836574965
0.058208382174327125
0.05812014418795789
0.04864334774212005
0.025376533520066528
0.08487584989607501
0.03911777158251874
0.11496469512595095
0.10142650625008942
0.09432648331530016
0.07858479613007767
0.055973041540905814
0.18061539905277946
0.03200900288825762
0.04963241501733149
0.22266054305192914
0.17003196985013272
0.058250309228684224
0.05820503496697561
0.2573102679223204
0.055738630695558615
0.031596268457898154
0.0974695653639798
0.02538022254002389
0.04906374415442706
0.026500313825691815
0.037521981739274665
0.02553854764138386
0.05817348421996825
0.05822539087738311
0.02538201945148636
0.07633851134756027
0.02567531280424635
0.100766835191441
0.16993605718340699
0.08602317869935906
0.08082046924219413
0.05528999097129095
0.488372846829872
0.11118046505951486
0.05603981419259341
0.1827540936408005
0.17784140158078215
0.0560480969671183
0.04997658625655159
0.2019347298480765
0.12311206285516398
0.025515222948232958
0.11559712458551293
0.0708821569336909
0.0582195436151652
0.025391638640337173
1.8900441468838507e-13
0.11564245282552567
0.025376466826443653
0.0399918445107896
0.05866269111188256
0.06747809835943372
0.1335780967180216
0.03000443792139335
0.11636667915224895
0.1779397032379156
0.09762756491089322
0.05126016402596601
0.05059828696825735
0.0801158819766681
0.025376226169294715
0.057608338899488784
0.0579396389336655
0.05834971270571032
0.05838216711510009
0.0318487572054196
0.08258448694473715
0.0748983311900488
0.026234315063977016
0.17670191178433312
0.10075293268283936
0.11671860184587116
0.1378884961953549
0.056874211154612386
0.1845985942716165
0.09559278427901828
0.1304261647548761
0.4775323466592907
0.058256732289402674
0.07956996434187899
0.2345152786584607
0.11632866875991983
0.11429234252023365
0.03657169000405198
0.2639970687049775
0.16823626181542092
0.04512151381807408
0.1006950177476215
0.1766470336427625
0.11657638394128295
0.038800033659016256
0.14940695390251826
0.10435634908822104
0.05824676217505384
0.2161584004842411
0.07647639811798178
0.029864033562381088
0.03932863115972485
0.057997272434691965
0.054660218662244665
0.05823994822368528
0.11003268422741476
0.027433467073994904
0.07810668085927346
0.0256125474002552
0.15695188476039085
0.07281557627962759
0.06525076282041786
0.10087180909984593
0.02547841860590767
0.15306619816112996
0.061235849840198524
0.05469065984291775
0.16379272295063238
0.14947634783623934
0.07389233938422868
0.05529822646493196
0.10839968181840286
0.1166567615158107
0.11851007089344336
0.13939852601925
0.1473438253195398
0.026075658196553858
0.07288671179945615
0.04980608229375213
0.057179397795382815
0.05825566135920497
0.02540032410912401
0.11760553106524665
0.050903358663992
0.05820528916514925
0.02570206876023369
0.07678049160605814
0.056604577476075314
0.10496129566499636
0.14793133406272488
0.037470870382084485
0.0349472598929444
9.425039956754897e-15
0.08001745238354413
0.05726454659993543
0.03505644126843525
0.05787211936985071
0.07680071362643562
0.11622994535361708
0.06442935434789049
0.17792095073512024
0.21063211653767494
0.025372462073969763
0.05838946438006934
0.02537994334032409
0.05813811622230814
0.05822299671617345
0.025768375369435718
0.058408915975424636
0.057997591798703535
0.05368901749135576
0.05250149299345869
1.291211610049574e-13
0.05897612355760703
0.0768353788627635
0.09794738991026808
0.027474155016464254
0.05653862694336041
0.05874166747402169
0.10685340601615867
0.042676675065483484
0.05821014377350461
0.08795443323000338
0.08184682792300088
0.05822185598909689
0.09176654431690497
0.08987371547675191
0.0582199576631901
0.03206569543310949
0.032403574649318506
0.04831454984409335
0.05837541611971037
0.026837718877455737
0.025355307767934158
0.11644892153476814
0.058782428862933465
0.058224605744268215
0.05823215757198499
9.636318087646611e-17
0.05826584195569276
0.12612202734994465
0.058227402980784326
0.058295342238409875
0.08048035724875365
0.11542979877487408
0.05818552396980688
0.05578611817071625
0.11006987479425157
0.08914259284333671
4.0274792883274325e-14
0.05483478091975702
0.043493165801964766
0.05822492723282036
0.025367422669331032
0.029534266347693093
0.09243745619799056
1.0665942604981292e-14
0.058221074993572035
0.05865153250578928
0.05726392901377249
0.05819260268065776
0.1637922488279688
0.11471247845442464
0.058201717880474076
0.03810980136737682
3.5440915620134606e-14
0.07597041408785908
0.026649544173973104
0.029618501031517832
0.025506379502713974
0.04042758801243258
0.10323604919247732
0.05430902572554591
0.025377024244824617
0.11473691522260974
0.05742858009264664
0.05822200980267181
0.11169654065786852
0.07958896759536986
0.05822139438977101
0.059459668017862725
0.0346309455205502
0.058231130263090486
0.058360319458688324
2.9851567940536664e-14
0.058596124779503975
2.5257778894026746e-13
0.02537596066126032
2.8646981144899884e-12
0.048797580240756144
3.3858292863110745e-14
0.09491657118344644
0.1030610699242666
0.05861122806788448
0.029609165345665763
0.058064349085632475
0.1176723952062449
0.05822977759571636
0.057434839000537675
0.08124989276418675
0.045220914749572384
0.032760263286898184
0.026368888170000486
0.18509153798867628
0.08863950225795877
0.05203076554902998
0.026397822906171653
0.118180823055141
0.07205331138322366
0.027401718929818752
0.02784963946004044
0.05744801443662938
7.167743738865437e-14
1.3864309774725658e-13
0.058225574252834464
4.387430955471809e-17
0.0582167096539245
0.025860101033974542
0.02526453949879415
4.042165713953668e-14
0.11723145331983036
0.08803043978652841
0.058225438567329764
0.05831155888863158
0.052478998129696815
0.08542437418857113
0.05823397988556912
0.05256539991445912
0.14697885261839125
0.09029663054824524
0.025989455629539502
0.03746163702799924
0.05070857717997149
0.08444224832764892
0.058283401182902914
0.05825425888886478
0.05936717694010396
0.05035020528105212
0.02537666321829701
1.4735289329806555e-16
0.0582186411570707
0.03850054798805197
0.04258746289058021
0.05365791865355147
0.05585857761686886
0.05067535489513845
0.1231436266368506
0.1994211212715135
0.18122147375186684
0.26107326873437275
0.1837765858387824
0.15999069736133428
0.13832880527848124
0.1640500765191591
0.4064506729914841
0.4064506729914849
0.2656016582269716
0.182911851769338
0.1801779455343597
0.1448698379091708
0.3333639288170412
0.20875028463530507
0.025377929454152227
0.05075903396392028
0.44271300209260855
0.0742114490180916
0.0582210592923433
0.02768827343603884
0.14358346484090898
0.09243815970389734
0.11098295635328596
0.09215368029219312
0.07763110851667662
0.1192781863215232
0.08562560419387524
0.1756880351903808
0.09311269693837228
0.047931304199928096
0.05233408463315363
0.17320173978921685
0.07938346202961959
0.07521135870431417
0.2006694395924525
0.06830389845270059
0.2852491788471364
0.2090587821076126
0.21617100472228093
0.20227333950582185
0.20144005457175868
0.026523024296973684
0.14279409316354222
0.10903638270005536
0.058233857222662624
0.05820562104261619
2.474781549340328e-13
0.11460501631507206
0.08345812654298577
0.06436986019062335
0.026735910273544536
0.05841738735452723
0.05825053906709109
0.3225617488450228
0.05840839095894643
0.17698543584874568
0.056602334390082276
0.05415678533939205
0.05855029488955321
0.10047388319563462
0.054288698754998005
0.062484408865331374
0.13051434490313132
0.03549142744835986
0.1936614209543079
0.16746298274796548
0.0388989490184531
0.05661154753770487
0.07603227866667345
0.17250526940754232
0.11510604259057725
0.18165837924896566
0.039678858476725816
0.05921977371872189
0.11827840908869912
0.1165162077452428
0.20640698278080136
0.18475835211164615
0.10716523424316808
0.05860908057232491
0.12630898735803786
0.09697139978428307
0.26513971192818675
0.09991271700898087
0.1065646842885756
0.08467863098889132
0.050864576724673316
0.02614112052309201
0.10158177381174692
0.05028785899939549
0.11538962647473618
0.11199013983112367
0.048435749273439126
0.058062527331909225
0.24942886744589604
0.11672444255111618
0.04322876847165676
0.05252235705115555
0.02055216267435673
0.08675533346711682
0.07708386551822456
0.14729023610071407
0.11694495098791435
0.08100750033288813
0.08810749566664268
0.12718546909690887
0.10172115824025868
0.11231955494620677
0.11859913736442175
0.10064651461845278
0.036268041303141325
0.12798427304350513
0.1127951616719864
0.05255959929396648
0.11065480286544616
0.05079018067666723
0.06986710998874263
0.050952218498941056
0.09280074920869366
0.04450866766490787
0.03556855400676995
0.05095960962239366
0.0979900963478567
0.032105670545678776
0.06909089653757318
0.16414409398582375
0.05578207432288436
0.16378877858007118
0.035492384733277205
0.06205384800882058
0.10502410590518646
0.025614189221351277
0.052458654399818026
0.0658365850819654
0.0497873693296352
0.05439279457876129
0.16381666627523064
0.07542178295435951
0.05576001109980554
0.14191965460527567
0.0881817655290706
0.06311130003955294
0.1148006996216225
0.11151660614117452
0.06046476840655435
0.046789593913461054
0.06335206509852014
0.061215267260240465
0.18726487517392834
0.09801731054733513
0.05907601058478509
0.1098132702930174
0.11609259412596767
0.11595618055243324
0.10630080866239676
0.07790303260179482
0.10020505721071052
0.10949695241913614
0.06264101685797238
0.0935451317369078
0.3433660218342203
0.13562882805612467
0.15873161686141424
0.2211536771742572
0.050282487773130095
0.0254013415867018
0.0101044356330048
0.033193740277476465
0.03710400182677133
0.12341330595475475
0.08874619591907598
0.0978762310514816
0.1275533889628753
0.038375004173819546
0.07432758122763357
0.059122436510446325
0.025621943526476114
0.1421604909500122
0.21712736292841525
0.26212151450101306
0.5039109400825582
0.229088673469394
0.40043748014136654
0.709359839816328
0.2815269921510388
0.4430636957545712
0.16106810205252067
0.12905513003281174
0.2204546913382526
0.18902879345664075
0.05119009781049117
0.12033250547351892
0.09131426651694058
0.057584804933759226
0.0882028791225436
0.025626156372744083
0.11008020238839053
0.026250446302194145
0.1662693005986212
0.07675696280677909
0.028862113254574683
0.11377433031594858
0.030910031287250193
0.1020824552804654
0.0827172250543413
0.0582618386647584
0.17223274815565373
0.21767290221488866
0.11437045793336185
0.10867263551465264
0.05843512136937646
0.029186172409055113
0.039818542148124435
0.10296008672527196
0.03701216230476142
0.05831239608087624
0.18202955622896574
0.18285920821971074
0.05630806299496785
0.052553254800082785
0.02655908972078893
0.09936179040243054
0.0697496402049528
0.11544474329234272
0.05823361595846027
0.11528434358292022
0.05809989739536034
0.058345446699460984
0.027400743420285617
0.07762473699328623
0.052571799051587965
0.057344502569960515
0.0520658888943239
0.03645882748732737
0.05835217808918253
0.03626802259563358
0.12812135637703606
0.11885617934628046
0.058162145463553576
0.11160322257003844
0.0566138691581744
0.05262105189842746
0.17320044636023238
0.1167046523745146
0.051913618401139186
0.10434240975668893
0.067401976379067
0.0481629784632158
0.1164238431641106
0.05844224922539847
0.04718314308912658
0.1175044435928162
0.02699946836521313
0.1355497529736633
0.008542186808742962
0.10942415138230957
0.11307515858604048
0.16136937934011966
0.3111295268334344
0.0933839960807807
0.1286196380741258
0.05088696561600314
0.04736083341982249
0.027631932292088643
0.05862003068559597
0.058511621964558426
0.058691373504621815
0.04603954227606388
1.2397074658433467e-16
0.0883246063264015
0.10427445472669032
0.02914758672463841
0.07853268106563127
0.05955023145278456
0.007984794972872746
0.20189817308806
0.057263376922324326
0.28872193685837805
0.10023261767917067
0.07614695986818339
0.14234662623421773
0.02873819816483672
0.061101113010331734
0.13154470217643854
0.08804282807866233
0.0438375202016756
0.024956110815223042
0.09634724872745684
0.14822747003607248
0.06866178525049679
0.07760961996922353
0.1007981044576111
0.1868365789013464
0.14933166660386674
0.08090890206680193
0.12105109404339605
0.044467769786747775
0.12739319441917304
0.0661133879970496
0.1155302400566046
0.051515121664071184
0.2718996890339691
0.07751441366057925
0.056846712296812166
0.2802913356814724
0.035957607724088944
0.05503304701927555
0.10909655656735644
0.13458409895682713
0.17103745648509644
0.06438800878097331
0.050083244807010895
8.892527495513366e-07
0.03174328723364206
1.4295516559722548e-06
0.06494168647395923
0.13052355421945108
0.17989276455442785
0.11925171502329507
0.13170585755495445
0.060768141083263276
0.0276908043746142
0.023331434973920373
0.0454284117664897
0.2217654188234504
0.026632429418105685
0.046556455467257236
0.14350228893253986
0.012023487105409913
0.05201847130099765
0.043620991030969884
0.05254778065992178
0.06701581909192834
0.02492812375167448
4.8783871557415035e-06
4.156209231606084e-06
0.038025265489459455
0.02494182712282736
0.10805876512069926
0.09219311988146904
0.06156965358222876
0.11161074716998803
0.09504991126092192
0.287492872288205
0.2175336507691075
0.17478120941541234
0.3606645526380314
0.11936391627013047
0.10426912474224916
0.10055765426561082
0.10533050770478083
0.09088325872757837
0.1021806124268361
0.07995350836622946
0.06942671200318629
0.1799917746133656
0.13074736129548056
0.05970643894970035
0.11869712635196045
0.020310100843954026
0.02840702686179689
0.17176341071948498
0.03994527130177309
0.011996271661381577
0.04925438285841313
0.02797021836361245
1.839011212740396e-06
0.15237596647310522
0.08988582802855143
0.10662683189186267
0.09115332714100872
0.11168886250320696
0.025314434021035632
0.14369123584366605
0.0388475535204473
0.11273135596723205
0.033111525708162684
0.08388321957524318
0.10745039008163236
0.07097378661688254
0.1638226555107364
0.051329718098365236
0.01885296312162212
0.06362401480784237
5.124645243228675e-06
0.019613195535075945
0.1225104719558038
0.10477777366982573
0.0937730358190585
0.19687376523297512
0.09899316801326837
0.09490205588880916
0.1088595895982425
0.05426144322663582
0.06283372530098089
0.08212518928337496
0.0218961427773666
0.1204161119216119
0.03075870741109412
0.08471972586226946
0.027510053222763745
0.08951810362872775
0.05208923724126845
0.08422004470391138
0.1063389247732468
0.07394130572191766
0.058024575677794836
0.1524480386411245
0.1727984082083918
0.07706125852840355
0.03598958194926239
0.015815442037378755
0.05875783858097387
0.0988753278039914
0.10154906311064754
0.06636536087391022
0.10890290864105273
3.0520191416031434e-06
0.12435793665922296
0.06459293129931801
0.1345813644218347
0.053573846437363966
0.1420895029085537
0.04086481996570136
0.08632393228026401
0.16412436041531742
0.08877982581103741
0.10940654692473514
0.11755221848952302
0.006241657329803048
5.4858451081907855e-06
4.031930969679588e-06
0.03990629946037556
0.12178184691130026
0.18039931640111845
0.4072456120182497
0.211343212204336
0.07280301267581746
0.19740742085700966
0.12228030656554033
0.0191661499588152
0.07941986555257187
2.1016133049643148e-05
0.1058591012342536
0.012834553611587668
0.0451052354044916
0.10479946358797
0.1599388260281715
0.24133228300298565
0.05532970836194875
0.3167115458312477
2.1016133049643148e-05
0.2313267832757697
0.22125224660225226
0.20467793793348346
0.1965461690571435
0.0991643977216458
0.1701222083629808
0.20368043712968964
0.158938381159863
0.34037914338176084
0.12010707814066042
0.1330891943439707
0.08186838165162144
0.3715606404006206
0.16388707950889894
0.2252681064451495
0.2342868916136892
0.27349390701548465
0.11503227041524515
0.17972470248388925
0.1894857498184326
0.05580794600297677
0.12101761792278268
0.084636340920498
0.1720816132447114
0.04630656125606775
0.3550861318626966
0.2503649694551782
0.025808738336375585
0.024783524186062132
0.13200078057491435
0.05763558919172875
0.1148316918023563
0.04621576719597393
0.310395332420546
0.18386856339312416
0.05365494379111427
0.07754066314388543
0.057025299926869825
0.1937229873462112
0.3526704922526717
0.13375914404087855
0.04357991115635084
0.4090169506823948
0.22481025155218975
0.04565812172153017
0.3086833712917893
0.12989888758405138
0.16696775756004026
0.10547928553726543
0.08884641023932352
0.17483970064466056
0.07036665196987567
0.033955857418355016
0.04700191254770626
0.15080842146382414
0.2279226741488128
0.1885248270512372
0.3066146510626359
0.3636056777280288
0.2458315345082553
0.3201297852462736
0.2341530247709271
0.4127783767853913
0.17747671165939166
0.2810636006501039
0.2085036201780565
0.0253851651815703
0.4260014950498915
0.04948740914319627
0.2984332708598594
0.17195693198711332
0.09997455712990627
0.08451833447285301
0.20357363529847072
0.03124336361321392
0.15277253768795698
0.17057461127301238
0.030319417660957974
0.3399741517417138
0.028783468212218957
0.1970553428476969
0.14414393968752015
0.07807007703200425
0.12066008894473912
0.06073607895182233
2.7416619938186208e-09
0.19385731447569468
7.837516489679776e-10
0.07154357584462394
0.3982271380319768
0.05824548863895685
0.0272988696556203
0.04921324163820183
0.029997628297032293
0.17405658286062622
0.14491412511583018
0.09254013521092648
0.2085160673162497
0.08685659963213893
0.14962011682085144
0.11589087996612972
0.059103738845679876
0.21967453140205845
0.12744005096674674
0.07845171492489039
0.12958047951156504
1.1358321433928198e-11
0.15355271631982173
0.20206109731827515
0.13767677819345767
0.219024228885172
0.32210400056271704
0.2333454964471825
0.15600296625672927
0.3822668989437076
0.16188713438619293
0.1306281754481003
0.11449668662394752
0.2741676317097208
0.17469370429584688
0.229801715103183
0.2816411952003925
0.23237239584111385
0.120420685098827
0.2312017543261122
0.23045751052510474
0.2856951385083777
0.21103829588293307
0.07641957879327999
0.20778972051772576
0.029795116860381124
0.2524711316623541
0.1134278373598104
0.181250256028444
0.07642759515858112
0.10760653393307988
0.16404499482508325
0.14489206525177145
0.17009651189098388
0.1533168974689831
0.308962430482873
0.31254259911514426
0.3205387338697798
0.2458366524980387
0.13387484577661252
0.07873020308932482
0.12073916966682455
0.05281541651084257
6.011061887600977e-09
0.1054497586380342
0.025376150930452663
0.1362861129792784
0.1760664667716575
0.05791568515590732
0.05193644762216866
0.026064423059524604
0.02721457654398384
0.1327191780335073
0.07616660220782669
0.13831803089185596
0.08511716455048142
0.1481845782440562
0.053903973611668106
0.104741521541843
0.1059810202945214
0.22523152373997585
0.2331186441524329
0.02694387192644415
0.1831494108077376
0.14132324859030765
0.15363348635037444
0.03882090017847573
0.256810013105987
0.12526685698586154
0.2308728703012717
0.22781393556030305
0.303963777588891
0.1189464854662218
0.2525839657938901
0.3167475505517481
0.10449490311458008
0.2222003827885491
0.1726275911424626
0.31343265456330616
0.13628685255939718
0.01553302756235692
0.2403497891708515
0.13890471750206398
0.13107066172469845
0.42091630018396897
0.28028652733719384
0.1390980299644795
0.07918834960153774
0.07178398240562907
0.1852738652573956
0.07792558972938257
0.054950516167546405
0.1629773932276302
0.22048778101497976
0.049092394172513834
3.266941655759873e-09
0.15729117459637168
0.025683420124054723
0.12743144548522592
0.31730275570831074
0.12169819780378932
0.025377244646829684
0.056432089497632086
0.0285020584893228
0.05132455789211327
0.05427971233125293
0.031884198815660715
0.1488883589268153
0.1915909462047696
0.18777193025294805
0.050908285254413564
0.2407794805772532
0.19893115411202156
0.16466833998234226
0.02554368305291961
0.4226885739185712
0.2768323914478973
0.15127301228639164
0.05982039820695247
0.2162386088977936
0.1127481390826742
0.09036433824510644
0.07851570600017871
0.04623902006284504
0.32770494777342146
0.2333071374895193
0.3049171811715148
0.4151787964082035
0.4298795862911758
0.4262779405423473
0.4066904860020898
0.3952205483562677
0.3600601222244454
0.22436892970233693
0.2094783104731328
0.3744914567223769
0.2416590491622505
0.1020122740047254
0.06868828932959838
0.20691242563713397
0.046064021957929815
0.43457806760659934
0.3044943529843896
0.33694213679665097
0.04796622988978965
0.13778893179211518
0.20868600496106868
0.11653163673906862
0.19127520767595413
0.025375951395331938
0.030110229287029062
0.050277249583431965
0.2873023571791312
0.12652710545268456
0.02542972410163022
0.2527662306096757
0.16328287828100027
0.1173870978548178
0.026553161692869944
0.2780087154797118
0.19988288632520745
0.05314652430943315
0.03593106284237648
0.025322306728923414
0.02537583852421257
0.025373800899865382
0.025377405059190332
0.09095314650604272
0.011062391603435669
0.13768551338857082
0.02553739084195409
0.025375927051947626
0.16336202734442293
0.2298685171029797
0.03822327222638281
0.1491666037106308
0.11841167367970007
0.4081109933121595
0.09021015117055554
0.10217917348660158
0.4222066104556358
0.31183839667989105
0.11352882319867515
0.20955412870449744
0.10142313900935024
0.025387489651095264
0.051572054503909635
0.1688405593679124
0.002103855061395511
0.07720974811956137
0.05951643888019996
0.2379474295462237
0.14339689905241912
0.03467374653883578
0.10557645496587673
0.19375722951745747
0.0630182490558232
0.06616546636256401
2.011121795016419e-08
0.05133411234206529
0.05285849189613833
1.6410590195431834e-08
0.025424241017066324
0.012222645345803309
0.030051286281629657
0.0253798718016151
0.025375941867517238
0.06785614475753576
0.1254074935158842
0.09894656897443556
0.09746150939901996
0.2278989647105528
0.19410319524893954
0.256095443569943
0.07454453806104808
0.4355096190622279
0.1906033663746449
0.025377428765460838
0.18612355406441866
0.0949151072195144
0.08665254355097678
0.14870575547727444
0.2685540521917882
0.2639698960108415
0.012306389530128302
0.07255834415262516
0.2227449185527359
0.15740585877261498
0.02482000073117649
0.18771454018221334
1.2864347613564492e-08
0.027734569811590712
0.026160421090015408
1.894324895581402e-11
0.02538948853209017
4.9317348879362616e-08
0.07545355460242821
0.0278055912949538
0.025454904070295502
0.06598128468187059
0.0037303405513652273
0.13116118373033026
0.1141035230587741
0.249663452827884
0.16345768011245174
0.07486024151174385
0.3574910214930974
0.22768172387962726
0.344017958785178
0.17345287235939913
0.3012777147544884
0.1644210909696216
0.4255884878197673
0.3384045381473353
0.025144487061978128
0.15779437263361146
0.4354308050404308
0.09688000284563857
0.2018114617157376
0.28187150287460555
0.42336863202147995
0.17599475702232212
0.035695197364334644
0.4132070254681592
0.417092432991964
2.253489371794549e-09
0.08289194916696269
0.045211768635224935
1.1058344405535913e-09
1.5537546274140865e-09
0.05273109225423176
0.02537589183068829
0.014840123196353281
0.11694165256495062
0.02721642416773525
0.025375940363793453
0.09491955460462767
0.058402566232650215
0.1687403458995495
0.2439423028690831
0.2325286576031995
0.02759882428165656
0.16606068256454032
0.1751066445313944
0.038801352336645986
0.4357528066953509
0.2641144762556916
0.42911193242181456
0.4148123979268812
0.025352087802421985
0.18479563851063768
0.38007732854923704
0.14562314788078126
0.20058601548597704
0.20057828969310465
0.4157800108223131
0.2367503161044397
0.025376643578839717
0.4357461049014793
0.4300997381053987
0.08661885729371649
0.027529402172547856
0.07096181968126013
2.0790446026694493e-09
0.08222118704874777
0.07692813498591315
0.14257863192645012
4.9317348879362616e-08
0.059508974471301775
0.02523176447919976
0.03001355145368017
0.22924582948791825
0.03130254184245942
0.07569934360803783
0.19870736807548064
0.16228107100971145
0.3996684479391709
0.23376863674593198
0.2653494852112473
0.43513881419882106
0.12322637407144853
0.422077375576932
0.10112384110698547
0.10519191828390882
0.30198603345767644
0.2963784175711032
0.056214111683467335
0.15071047855040984
0.11375064227261553
0.3945592899931338
0.15238421612711334
0.10283188625890977
0.10461508755673232
0.6894937700783257
0.35112703925077776
0.05445882603746439
0.0321284937642951
0.056227566044850144
0.09713587008966301
0.057272402133261964
0.02517801240889277
0.3762233998202065
0.1644677482613431
0.025371551070392045
0.20215952415320973
0.0763464534293476
0.04775760123598806
0.1445216475053285
0.0270313303026148
0.1443207383679794
0.07302371871712368
0.035502873053833074
0.02735262294078722
0.1549357599929258
0.14610228436409228
0.1218971417197591
0.15840533948137805
0.013054913931823705
0.11249283718586478
0.04363553333593186
0.20765233721610413
0.22463593532124346
0.09490041773031613
0.3949918289744208
0.23722333949778796
0.14221589068766718
0.10604062319878492
0.41211960676101217
0.0076195835542559485
0.06627183958325597
0.13490792187593426
0.3327215117467485
0.07713245229939954
0.025361426697275476
0.08864293796860914
0.3030620696019319
0.11265129391219993
0.025417463142138327
0.1002165327277152
0.0252989558692812
0.07037646760411076
0.22813019217817976
0.04584817974123782
0.10466255917269207
0.43106179799805977
0.1300098493931219
0.02542732678133885
1.4524048822204605e-08
0.26451491134027305
4.045475841210589e-09
0.11871199564169847
1.2166783232263445e-08
0.05177120040226225
0.10709528435390107
0.025315614967763703
0.02684302889922704
0.054698273264866135
0.022905191060114717
0.11069245342071296
0.14331929822475714
0.0669093742992601
0.1181054982952964
0.07058902376336262
0.025580754785191454
0.16301973040242876
1.6836790493728606e-08
0.025375444684820826
6.979412405456429e-11
0.02538509647117194
0.025224641333433228
0.0253722667955503
0.050528411998076984
0.035885872888315434
0.05500092015502316
0.06359735191124871
0.13857204105075532
0.04569188689156227
0.13327685619819454
0.048679186927711865
0.14992307079377715
0.07993626515448128
0.03083037523787133
0.19178068880968333
0.3063813423834326
0.143485718903054
0.2256693279640192
0.16378616139600116
0.2853923925132415
0.2671003733915329
0.026718540400767744
0.08055088925857648
0.20880541367942967
0.42524296611309065
0.025395668348615588
1.1930565407667996e-08
0.027468609684735718
0.07448126455785073
0.02543848082793051
2.5027820848399944e-07
1.036273403073815e-07
0.058522641149447364
0.1176209538997034
0.06164432233488212
0.24752404458545224
0.03130218300999037
0.21538284398149293
0.2828640255111033
0.1011479423938272
0.12413004003590812
0.1562849242917007
0.43271555105440174
0.0662925589457252
0.1807417389071438
0.2695276879988547
0.017326216038678253
0.14061584460185214
0.19765088161642771
0.2669753497991188
0.0253786736890081
1.3480113139335099e-08
0.22920127621629086
0.27865122646038665
0.13858904145386536
0.02529640367962351
0.05263156444889635
0.021185896647460886
0.0456182396852433
0.15705806393093255
1.1160304165227454e-07
1.2830650685480183e-08
0.05194036041232265
0.02537208443192682
5.594376417594706e-09
1.936825803697695e-07
0.02537599875812497
4.872070958320562e-09
0.029115769829360868
1.6302044779064754e-08
1.8657088050392235e-07
0.07110518967630354
0.050663865747168337
4.1950791096050616e-07
0.07476374289839405
0.025378312769732573
0.09534063689982866
0.1350388715832727
0.15817855600712558
0.09122663883922498
0.04026262598106072
0.1064092487673216
0.054234961842920835
0.027693998766716
0.31809629036779125
0.16563923609991507
0.02490291029271343
0.12084463014799858
0.15972390842434114
0.025392716489978703
0.049557826906718325
0.021937767987916645
0.2163689776405912
0.02534379991606983
0.0527869964281032
0.02536794822589462
0.22106157168125656
0.4314731825494464
0.2730471223577564
0.4176724265600176
0.048367708698029054
0.025375901484175404
0.01138391999086162
0.07883435752583202
3.816073241446136e-09
0.025342232971718587
0.0246242140046664
0.07902472394585495
0.010205239428519804
0.3688628721380092
0.10238075387243364
0.0252011391922409
0.029704549841654968
0.02531658059006759
5.6316706882060994e-11
0.030220989746743764
0.026799831363093496
0.0254365271366096
0.13429081965993436
0.031782021182847835
0.16971689612741753
0.025357133207952142
0.02543417342350223
0.07654636079525966
0.2073273983251212
0.11670937558090615
0.06237612406178643
0.2736337277130495
0.2627710544273927
0.07880265398345683
0.25220803180944235
0.19900250080031165
0.0504879822622225
0.23371888315567685
0.17920489499085832
0.1055573892640882
2.925146603755885e-08
0.08582648184065493
0.2597992072232479
0.02539238379885808
0.02537523391241417
0.1729508468597991
0.2725358364032779
0.04974434744975857
0.025372814708143808
0.16767688220942956
0.1863257227746734
0.09618622954636684
0.02514074822859423
9.800261386383198e-10
0.0231127500962095
9.690388347462604e-10
0.05077562593272806
0.15555557243601448
0.025368131223791283
0.09643409544536982
0.025389502455155432
0.04490133295410263
1.4821237564865348e-08
0.04083976763356559
0.17999637240315994
0.10582233040680478
0.2664155170086902
0.30738836527356106
0.1790596485139294
0.1298001043703558
0.32658684343792704
0.3333594983867006
0.2486004870252323
0.14294302583632745
0.17148147955965354
0.20291947338156188
0.2921563963678064
0.17601770623373322
0.12392915673376613
0.2906564929919576
0.1407613162356033
0.30085322735654724
0.047224082634085424
0.2399455074959713
0.3390097498010568
0.3710628803117559
0.38169009587298297
0.22407595065616268
0.4352845087148886
0.17366179248672184
0.1399382518471919
0.32183934290950683
0.237515841307792
0.1439489763687559
0.14859765694932656
0.13604351891126587
0.07466671143204273
0.2543536823805133
2.052994078300445e-07
0.024924877871781947
2.620829030784449e-08
0.10258091398717822
0.220140807134924
0.047827643163176135
0.024857334020995547
0.03726572996095463
0.1161170267143496
0.025375963099785376
0.01457756401128178
0.0942565780996139
0.12422561560172488
0.04942220243593301
0.02044793947401579
0.10339193740170356
0.09416412930033048
0.025033301431752145
0.025375697238079486
0.17761937888508555
0.1171747726249209
0.025362615908653758
0.1141416580168796
0.2846283916225412
0.1625765368348608
0.025237685885580303
0.09544803449636984
0.23286917541311375
0.16372795619793393
0.2342191986114092
0.1490241759972904
0.3321483773673658
0.1196628874467647
0.04672182335448388
0.0415511371865135
0.4292126847984459
0.15669361348531224
0.05206768615478978
0.153072580160775
0.18790794247566106
0.04892351917684341
2.49422943008908e-08
0.2690605086638897
0.2713980153401614
0.025436322334003215
0.11241737559582453
0.08538807946176047
0.08213002544974465
0.025373830455173267
0.008717548349685592
9.326413963184656e-10
0.051832835368879816
1.9566924996716922e-07
0.025376219773080917
0.09673913832234786
1.4193845367297282e-08
0.025312532885281663
0.025376005890136312
0.051130090022048526
0.027275481742010745
0.1020806959141592
0.056747589135779986
0.1900727525849119
0.2489389214027445
0.18044035422789825
0.1321916131709756
0.1224072253508918
0.2597205534061131
0.10142394649506634
0.051818988386064406
0.26719875127172804
0.12309813222804955
0.07567849851257086
0.18965388835268696
0.16084492799312738
0.054850136722098486
0.2769820368880418
0.24366599207206086
0.28794943841895915
0.0679807789316486
0.13580285620120136
0.13269275078464252
0.1258838768700199
0.050583893584847515
0.02436519869894988
0.1339682828100949
0.19357997905867025
0.03995420209769223
0.05054542583961224
0.041306480748499685
0.09741058826065233
0.02537591106351179
0.04543660190450518
0.25700883297488275
0.025344735800860115
0.09961973396286332
0.1038524591317192
0.056024322393099214
0.1716058243877746
0.040800440714476714
0.16820657084259882
0.0253770546705982
0.05087808611287439
0.051063725358806315
0.09969142842069094
0.025331573143056237
0.02541859965889486
0.09084881615931932
0.1558442977069944
1.1109767289833134e-07
0.021773146784344933
0.13038144460991555
0.1559671012866884
0.025375687664838
0.19433620854126696
0.2849456456930212
0.06259392528566879
0.2652007290697264
0.07972827272921061
0.4224128197580133
0.1016067410082276
0.0959056124145754
0.07371220100192745
0.13594837106826155
0.14198598963266848
0.07932387461694156
0.0963190240206804
0.17871269782945104
0.09044974469026122
0.025376026707730464
0.10810653714099347
0.2492288204837189
0.05170312269497737
0.098904687720917
0.2836752183019537
0.14057424491317688
0.06513265739575684
2.3405296973695326e-07
9.805516311119937e-10
0.049940182983870735
0.0253746575520184
0.03025342150013697
0.06615382029224533
0.02673020496396758
0.10228906759421484
0.036491382041729324
0.05149962200076191
0.025371829935845514
0.18312173438981336
0.10722572465249036
0.2027696840211814
0.2301075123662056
0.2599404564518017
0.2355007494551554
0.30180835643059123
0.1257650666740652
0.13106945721674906
0.2951724426491503
0.08717883064635004
0.17415780374699913
0.2953091157736599
0.09606637313547096
0.2851320734330172
0.17137282966180786
0.3853093967621729
0.039453207942427036
0.08257256700168837
0.3920426591423183
0.12095502314893795
0.14979695144894348
0.05351559006607778
0.14545259341017536
0.32871024389765224
0.04668814510616694
0.049983088110696114
0.025306947823292816
0.028552724244900636
2.5756687969410265e-08
0.1000500495943479
0.1220205280820242
0.062115457224770534
0.01197315698157973
0.0922465954082857
0.24115894500811094
0.02537601308281707
0.02559459918365294
0.10340617126198608
1.1356046913827218e-09
0.05780314531148587
0.02537644504831684
0.04844739389802216
0.05542813140550657
0.025228115518030118
0.025373311236260927
0.07981152358706012
0.1038770557762458
2.4278665192826944e-07
0.025356976622625392
0.1661549396650809
0.16684822023141968
0.10230542002580133
0.22607452061099415
0.4312749841299349
0.03621553301738924
0.15278369578560236
0.1489496338198749
0.16459443463312462
0.2545693291341329
0.2082535357909356
0.08243823549061102
0.38873408465336456
0.1722195084848893
0.07096563535047201
0.17203261522233335
0.19816776908355646
0.3966637474897652
0.14969132151491035
0.13940678671245904
0.1806035064845016
0.331999698922942
0.4668483908541747
0.02625994327607711
0.09961980444038264
0.39534481093
0.3824615231852267
0.17240026242106546
0.3297489809100192
0.13788420191052764
0.1843338420342184
0.020657295689155374
0.1856811182968142
0.08706147723486389
0.025469192094617725
0.07200880109776019
0.025430519661322308
0.07491516721823692
0.13038828439828726
0.15164150739724913
0.09544511442038807
0.07882994484799392
0.12741665677638042
0.050954907492726416
0.02606604454189657
0.2579882002060461
0.023279344856191514
0.054316738680298016
0.025376291493973833
0.04629617799880733
0.025937061881070003
0.02538708757912793
0.02602294874382257
0.025374206453288927
0.025412632809499482
0.04875698444690713
0.05567489154258956
0.037193659179422425
0.026179431226955305
0.026321126468474936
0.02791612911203947
0.17000501234194335
0.2544790674085773
0.15757345086594854
0.04596341524718479
0.11928059384789493
0.2779240736283323
0.14009977074902452
0.17760167116767314
0.39482069740293824
0.0406372106524605
0.025370824025121173
0.05670636970239384
3.336734948487564e-07
0.026432281485343576
0.02537676950110056
0.025376418840731118
0.11323339643248735
0.0384195191176305
0.04456036000340645
0.02458077140375504
0.05039388969848466
0.02542328946537969
0.09011189225635054
0.035876236567212005
0.02306131114970584
0.03192235636654185
0.025381756075230417
0.025376978822596645
0.10297543592481004
6.750101409809424e-07
0.04457411128806128
0.02537489723106392
4.11116610840912e-08
0.03228553953982197
0.048615761001966185
0.037494285529039766
0.02536928936349905
0.025439368901697013
0.017257831334594673
0.024417945489746108
0.04011396331862627
0.036925492735131564
0.1545271815937371
0.1319336205659219
0.22934393144824186
0.2389269123824588
0.139510774191321
0.1772379616572026
0.06588568912785864
0.0253846083918356
5.821818235139252e-09
0.05528965374840357
0.02536762102577047
3.644410188232125e-08
0.028024059859337192
0.02533422898402117
0.02258905600665671
0.02769144130464
0.0515365286772957
0.02158791531794377
0.051132808929747774
0.02588739350754446
0.02432842077111207
0.12150432146614143
0.11090578062420962
0.029467854959455617
0.02543028295567513
0.02537927867805792
0.057618467337623686
0.02538156370523355
0.025360542211559648
0.018486509483340102
4.6771927636352715e-08
0.05137668059030988
0.09425017705420624
0.034719741898102466
0.027920050429424092
0.06984668044918194
0.01849538636878316
0.12148006533589174
0.02565466703989907
0.18006493727276834
0.0256956371136898
0.03126440338798249
0.02528881992412619
0.02017059140492256
0.0502875441526057
0.02393552445284601
0.03585769208179041
0.08956372511488331
0.023386629055364525
0.07199022642809869
0.06643981024295399
0.0027779779628440697
0.02539934464070545
1.1724322667723836e-07
0.058522356458528574
0.03221424216262666
0.060539400122946875
2.0969075596602463e-08
4.8303835022056543e-08
2.2088916561368892e-08
0.057800627589104224
0.027136184197980005
0.025375773720147304
0.02553153673442142
0.033026065546924166
0.02690752803935901
0.02537594679234801
0.07837400472145754
0.042213315096900766
4.548542635383397e-08
4.573969583976796e-08
0.02537910586138178
0.050362096282977664
0.07803843817717351
0.03999978210796765
0.05718720162322478
0.02734482366084635
0.025379219165476318
0.02540429506350989
0.05881093671529097
0.039328629319678135
0.14849042742211155
0.1525541181995202
0.10821504815328203
0.14645564590221205
0.1098862835166122
0.02497008678369381
0.02593802620146484
0.04696055322514255
0.11466865947193312
0.061004841669959335
0.0532560821288433
0.09221870921810116
0.04994693044019565
0.05389200966453568
0.050095510040521526
1.8494096712433718e-07
0.02694881623685966
0.17868900687289946
1.581320827313115e-06
0.12539838738953682
0.1699164707565114
0.0840153462916348
0.07499920291211219
0.10206674427368406
0.02537453961864866
0.03209135815378013
0.04882315477243405
0.025264020856293368
1.2259659834327762e-06
0.024970303371200285
0.02537642681815952
0.02537598886324067
0.04076212912660795
0.05568329726905403
1.581320827313115e-06
0.02587995351490727
0.025317077722490536
0.02537205655884761
5.719388678952939e-07
0.07222723695710065
0.029717390638023325
0.02546038239882856
0.02538727291240449
0.07946353168692816
0.02545428979005304
0.00779729754947112
0.02540298337948951
0.0530193444384377
0.025352575303906583
0.026167965930533103
0.3650090060364566
0.22258474759705588
0.28109413186251536
0.10828546178292156
0.32702527479256177
0.42757740499827823
0.3600177844404009
0.17164965672852878
0.38298855205136173
0.1826396393402945
0.15977686122799958
0.15860994104235565
0.1940921389698755
0.17415575148644333
0.06470758107904116
0.1111230294455334
0.08212674683197703
0.02539824870981281
0.04608147331223867
0.11462146130073785
0.02617746982798445
0.025360765107284897
0.025367175745993058
0.05533033988581608
0.11341135808546142
0.02771052172278561
0.0753022803929132
0.0928416193106885
1.581320827313115e-06
0.10014917697194846
0.010216924838564909
0.16240730447689913
0.2340355825252717
0.13500404569173555
0.07973238766504714
0.015385666963492159
0.0438676007990427
0.1855794398385491
0.05351679582223615
0.17020943956388096
0.025365628971429244
0.07688509242156542
0.20641244478647067
0.2548831787486361
0.025628878839936226
0.013581812726779966
0.025376983711588343
0.1602972857287538
0.2094267757374608
0.10406147734143574
0.15377593477079848
0.3070154206781747
0.02843135271625152
0.08696566175296071
0.031855683874825465
0.0254001331837316
4.775793999786023e-08
0.06831118631040697
0.20062487426268127
1.581320827313115e-06
0.16056852563519206
0.07729338176322068
0.15180192992478292
5.972506182191121e-07
0.3665335370055217
0.221426123937676
0.018689934232686296
0.05177428746321972
0.16681491849346305
0.13305118318722506
0.021315877158296172
0.025725643868023392
0.02408587199895364
0.025489350919108374
0.18275886738787006
0.04470992747301363
0.13107807613504385
0.19232632487871085
0.17868554226188438
0.025399751460667173
0.1018797360266269
0.30572120749864434
0.14842600251252042
0.026723513478842803
0.09120117449981856
0.149673895530005
0.04627037134324034
0.1357994192540435
0.20910915970498528
0.06590373817287454
0.025373177828170484
0.21488800510163752
0.2447777793935076
0.02537611969329097
0.16789988916268742
0.04443558312601364
0.13958347940330945
0.04731426945921132
0.02537574039685607
0.07588066757603389
0.20725471901986445
0.2038511450171791
0.02764033125727032
0.028340707193829445
0.20149394190303
0.025373863334255783
0.09275112198561256
0.080813925592642
0.15173136127298548
0.07850445857669165
0.21142148612934505
0.2296713632006874
0.02611641015097146
0.2722119253632569
0.12866521313002072
0.3325365033541192
0.22268679947445497
0.10694264649790454
0.15101851536177707
0.1739042819448131
0.1846276589396753
0.1366846016492003
0.21084105059853325
0.22097840369763747
0.15773349272833745
0.22792536708305555
0.4173178782540346
0.18084583003709734
0.12996068364173774
0.14886042797077026
0.14581237298821578
0.14164408220160254
0.13199507900370105
0.17108494181761638
0.11595277619183345
0.13781190165793772
0.3264104566259177
0.1389535422749157
0.3721147177828627
0.12564442289572955
0.07245275851732533
0.2654927187258162
0.2323515826883791
0.4326077488334349
0.3950177534085545
0.0760082429607179
0.2670758820500524
0.4337947112866037
0.17642971729643622
0.17068480840872013
0.2932399749236167
0.07197895147419663
0.099520163969112
0.3431918887275353
0.0944777119867812
0.19563784001944534
0.09466534951529608
0.13380544294844288
0.15013500803112734
0.03441976428748017
0.10504490019578336
0.1312189455038736
0.21430011325743334
0.15985251966446226
0.2991610190623922
0.158066267974302
0.0810724928153344
0.2211950869986516
0.11885101117055873
0.09152508512217544
0.1559470121148962
0.10882054586890648
0.0863071356032088
0.16601981874991364
0.4336448760996324
0.1341830124322649
0.3930553006616104
0.17296851481508194
0.10707343100981898
0.12186811253856752
0.10613397206679538
0.26369365576889503
0.1726137609786277
0.30563805099193697
0.2378339264446652
0.3063345374628695
0.2273596929071675
0.1250825886491507
0.11685466154927335
0.025353727442946783
0.16387869645330724
0.21862064787722352
0.4271160690225132
0.4353816144891032
0.3000730877635822
0.1723021106148814
0.0679688083160818
0.10850704372674944
0.07758397384393452
0.1624352152638441
0.14125472330841984
0.09923396513205647
0.02284640222817709
0.08261793039868953
0.2294395009282107
0.16606809386659813
0.15917951626274762
0.1678389639132231
0.022251949012125776
0.16199573126585412
0.1203488310949
0.1388264918558121
0.1235101920029176
0.10027620886041452
0.04138290396835698
0.04631545074396177
0.23610249260167626
0.0668795520800756
0.1716519171639832
0.16035938736451474
0.13018157394839874
0.07815497440003799
0.11125972553670443
0.12865849232611093
0.10732379949443276
0.3588623885271163
0.08431460273105283
0.13549295789436308
0.1113816399520268
0.05713802788181908
0.14769213285882274
0.2278277769906893
0.19666145005714636
0.05556406923826626
0.07433735939540285
0.1243244531428324
0.04373441115303427
0.07382740097829261
0.11587272886945466
0.14139274534757412
0.2266354186104756
0.16902673823611924
0.08813495053198141
0.10130646026377016
0.07453417912836845
0.12358819412571645
0.2187926502113368
0.03731644534433813
0.10394721347956457
0.02566867492322161
0.1684325341364908
0.17389170673209384
0.0770101406332089
0.0714423268547681
0.14554899465481996
0.1647652275273581
0.2382494519183645
0.15487978804723646
0.16032319799188546
0.14810817092745202
0.08879637133189686
0.11224126653542577
0.08479756703248721
0.07691488175485571
0.13248930234272896
0.09971561452461368
0.14903265840350152
0.3205386648460751
0.2442331647696334
0.01995860524248221
0.07428229534072289
0.1938849411370001
0.26347401803787784
0.28980338618490425
0.2432139410865566
0.2538307674033875
0.17776705788970304
0.26427722583647245
0.06039797664906165
0.3586955917747792
0.10967830583589423
0.31544502926357026
0.27152218243087844
0.3354590727605728
0.1454109222703759
0.04545639129795069
0.09518605577422076
0.13019849912128473
0.025454824554678544
0.05199619725622738
0.10111865303481886
0.03842223443743525
0.20636187722288396
0.29509740874950985
0.053861975697312485
0.13012012531440742
0.08935879395065931
0.12086144728898852
0.11382844255188485
0.07636517700138262
0.018042465297719964
0.02640650406938125
0.0503049799144483
0.15872616500733538
0.06332359911177884
0.07347213241095335
0.1224749979445282
0.025375883819322227
0.04539111624875837
0.04744716357390042
0.10765375252930257
0.22253132500949524
0.15675724090414678
0.3828306587828541
0.16038237826479249
0.15153040288405614
0.06676626783380041
0.06624765432672088
0.02066006717571521
0.06671356598306549
0.30466232944356963
0.02232511956292934
0.1594479898514566
0.15703479845314008
0.15840389215577766
0.02593736402348786
0.3953090586807164
0.10636517837767433
0.017814274366023626
0.0716336997200901
0.15507648021933446
0.12900423531214567
0.12458639819653078
0.17264818064932466
0.12040068333606666
0.047953813696537916
0.10594691659343028
0.1251231430185327
0.25746125580512697
0.15315838511533422
0.13072707937664585
0.2135898621980044
0.02424791712139466
0.22798885929939186
0.4046522413447484
0.3946317512892672
0.02540303935631118
0.042139346578639485
2.313728313731115e-07
0.1756028835883689
0.3576682427519515
0.07609864319312361
0.025311433379727955
0.15083909889707206
0.025672633654282285
0.025316669514499558
0.12338618141094185
0.02530711076985557
0.04706453508476198
0.04771445950483697
0.13018825900753714
0.06676359344539799
0.0529068145982406
0.09386488069215322
0.12512096721971544
0.08467077080702319
0.025753051832386818
0.2926459845271907
0.21001664117967248
0.024710774550010618
0.003908344763180268
0.05305875683529703
0.17615761553695905
0.14470409308035878
0.0551840879576791
0.2105030794069216
0.07826732263908226
0.02537617469557827
0.17135146876725052
0.14180930202224715
0.10771736670094756
0.11420159293017505
0.025916975249512732
0.11092619395435392
0.1254861191629421
0.16931973258706387
2.6606667935316644e-07
0.09212861770145724
0.04778597367708291
0.0782367734515333
0.09608567527299297
0.02526647587243702
0.03412120704369547
0.12070999923680613
0.01841886150426904
0.025360826706380717
0.10930756592959608
0.02580506387263773
0.09635541692014922
0.03494236921518422
0.02537426638839773
0.025230099260137598
0.02526686118393043
0.09495245019968618
0.0545673009043141
0.11465054432450845
0.21847585258400792
0.042165620122614586
0.02461885560006101
0.0443251957614061
0.02895754052974392
0.057739839514234614
0.028127095046218013
0.1371427414442761
0.1352974922104365
0.025375993606453
0.011199462482378415
0.047759374615594166
0.13849702296730748
0.07162449423987029
2.4000257071088667e-06
0.09573488209733293
0.12087328667935596
0.2959347920649795
0.23267091413129476
0.07369824270895127
0.10443669508974453
0.05720187658726929
0.09897568924537826
0.035489390303487064
0.12146396493185972
0.09380447968528216
0.941780446357362
0.1420544939425064
0.1533160866748441
0.1724510648439063
0.10288910152450816
0.21143491114477464
0.03923715711524547
0.20255376791824556
0.330939692177391
0.08645179547237675
0.2301574608086263
0.05483109386336772
0.1880713590803989
0.14273606489701696
0.08850132631440401
0.13409368095323262
0.09696663045207292
0.7900975302831837
0.6872573679172304
0.5807115427157844
0.5488980191535371
0.3028655697221873
1.88509440741012
0.4586863950987452
0.15506115988928232
0.09733050565254404
1.2663543114192757
0.6690174140579974
0.12618053624213865
0.1231360215072686
0.5565440116226131
0.0614828448920819
0.6870609484392179
0.3976542290303881
0.23349146011101998
0.1977845629898525
1.1580340940213645
0.14142639840130156
0.0997969279068591
0.10655941862251317
0.4364133146119555
0.23340257729714894
0.4010728840656849
1.182789138422229
0.2953446430210322
0.4350093004467485
0.3759361942505191
0.509343637331257
0.12995800766854634
0.2704436837141104
0.3870541869986529
0.14483692570474035
0.16763119566650933
0.07615384995274102
0.05944028212801315
0.12348985163417282
0.32051970050524303
0.3488520217714504
0.1341569545149448
0.12066641701279734
0.3983984608227976
3.1933084630910917
0.0408164049472047
0.1102658908242266
0.07745044694969333
0.12573545847853762
0.4533311821414758
0.15552148356113862
0.8865366598139168
0.2219656889414407
0.2900770796845471
0.09648162163163154
0.5693675186725287
2.3241141752397128
0.18252650055820369
0.9703950898620584
0.12637972781518034
0.1384866976272275
0.2434198259335223
0.09968425599378056
1.180312722295957
0.22345474846581967
2.193290910790313
0.3845603329251061
0.14645497262958196
0.7278052167236347
0.13125210260620315
1.6116554308093745
1.3120599258780592
0.9631017343015312
0.10884123553560393
0.7033938884080297
0.4816243847667265
0.1482122908695986
0.17005483703119031
0.1966109744387356
0.030867148519552925
0.040673987985232224
0.22401825877950515
0.11525646090193305
0.11623904887142718
0.23194436937576104
0.1116084952109726
0.12170343318430855
0.3666365455706504
0.2455325434425601
0.496442506993014
0.06609558000228492
0.4173586078864402
0.14813874304889849
0.7039534110359873
1.1586263384471929
0.3636783915007496
0.06374876655380224
0.3795466281744577
0.446734140459594
0.9657497699776794
0.11200236008543676
0.6727879569922919
1.6824656941078195
2.3271148563896844
0.06965259462232908
0.3387937682498965
0.18392636978683152
0.06063914427915406
1.9900062107698784
0.35142519423802315
0.20589512581080333
1.9213358807649377
0.17130699202027327
2.4666271579684134
0.7964121307932216
0.2926199086876889
0.3008786435869628
0.8629007412838546
0.1634662402023654
0.2301128115723132
0.18545166672929408
0.032090514481060005
0.2799012093541408
0.25230261609037313
0.31311566279208103
0.23546332764680256
0.3361461068081753
0.19045712816044985
0.3971997492578741
0.1535566942958694
0.2508433431319882
0.4227129129866034
0.3835861689844468
0.23856744637334354
0.3403883967620489
0.4858194529295698
2.22657194322769
0.1922275220490416
0.10706042119387507
0.1794446335740912
0.21944806518954724
0.4600274145092223
0.1329916014902322
0.20428288106432602
0.19805265717814474
0.4128296086612837
0.30397354358165857
0.32256440166146266
0.25246636358111946
0.08084231210300565
0.8067226634626784
2.759512836856311
0.5272048516185476
0.17854863496606638
1.0003092057929377
0.03442362580875725
0.03743971706970727
0.045159624849676484
0.12246042311959973
0.7281248333825853
0.5549502563457183
0.2610412451522145
0.955536566814908
0.04195572326573775
0.21862373337165975
2.4680122891914795
0.9638977486955584
0.4554813222277496
0.6579370713949577
0.14739638122767593
1.5929328710478838
0.35667831331548644
0.2245859066696851
0.6662801851538491
0.10704281412482806
0.29614751544710743
0.4305448527350057
0.201577391271253
0.2156601792900832
0.4165203744015056
0.2298374439035017
0.13753846654740598
0.1825743199417014
2.008891019414805
0.2998853945563286
0.11992980184389375
1.5393556728095112
0.5840800197480043
0.09757329517030296
0.2070136677666483
0.1553425929902736
0.1458238520402687
0.4141313941512046
0.22201242202804186
0.2052722708641049
0.21624075277001464
0.20841065413673354
0.3575386787015723
0.1564642647838642
0.16672283093414664
0.34312096167283285
0.5809225305982422
0.3916867316729975
0.20400723993183692
0.1894014268605904
0.8844737975319942
0.14723217084905674
0.15094914252014702
0.21066180961306968
0.29923785908628464
0.781044711297078
0.20570320284049254
0.14137174453597087
0.1717571790579822
0.25992068842223603
2.3961505111619403
0.2820004991981749
0.10301812648401902
0.3914604780962884
0.0014124910501694561
0.18366873249091395
0.3008507699499051
0.16226047656398365
0.1818767645938424
2.4682847507261108
0.3590521509788121
0.07228647508143272
0.3202724028641969
0.13099808934949747
1.1594720167193948
0.2656576879408478
0.10563381794610112
0.2639431903873624
0.20776616453942207
0.31236209561185097
0.07463000887193533
0.18955777387775116
0.2958291821244325
0.1023233540252088
0.5656697480633326
0.2425701007036713
0.2267079015342647
1.492665537546567
3.3942234614476616
0.16500127769012699
0.17878049357890388
0.2820476293943597
0.05679046983814697
0.7931458187739278
0.21080785618831324
2.2450314891465735
0.0499837863448089
0.3063992565587569
0.2546785975589261
0.18270459390671226
0.2752552850684357
0.3479986464013051
0.6879486126369873
0.16044427405722653
0.20217891442932645
0.12977329554459516
0.009705927760347588
0.34017985600431144
0.08244355885254104
0.07333302836147647
0.9742259147682948
0.9052056103316992
0.4411217637197618
0.7128102165451796
0.10905761953411323
0.3240313782685394
0.13158430915045286
0.028787271125844963
0.15069566281480726
0.3947634322953141
0.15045902056304486
0.4899876123836697
0.1795966969784927
0.2539286543076434
0.15269290280656586
0.2497749521147749
0.4072233588168261
0.06446666879106461
0.1270262086093355
0.08161930122089553
0.6223940800015386
0.6917169938962174
0.1992075671243019
0.30312982095899405
0.1718039412243014
0.1164047923142642
0.4446053114141106
0.6345740256213949
0.5909947408775736
0.13881730408598011
0.03856987313221237
0.037385610821369784
0.15970334401047606
0.0575493675258385
0.17928975110050574
0.12825954461640576
0.3160418471541181
2.0322985215624296
0.0898554513487468
0.13313038299819793
0.2143308047631395
0.4447442308314797
0.14431692825450007
0.03874872793032262
0.31924549992787943
0.4543608592435978
1.3057396148676683
1.3771204115715374
0.1632006710510381
0.13752093584144395
1.367011616106027
1.3643630785166256
0.3983287039212268
0.07823158827595883
1.6531580258833169e-06
0.025489315878933008
0.09783016601841757
0.10480689272499928
3.6292571994253808e-06
0.0251929884853831
0.04956962052366405
0.09318110027142522
0.04080365378720713
0.07536981731637894
0.03790873853726765
0.05838935831223261
0.09221058367425454
0.13186093296739929
0.1836033778742273
0.1532476259875287
0.1029606330759032
0.08932789842169732
0.19958523497484632
0.04310744450588035
0.05964040413137343
0.18920403540247516
0.20987510486786287
0.13494101840361206
0.06610577263328195
0.1138501900527808
0.07754298312662597
0.11064156113811023
0.026226941335599205
0.04270488492824659
0.06708631275640684
0.2021464284805233
0.0966141223692472
0.08423119052515253
0.025423140759170446
0.3341845188709003
0.07814539674054229
0.030994239281450713
0.11581634330452335
0.057790941539636764
0.02539729282372637
0.03735660570362497
0.041774508606550936
0.05242380585224348
0.02537773793208572
0.024437465785355217
0.025946919500970108
0.059803495041746535
0.05704900302676277
0.02537699229042957
0.09516822068289628
0.034480748005648335
0.07843618747181944
0.17946099026598425
0.17734762635361648
0.11708102081676912
0.0403504241191217
0.16953922791390713
0.04899331191451636
4.9006328725885074e-06
0.027617800372153604
0.09651807118471722
0.0255495082353307
0.04768331809335395
0.025487648100007417
7.956774542481343e-06
0.052765737987923333
0.033460421170061684
0.0277089540530324
0.13141934625042154
0.06651490761773915
0.036809648950330384
0.09309194904223177
0.01965093074898993
0.17913056735656044
0.15479569098284846
0.08447063730883926
0.02627491280434226
0.13315485936043422
0.12924624996105005
0.025377333474750352
0.02564486844699442
0.2378354690850491
0.10772648370024283
0.05671652137870736
0.025328793169071082
0.025484194787918982
0.058528421979848234
0.0657746398149365
0.0715920653676588
0.16894647414978128
0.095015275864843
0.07350331564453222
0.11109769861698082
0.08947307176868173
0.031795209033766016
0.1001006891596398
0.1704742220681406
0.07502491804471416
0.06385939154094017
0.08963721659493556
0.0991383469685812
0.05700433944660429
0.08010215000196726
0.09154961030624913
0.11940538861270268
0.04815039133659646
0.09101319032136453
0.027723293864218956
0.1007628809050108
0.025134562036209118
0.025741222662110628
0.05534204106263399
0.09346112840605604
0.03948220993164901
0.0825995847407755
0.1121073561737542
0.09851656539217724
0.0371364093237661
0.09391470465132212
0.03454304563671799
0.1875681494783306
0.058156481185550425
0.2026688889198745
0.050945471493212005
0.03107492207964057
0.03997449047761978
0.14868750059694255
0.11778633159390114
0.06475313812877892
0.053014488262768285
0.02538197574764195
0.10626785543988644
0.05033420335230202
0.18349360669663614
0.16052541901559134
0.06859519261213512
0.04849407099470501
0.08191197637611178
0.02550912648365046
0.02537657992510812
0.029791396289149487
0.1120904965426819
0.09369353399535624
0.09125121238367573
0.026205617855544944
0.09863318596933793
0.1062075308983488
0.2755957293617152
0.21985093246890167
0.1035541781004007
0.14701470242409548
0.1766316594434878
0.10215595676781336
0.19872469819009725
0.09713268730311016
0.07087599884239254
0.15869594100635742
0.16801003255126334
0.06435813627107424
0.17676805125979178
0.19019888823669334
0.054073022893625255
0.07604616394167853
0.1792549730080694
0.21039129027713072
0.16071719869628848
0.1021607634654069
0.33418175163793096
0.061614208716902534
0.09056887473044363
0.11176067679969606
0.1586705325149635
0.10536587329737562
0.06261258579734455
0.02686505560153279
0.10279735414411256
0.09633915735572868
0.02909833860287728
0.12574380910652502
0.09732651513697826
0.05093097310814061
0.08301335959778396
0.1170787550452744
0.11998669786617255
0.11496409008565768
0.11249987895388383
0.1258075262181582
0.1007112821006554
0.07974063480642876
0.057843533390942024
0.10989677079190346
0.028437845726731376
0.0514987903183279
0.0940104534249511
0.058224406973968815
0.035704111791617706
0.22001720597877672
0.08764066744057893
0.1756995972345348
0.05671454293394044
0.1002888126339889
0.0731664005689074
0.051493143014614336
0.17988325984539102
0.10039884090193844
0.15825097520499826
0.08568482428740251
0.09531717009208687
0.11195572606594302
0.1228495115055513
0.07809654146846351
0.35905237305580523
0.16868864376263626
0.2574974285973307
0.2422403831369956
0.14041715014488154
0.2354316689411166
0.13362236916739115
0.14514430340986706
0.20722034433989373
0.1740693256607121
0.05253192144859005
0.1772102607727822
0.059811279302293914
0.09060513202806926
0.034457217064693714
0.0580712588392065
0.050878716894758855
0.02589622531285267
0.1409629204239706
0.12153338853020687
0.09473466415291447
0.09713551215685223
0.11398315750761458
0.11144602199653904
0.23510019438547114
0.10463319112489396
0.11974100068978732
0.08888894504818691
0.2294219758328233
0.06970335567555848
0.05065739423271445
0.05970346070886199
0.0670133931863155
0.057312793906186224
0.10388108171563104
0.22365798032336284
0.07687894849925304
0.11390639287762346
0.12147133308786855
0.1816309731201113
0.13736275142617693
0.09297217231962107
0.10016595761579168
0.0807221632070439
0.026875108272519613
0.08668064363871025
0.05177797276227267
0.14675976334018193
0.02789270366625144
0.07738566467439911
0.10469437773627198
0.05099333402413552
0.025570509060690045
0.05801465681415936
0.3489724648682988
0.0992294465615364
0.05081606657206588
0.23343172960922745
0.1761181666135088
0.04117922562078272
0.11258679428793994
0.20758351063988725
0.17063013728003878
0.1388088683505017
0.10847316931396543
0.2300773596173513
0.16702672915669753
0.050248647196818465
0.205931026028194
0.0697794284393213
0.14384496354267726
0.17051696113113635
0.10817655365081297
0.11245178107710978
0.025511159681156186
0.05627171031288356
0.058167120610112484
0.16212318971662956
0.10339087011328166
0.057476640976975836
0.06620152055558115
0.13575166476367312
0.09400232359856683
0.0253784995429671
0.10644034878303266
0.05823274225577357
0.07962214791880143
0.06281691873918993
0.02899746092515772
0.11640973754170834
0.0594316966398703
0.16661396249500818
0.09393437121594128
0.06963015193632062
0.04604256284640305
0.21689548919162432
0.2506807250927813
0.02548252362603605
0.025635923211003005
0.02540904558349863
0.19256948476741348
0.06011874941873105
0.0653913439037355
0.12050952005542925
0.2094917164589581
0.04536518821381184
0.06345117801186435
0.06625246068174619
0.1013588382976602
0.06191962833795036
0.09388737907939697
0.08636827309513452
0.03026015350171756
0.02775310216574628
0.030099970407949237
0.12758460416997974
0.02890289899061149
0.08439759573546889
0.02583778839705458
0.08102770238432598
0.04849721496652063
0.026798265632001283
0.08139594846529473
0.02522314233363509
1.1243391501382444e-05
0.01019599350252863
0.1340511725392513
0.036900716646163935
0.025403559048633742
0.025382420716164613
0.025415439558767
0.026068380079551583
0.08900327951337024
0.101662336196158
0.12082100619594956
0.02539246698754389
0.02984607701731849
0.007834484352685366
0.05409573387558128
0.08422329358385865
0.028371095851487782
0.056483736136603485
0.11362964120203248
0.02556143784977901
0.0528970692114094
0.05887220355358089
0.12075664187960568
0.04468180520832693
0.04750365613556278
0.051017311449884944
0.1690959675257131
0.19704347901753025
0.04512436620495742
0.0955529224800243
0.04707933796758566
0.0921897704082287
0.05568382144308155
0.09206554204706834
0.061249474777933126
2.2355362483222658e-06
0.03953374300942953
0.08824556013682952
0.05151269442000226
0.11357475438224048
0.09385467452434304
0.029173911150507607
0.04531039998450725
0.017134686520065882
0.020730293981077192
0.026693320592288104
0.05309096719216469
0.0500351747169196
0.0491603541323244
0.025386074452003256
0.025840402588378462
0.048066769359212703
0.05065341319649837
0.02533769679605885
0.05329913586342583
0.17066823867563607
0.02103691288420879
0.057177191366983994
0.06182911526031098
0.06919168858709845
0.00011259863012827831
0.06209163887065989
0.09571363633448347
0.06149271889114611
0.030195629029067295
0.026182762979203262
0.0970299237662792
0.09320116937527008
0.1852979478392325
0.1896327262232284
0.05602599787297248
0.05684857540924802
0.15491777040072774
0.05510188147703826
0.0324653649686558
0.13676195873002606
0.003912192919758114
0.11124952190334199
0.06034473380191081
0.055264059305419916
0.08645171239653072
0.25388722678277803
0.04431122021554892
0.1043982969395626
0.1643844478008228
0.0713425098686398
0.00349779930877796
0.08068203794465911
0.14087153567395358
0.008351024360364263
0.13587780111310996
0.05860514823062472
0.060536704596231825
0.055165559508912484
0.10729651055924336
0.02681309763998871
0.003378517165630953
0.1177711233328608
0.028707749041780632
0.05083184910203575
0.05610319590959801
0.05703115477216091
0.0487963100136281
0.061012309009880625
0.1007102337035068
0.16267814033468905
0.052606751691846636
0.043700471282465236
0.13044217682790762
0.09140948230075477
0.02514675105481697
0.1642423776291203
0.2118780272454844
0.1596522523298842
0.07662256824829207
0.13556370989382044
0.3311305427569509
0.4265876148477502
0.1784670275519871
0.15370981911052892
0.15884924468999442
0.0022470591548607696
0.05055512010186405
0.2344229849706003
0.06564864428508987
0.002239702727510172
0.0788107743031376
0.13216804943322213
0.16293635657856634
0.2542127241740068
0.20884635234866916
0.10354650495713412
0.2477551336532568
0.09972889906351476
0.0540625529654016
0.046857791946544776
0.13139668706133925
0.057953965693018424
0.003331454578565362
0.027944147973998697
0.040728751835775664
0.16701065735540704
0.07433430879253441
0.027454240118895263
0.045390287443431286
0.1223057592699724
0.4241068261419706
0.4968787829560679
0.027354357094631045
0.03329704434149862
0.17729071656629514
0.060874259785401924
0.0019706583730855183
0.028890525103078518
0.020189164830936544
0.04988992762385807
0.27411757897516165
0.0013772693969193591
0.2787403184108965
0.27411392035499715
0.1739743233549178
0.2794087881712502
0.2256701975346803
0.07843150540268383
0.1308942015003171
0.08115054493490499
0.046952511992256786
0.22778279622307335
0.2428737770228344
0.06178865821687366
0.050817200795556204
0.04831791869573029
0.23653329507155316
0.0015090809430000505
0.09387780214599643
0.12138342824431067
0.0013848334365826368
0.08720287017276131
0.2738156623621271
0.37390315989193895
0.04763052264816621
0.09126657354048366
0.09254492352621604
0.07653483287483201
0.16915366175600532
0.14605015905717142
0.07084600211438773
0.05185451523693101
0.09421181861901087
0.1331671372739969
0.11286541777914486
0.02579672846193286
0.0496813877880598
0.2392216067348173
0.1436805646192304
0.04784924287065966
0.002608523171047024
0.09626456624363064
0.10415334085722283
0.031161715938928605
0.05729137135059011
0.0782362536259044
0.7265026244923671
0.2196405877209211
0.000497533220789261
0.13267602669471293
0.4954575048997377
0.3635969690546077
0.1985734163625947
0.07538540353358651
0.20191623493744448
0.09829544244406578
0.2531905632020716
0.3217145359392625
0.0019831319165550822
0.08964820253647468
0.09187689453080906
0.18666846826556466
0.236458600135522
0.11050135650426823
0.34842613459584576
0.3251138737877534
0.04532602185011876
0.061938633986858574
0.3574764858436369
0.14285622635456474
0.1097099885926587
0.08544560694690717
0.2569393167932894
0.225241729875182
0.4724395778016087
0.3159816473337545
0.38760909178201663
0.2863979851166861
0.08875583945802802
0.4244650245691415
0.4108675492067761
0.3207165570490989
0.06947489182725658
0.4377563527685087
0.12300766086368382
0.1447357296954804
0.3774997880364122
0.0410824983227053
0.11504888793205395
0.2452542149562179
0.07283169181095364
0.0017790191607372633
0.027299489554959627
0.1217352905973982
0.15121735919875345
0.020238609396271867
0.018089042161229443
0.2892148242662904
0.031679773980365665
0.14210443922932867
0.022207692999781987
0.11596715729295028
0.0337394691288452
0.2312553001995805
0.054313814171905686
0.18695312645959844
0.11725390061976915
0.2072079248701096
0.2621706458975773
0.21046918700505515
0.2519985590444734
0.5439183737056704
0.4127780014869384
0.08391573991311528
0.17168144713996789
0.19640945300282006
0.039472381531433835
0.11502633128536505
0.0019357894760266773
0.10078257848694952
0.03122980449160065
0.03149207244217945
0.07252139425555984
0.2881872474561548
0.0976180590841354
0.16308363900267642
0.1995149877877427
0.22921940154403636
0.08132663422845704
0.1790629701664757
0.2724420627403719
0.2512695562886451
0.11957694335460647
0.16843218159317802
0.05571504800649943
0.16572373248082434
0.3274121529928656
0.1835524521912161
0.0012892926447438692
0.0908288716885764
0.20086207844672652
0.2882705997560817
0.08207713476180173
0.2017441164025976
0.1566759373338202
0.10188426769537276
0.16027624456465667
0.0016031952176227655
0.042933896703846
0.0688997885012834
0.029465729269290312
0.2297116507051035
0.025386465509636254
0.07029626355925579
0.10697555707411883
0.10228412550818773
0.08740721793429165
0.10905596741231677
0.025602384567456317
0.10479207086186916
0.11022180578145974
0.173903715939262
0.06934886835422813
0.02926149187605298
0.04367107888831365
0.17335399898225334
0.03614911610129232
0.11319617173665025
7.39892810172135e-07
3.280163424120937e-06
0.11119600552384708
0.04764777630606398
0.1023043877200194
0.041456762422187717
0.10421837961910804
0.1639766516412846
0.2520268193281551
0.15730202970582868
0.1754833100610788
0.17219314807017888
0.20703507823060635
0.09077120916332247
0.027948640267932603
0.04708252755027385
0.1277531238752488
0.02546568244631151
0.032345537641100555
0.010052488566950391
0.0253761342856642
0.05781802022105045
0.09379520824114676
0.055274203535154366
0.025840490021239088
0.025376314462951872
0.2058715651875592
0.15774302457748726
0.1632344253994604
0.107775696390981
0.0276347341075066
0.2479780797996072
0.05181258125659016
0.052443411866767736
0.093170693430443
0.14944098681528215
0.09182046424689304
0.28163546526705
0.17702467156326912
0.11153995638407192
0.05272302941850514
0.09009521482638633
0.1207877327979928
0.1603221306123754
0.18063863483955184
0.031045735151400036
0.025376224472738247
0.06229627270872004
0.15637830502093766
0.05086302111438377
0.05094828397827211
0.053415741334115835
0.011924861909662004
0.03960113556459704
0.08702255556365576
0.10481282665964912
0.12047272709459128
0.12320299958507094
0.22239425812685468
0.16901307011735625
0.17437950803061542
0.2403686683478911
0.14065319661899292
0.04857264268248404
6.155899549509761e-08
0.048694557013907735
0.07625358441464654
0.10596460697692804
0.06302591313509856
0.14800095357619414
0.12606684439443153
0.05509596440173552
0.07510715176485219
0.13296033537986698
0.2916608501624696
0.6818744800459613
0.18188224227015348
0.29017989849614656
0.11626185088040494
0.028817086112706388
0.031206719196287026
0.04807764357460105
0.1376071196308195
0.14077138023673252
0.14399365871175887
7.81618229927213e-07
0.13775847540988906
0.3044723063655168
0.16417247359187687
0.03757095203530681
0.22517477760125573
0.014790247517074329
0.06229340286859762
0.06858369356587021
0.1693630542094899
0.18355806166754265
0.042189181393697435
0.17439288559659066
0.029769454837454225
0.13660455914885156
0.18412089477252408
0.19132909414056776
0.14273787548711112
0.014209760226357837
0.3986283167989377
0.18714773054101316
0.03877626429695975
0.02541691277683018
0.04836482094814098
0.16136518040881262
0.10744293332197576
0.08784810598061167
0.025386498014032848
0.03474936815585867
0.4356723074275387
0.1878285033166628
0.024097872968129357
0.4355118393572344
0.05484537352176445
0.062009564804522
0.14441365085811844
0.025390678398629647
0.01795403641184809
0.03162888538125374
0.031549445634780245
0.02602010834511506
0.02537708745749006
0.0252489034624118
0.03188573495815302
0.06860511200231664
0.024847679677130047
0.01010199518007697
0.006431666025644033
7.909409458008277e-07
0.044003587289396164
0.13820854360298945
0.027120584665527053
0.2888184873728392
0.05231790220786773
0.12852697698330276
0.1011575806979492
0.04889530594778981
0.013511659263874298
0.1782513548953738
0.025389499219957343
0.15051778715121825
0.07398014405554088
0.02686566653675472
0.02537453396691118
0.010073810022882794
0.029804407925657483
0.07774287955241034
0.3117882876811254
0.2432426695131775
0.06834115880640851
0.20159139197233825
0.13860984219834346
0.058541750707627224
0.18195498073339225
0.012752734828098192
0.032376498584075784
0.0838266005453796
0.13480011383201335
3.776044031556589e-06
0.02625823875640738
0.07111146601029862
0.025506904707922017
8.884323986531736e-07
0.025218280470068268
0.025376755080513774
0.07003034294888152
0.032076624378658235
0.05217356928908372
7.782505737788928e-07
0.02537635868718708
0.025376678561316944
0.0959088297249825
0.1751564270030796
0.1900211033133529
0.13730878929939375
0.11475896992843612
0.1931347355305224
0.14675896390069926
0.17369210375859054
0.028699647372365543
0.23620023387843744
0.08802146372242023
0.29168194687197485
0.0974466943069647
0.03048319368178981
0.08017077024024567
0.19106572404909405
0.05357603719623144
0.14410474999937128
0.054720423845599386
0.010322911985833405
7.801284375029956e-07
0.038170377456099684
0.035716327680176845
0.12391701099352802
0.01003342590778315
0.05790860028767271
3.280163424120937e-06
7.903916220683652e-07
0.13694406240152912
1.2514567576782237e-06
0.12687697264983194
0.08949053870063907
0.17863857456808502
0.1738032335618481
0.1066622320215776
0.054258247598128265
0.06433707813981583
4.246932459299126e-06
6.214464495467793e-08
0.08441617366429574
0.024819387582450825
0.0262702085648425
0.025378486067130137
0.10664871359867636
0.10516540046750246
0.025789301038303826
0.2213802766168488
0.1025552332323099
0.2181063766330874
0.19989431167306665
0.12934772164239558
0.09013264769874543
0.05493549029917972
0.026129134365123614
0.057969121941544424
0.15176263668419987
0.0541700114128636
0.2888709830321602
0.014399412059351947
0.1749066415839307
0.17190098561795916
0.1521427015801152
0.13563268240669174
0.026287163210759426
0.025765113642566374
0.1312325496553722
0.08002046549356959
0.17648919901069215
0.02631125009932739
0.17053467038127929
0.025380876839081055
0.010057248855206908
0.09323097746949592
0.09159625925755308
0.025544416296265828
0.048381883566518784
0.020239812539925083
0.19719111056288174
0.17610876959127966
0.2863745681070561
0.10893096415461227
0.08639158236165848
0.14275097368605372
0.11722750273421187
0.21156240856041372
0.21072935228854245
0.07452983323390194
0.02792172850438571
0.0765430928404068
0.11652087474564367
0.09104127283147342
0.10078909271718356
0.0973229323219342
0.058620107869538314
0.0582731049568302
0.16939680297505091
0.15308302386650646
0.05811112543889325
0.05097753870067148
0.21131665988109605
0.07744429655837329
0.05932237333306356
0.0521971964678536
0.08230363850406103
0.2300306807565491
0.038574116890551936
0.05298441984519095
6.984234817749448e-14
0.05822856432645656
0.0488920323907002
0.05692400837188207
0.17898303380091676
1.0426480568986735e-12
0.056611452481558126
0.07638839924066683
0.11294118654657248
0.058111915316596034
0.02927474378720406
0.15232967198272207
0.050808571251746606
0.16223678691148646
0.2233275027543785
0.37640604073026696
0.4534403027880133
0.08628149515116404
0.09723444075240342
0.10706441668492488
0.14062495782603382
0.10423666248598297
0.11215759805035118
0.10096301189751893
0.11806952345451653
0.08611913672799379
0.09985716657223566
0.07553567549397015
0.0465982508534574
0.08904866242661058
1.398240986257079e-12
0.0886825879727039
0.12905602933731938
0.04202701856430497
0.05092155163289507
0.07543837985456943
0.14113092038651942
0.05159244647893838
0.08121091338256113
0.20642953422507912
0.1053165735132756
0.057192041075760425
0.04291760836437957
0.1424802139198049
0.18174264698551154
0.025376000395737692
0.026100558861466405
0.1078418971330263
0.17139148873644586
0.05814488938831795
0.025453419918532404
0.20001067281030604
0.12560801436566446
0.12881766917391987
0.08708121021876816
0.0593652823774961
0.05150589124347745
0.0919495016438392
0.058276802706272564
0.058064925685073376
0.02754864482774593
0.050448884919718696
0.03498150217740343
0.2070307389272737
0.058237473017897314
0.05822739487196394
0.14383887355981415
0.035034339393019705
0.057683841300863785
0.05811333397073561
0.0738619144447134
0.1425731789034428
1.5193854402625447e-13
0.06807252438665723
0.06908010309849327
0.07712083638657186
0.02589648941674141
0.058238912465403476
3.1182214179539105e-14
0.05716406837977541
1.1185191898204978e-13
0.030656490717106976
0.10129886468745668
7.979957863486751e-13
0.07338567099036805
0.11989982536092975
0.0204282068387667
0.07842362601928303
0.025383897293945027
0.02549146345008924
0.08407338709041748
0.07995068591335235
0.17262164446587805
0.21493921292035165
0.15206065794627216
0.11818179239102415
0.13657598980044033
0.2270622706407975
0.1853616573292759
0.252826738494126
0.2786615805986489
0.3389604824776873
0.20760693133936065
0.2092395183014301
0.2439074993810775
0.23511896137921295
0.21789018823028594
0.051278273727551164
0.08522520688879595
0.09681408927786926
0.0929715374811409
0.136102722337218
0.20482712547929385
0.2921755093207163
0.3855272219444688
0.17454657279788915
0.08332165967627969
0.12219046149977593
0.13431292245877113
0.05818294233939793
0.2536888157681237
0.18086055726636005
0.3594494255278769
0.03626778909500592
0.17993315730335802
0.07760617706326801
0.0756413782064834
0.39775776231067866
0.13441985086330127
0.0830311962080045
0.2279562564429545
0.04019316796383597
0.028098333632093696
0.02594258144702394
0.026298507045606358
0.21545372399019386
0.07370230238186126
0.061042131476106876
0.02618814499710828
0.14324696733612027
0.1048740137688432
0.05839827461761968
0.02523685905938024
0.14597866441293753
0.05828594314839579
0.060608373213806216
0.06967651563003803
0.11664243173902873
0.05801395061340073
0.02752994614831637
0.07741282069190776
0.10281868968155164
0.057844409152746426
0.025615309364625652
0.10255919429933973
0.08337270065604868
0.056470880479942163
0.1163109802494536
0.07759444102407483
0.05808744523739213
0.027813804863122828
0.025397579307344258
0.033030210965677494
0.0903561217529549
0.05810763227980471
0.04376997539629248
0.09570195967884212
0.050771857416609584
0.03280566743201873
0.05767638522439737
0.11092162602613788
0.16029353377069502
0.0782617400210884
0.12552686880373085
0.15111897908668565
0.1014924013042664
0.18937710521706916
0.10185276228742912
0.1153242777202342
0.0514426527896275
0.05823648323139086
0.11092287123263624
0.20681451020647135
0.06591028928260406
0.039950355793148484
0.13521365582808856
0.05160314628836805
0.028808868923576376
0.058382171848290525
0.10885135941260468
0.1296814585302474
0.04497978535559025
0.034753912178020194
5.282803120690912e-14
0.04965710616461565
7.364035276838554e-15
0.030600542798373057
0.15794575233134692
0.04536880843203079
0.058232225614893114
0.05803715941808284
0.025639153027742872
0.05820425154957939
0.21479530743459924
0.08269370395989435
0.1012064327651888
0.06738700466321985
0.09204631194601688
0.2130515721195521
0.15023724002478572
0.05483877930623149
0.07592830949451629
0.05629498320198089
0.14108854535198573
0.05229438541114366
0.07808128667059501
0.03900563316941057
0.09866625892194564
0.05138290098043839
0.06472214111837174
0.05068103226476663
0.025476536518171587
0.1029698057406476
0.07959814801429653
0.039581442215473085
0.02579536719099972
0.1601755661838673
0.2059215589543987
0.11450214335552025
0.0507760641794914
0.040503452599748815
0.2246206030731837
7.739123714567048e-13
0.07990092765619633
0.12122485727718912
0.058508727152834575
4.571418016438684e-13
0.040142339069624715
0.08846144939165661
0.02546920195993529
0.06338025719122753
0.17139095605569496
0.07658378674648325
0.08839831540906168
0.05826179337412433
0.11640096310470778
0.07776816699985697
0.06433157480781987
0.02632485301841997
0.2766575975378106
0.17711447015060452
0.05645572934044973
0.17395155749905958
0.1329031845521449
0.15816495960471427
0.0510571253745493
0.10982788075326334
0.1396570879606594
0.17032911223233374
0.0750949268499516
0.12309609632253847
0.06233394625402305
0.025405365428860283
0.02537582568098289
0.025261526152336674
0.09084396470254837
7.650836482233321e-09
0.14729845112327392
0.08715502308291607
0.05088157209283746
0.10820975636859732
0.1207556884363974
0.17678192150853153
0.11745038970067707
0.1554578503796691
0.07620823777026436
0.19506893603213127
0.19557464238316435
0.08867870606605603
0.05074908735172045
0.05112937478903717
0.08594415711471576
0.02597230901227314
0.07156483798661009
0.2331265249474627
0.11054428510248072
0.0253760104119404
0.05432830970649054
0.08016982491420291
0.030828889068340595
0.1472264661881127
0.11464292926145375
0.11884668428948555
0.09800960030724112
0.1665686209342714
0.181375296751022
0.2970201711542028
0.06265631032267359
0.025373354273873903
0.05586230799510145
0.025835342568994925
0.02813683698068089
0.07205258875135656
0.03903286651587134
0.11798170920564376
0.07547743507608612
0.045459594517087684
0.12809689332561394
0.0469950945980287
0.05235348770961105
0.2973803626601168
0.13507489766671602
0.05255867935052772
0.053211393280153584
0.05177898230657769
0.052223204253808
0.02537625218677301
0.05146490903059819
0.024986344022653036
7.629548034953484e-09
0.02507036226529371
0.060985947065495025
0.07137941561607886
0.05341527848485801
0.0536053238440922
0.10962117557866563
0.1085968262016357
0.1853980996737327
0.07555842409788763
0.17695932374707635
0.08745873434440389
0.06112810340194168
0.07582239950621611
0.19473964365220364
0.055059345940833816
0.10052569393928858
0.02854029635186187
0.07794141689381262
0.02537551910615567
0.011127688555979532
0.07871243155029266
0.038725909676821865
0.08146098296831382
0.030620605525353013
0.06772093091024621
0.046090159504425465
0.051930803007823774
0.1303815622758222
0.1093166834870779
0.02705372879672888
0.2560139204856847
0.16294535406012936
0.11879037018784122
0.05899548328927889
0.16343611218752266
0.02534497878792765
0.1247865554970721
0.07627279969432219
0.025415629841763283
0.0253759766896828
0.016342543069922392
0.07695469890510809
0.025375963784983337
0.13836669619622213
0.05033462978323099
0.12963184151794105
0.050169304013023136
0.06737002565464299
0.0537515235064199
0.07846053244372389
0.05010862410960098
6.965776659504516e-08
0.03961486238876987
0.03113019467383254
0.10511340872089632
0.025376870469753145
0.22486768280293887
0.02507759461955519
0.05056947215603276
0.07101174609603078
0.050758171951080164
0.07869300196958791
0.11329864923725876
0.056776672288987085
0.20041045910310773
0.06792338356750109
0.17364833141542985
0.12230172890142996
0.09558393079778656
0.12837352882179529
0.11463122392047922
0.155020914866005
0.012808877263996358
0.03523929894693198
0.04747544775841981
0.06343743737298653
0.1343314066280647
0.025375942085276028
0.04419886300936636
0.11069816805883742
0.10668161770314157
0.16468283053205246
0.09285862361735088
0.1955086057996701
0.12704229534019765
0.2914793241665295
0.18039807571099414
0.20596541833650167
0.3785423904503361
0.3119680135546944
0.15849903473488994
0.1687936131306612
0.2080601085285305
0.21229730721730167
0.2789969876023354
0.280489033964739
0.2392447794022727
0.17513082517024264
0.234044907021988
0.13395897303886814
0.13351408906335954
0.12319971083457293
0.10463556613901592
0.01507059412188201
0.16321826215785418
0.07616113274073902
0.07937859969798583
0.16621897915428133
0.12306478053463285
0.2531284782065304
0.35969942929554
0.1905925276399238
0.3297653050277124
0.4348354140853048
0.4336966097546742
0.34003606246101664
0.26324612536482145
0.4220518793673871
0.4231312818404408
0.2591126769642593
0.2918855371441892
0.34996162772400635
0.2478714623016181
0.3773448987813907
0.31122647915001805
0.1929360207480955
0.2757073974342618
0.1467313648595628
0.17076073027293326
0.3514738843464372
0.18763669689163354
0.16256838853022074
0.2670961933519722
0.10918242730784236
0.17818318866349073
0.30577360628303074
0.06685837677034323
0.1632625395030093
0.1392480814088548
0.14957092128062985
0.09956873659820303
0.09426662497705499
0.0652742622534882
0.10600546335633786
0.16285122880388248
0.12868454145108554
0.07681062512230104
0.04954673812616188
0.11111815347150024
0.10838484685993208
0.27198618653804296
0.07226811951522905
0.1824418230093535
0.14554127372365416
0.11804302012271865
0.05806424640064156
0.21715120876780486
0.2483229297430399
0.061743919531093726
0.2689873960316561
0.3945941420794347
0.27137908255161153
0.2432570652984684
0.3851971915966301
0.2424163678548979
0.3833718105326884
0.15525387093213247
0.20349970614435292
0.19842932239926225
0.12767440019031354
0.09577614107999087
0.07182864559330636
0.06562795328248149
0.07430225031607814
0.05087964761470516
0.12767375027122851
0.23923345434355703
0.2739265062717174
0.056638879998619066
0.24531577183806494
0.24335200097107146
0.3017806462808509
0.05164249406611143
0.17982192399847954
0.19352408243522928
0.17187956171294688
0.19904751055513625
0.08909587120750266
0.1681082745622773
0.043283071195893065
0.05246997850817413
0.06925430099968034
0.13572605345766975
0.09824989568348476
0.10489410657598597
0.11530930288888955
0.02541167395003568
0.08969373188699302
0.11065047258725674
0.19356992789526364
0.09830807925868476
0.11441812260195865
0.12432971394020025
0.4347836762934198
0.20577982589927696
0.025380100320040063
0.03826063327462794
0.27900808082277745
0.0336088442002226
0.025471621530418025
0.12867552901281215
0.1022799854505996
0.12569694648470742
0.2063142384289585
0.13173806336490196
0.025377830808092413
0.11956878979218273
0.08090548783974598
0.14152940080321702
0.2716768574349388
0.0253770211392732
0.056773428586668936
0.2953178513378117
0.15606912811279472
0.026291165195930933
0.13379464785141376
0.3271185788145221
0.18557724907088802
0.24555667047955765
0.2937788441306982
0.05475184370674775
0.2003787703886569
0.13907349545882544
0.02391818346183016
0.02538220831400636
0.0253805013127374
0.05930655826964951
0.022257023895716314
0.056919693642670015
0.05086122586882582
0.03686810907293351
0.08208642620734652
0.025382708858859217
0.06783475640271985
0.08428168281267917
0.07119123889830893
0.09011948651533802
0.02529389609889796
0.019423332495597283
0.18522017375568425
0.02594170417136844
0.025376112995402832
0.06684575125698837
0.09331559878519233
0.09825411069553934
0.05115631524241214
0.1969842462482896
0.02691426681118755
0.02922713210062732
0.2587967151820416
0.15041018886102953
0.02537483128529024
0.02556746651655321
0.2497617568890985
0.07001746129795802
0.05921259522263416
0.11119598755706138
0.14899776966387346
0.10547761497795688
0.12417562583067872
0.03162761340805738
0.15685919094481346
0.10848504140340813
0.04833244005475221
0.012707965468998128
0.16095780488451827
0.06896593571703254
0.03230557380141676
0.07524131985318051
0.12488712284383775
0.08807628303884286
0.07310723685094493
0.09069212072055076
0.18839398002476465
0.05662261988215678
0.025587645255488588
0.2702622404445722
0.025431046926216925
0.11349031495169283
0.11579930247978693
0.13292630557539728
0.1715686880360492
0.09200550375433487
0.2376369520061753
0.1784520292470321
0.18974123713797253
0.0551297598385225
0.020983514193314613
0.1624319338378182
0.12132420706319764
0.02539206281457897
0.025390149778790172
0.1581092434368227
0.025178774894287315
0.025377759572755315
0.0128442925554043
0.043900448312165816
0.03612536467838706
0.02526509852131387
0.02537525709586025
0.08527667889421951
0.011911443139535282
0.03673005595942083
2.1433686180272392e-08
0.05080375561346912
0.02503076005766717
8.007180263551884e-07
0.054289973070876144
0.025375979579639357
0.03056147131524058
0.01037833884911363
0.049370322813483566
2.3558210404884982e-07
0.0723778010620136
0.016116373483937695
0.1357037057596922
0.1783232779767085
0.1384690189131656
0.31993484769078345
0.2411316816613044
0.025376463162436587
0.07936429687981404
0.11899009742188248
0.049216423212483804
0.0467509400474512
0.07668516531316373
0.2702657243171133
0.051083642054638896
0.04137575147228351
0.1755500544777938
0.03603115100434669
0.018981541557331626
0.08009015411189721
0.10563259997722586
0.06279259416327386
1.2072344425843575e-07
0.029598595700945026
0.07478039428678404
0.04343064486872898
0.011758901367204744
0.029349664931629292
0.02002061756487602
0.025373336079205663
1.9838942983503913e-06
1.868581028102712e-08
0.0977301726588802
0.08822271008687861
1.7119501266671826e-08
0.025382322220713623
0.17093458534475736
6.88968581697447e-07
0.04486947985464695
0.09350979171195407
1.833061886865512e-08
0.02491878949614517
0.11060875164632816
0.025376143601136502
0.040778213398999126
2.5023524355949136e-07
0.025419755164506428
0.1561408455094611
0.11473862127323578
0.04073219855445357
0.05345864526468167
0.2402153997211057
0.23201543283847464
0.010797398555895756
0.20964323516590133
0.22918451092044234
0.04303085672366177
0.13894785558554887
0.06894206987953423
0.1722061517017454
0.1046463754381564
0.027182924327055248
0.017340144957662434
0.160545916905936
0.13332899564253264
0.02537877159788361
0.11282654034676977
0.2366913468713677
0.07297228228677212
0.025377339051979902
0.18660814026425007
0.2519518977241381
0.1006434204803506
0.02449604303954598
0.18393943416986305
0.15978341828872225
0.025355265400349054
0.0225767666423669
1.81758285131364e-08
0.017800631884289004
7.265581420451986e-08
0.025396245974772733
0.10453493269116716
0.02538885281518581
0.02537623841496432
7.004492320519166e-07
0.025375505797873704
0.08078934404429587
0.07041411770414885
0.013768051313524772
0.025376633932074275
0.02561474379499397
0.1843473750346264
0.02060404325124251
0.4186616357105303
0.07898304386475173
0.0989443461633526
0.2026881568807501
0.16499325213907984
0.2797184439597616
0.11051429377327532
0.13823179841745695
0.35814092994563723
0.43417221786936105
0.4356579049708753
0.17712408167656624
0.13085260611597954
0.09792738893788272
0.021070166384861058
0.08978826217669696
0.04467201054321173
0.1397213526042405
0.42517870783577216
0.06184105484797145
0.10444947541448073
0.17229951184953626
0.17250367368881603
0.04312284414207495
0.05462111944773678
0.13572742170694874
0.2528960594964367
2.089205510861702e-07
1.6744609214442197e-06
0.018446044016922226
0.13029368849704434
0.17218926282216934
0.09715189860538294
0.010031644379301092
0.012031747274143106
0.020535238056798258
1.8817216843573967e-06
0.051407007737656336
0.1577277857776234
0.025458620768734518
0.02530579333587773
0.1143614031795126
0.04985660187687063
0.02539783355102754
0.02541760900476013
0.025398073538977224
0.025375776068621708
0.022090298979971505
0.04349908256349352
0.04700153193989344
0.051210554571820416
0.02485932239264716
8.417148129341924e-08
0.08910056507466478
0.11250691197239314
0.02541004866011985
0.013133277802515973
0.2159045666468369
0.07367762632972842
0.018587842910865196
0.06044160656442948
0.3881883362737629
0.21158487599906545
0.07606580633270645
0.10140887700664933
0.17272714239034487
0.2518207515680697
0.056240991921167584
0.010214113086220666
0.1771893251550579
0.1683641156968923
1.7044582458641282e-06
0.025504606901677256
0.23494973815013134
0.12200185161799937
0.04538239241327969
0.056009251073871336
0.16069114097761544
0.05373566061549235
0.010321107489275021
0.025034640886146438
0.19569544080993234
0.05065830909796474
0.02141778977675242
1.787092342300742e-08
0.04871524696990908
8.045145416509485e-08
0.05185832231109402
2.5731562180843797e-06
7.842889924717808e-07
0.02537634989925929
7.753314809620873e-07
0.025371267294815102
2.0373696646701503e-07
0.024637305424219703
0.10174199198414473
0.1473597394720433
0.02076394113905589
0.17868518994195434
0.123534640756954
0.12286505877218346
0.1407062247546405
0.02480547371593684
0.02640180428314064
0.05155686855469247
0.08168546804680367
0.02539420025772298
0.10439742055172012
0.17816813703961906
0.06692285319927654
0.18324772714583398
0.09074846627764742
0.0100377248627511
0.03101769627560045
0.16541641232093407
0.19427133065806348
0.025480213916102102
0.1683136478800897
0.08711534914072303
0.32541011092950617
0.025253559662549958
0.025371266050950195
0.11186129640839808
0.13532270707767288
0.025377327798883974
0.09748351738525947
0.025454348034046708
0.032388267290944836
1.8698712364083482e-06
0.010264896521281541
0.19461906908516494
0.04861212558968561
0.0100885312668082
0.023302482168060662
0.052816615969751214
0.01184777342700995
0.026485119557978172
0.10648943599068077
0.025345384631395216
0.12241499890553888
0.02484810004160413
0.02544277095871776
0.11212117731860803
0.047441946709733215
0.00964096611579215
0.09316184185219427
0.17265974290658478
0.06400252069730937
0.055798636128920304
0.14353137901951604
0.0810877369003951
0.08635610082818304
0.14470282857156253
0.0970513322411211
0.5268153314167402
0.08346853590860034
0.1034695169854862
1.2891952493023
0.11605779521793845
0.3824021492059228
0.32360407158710264
0.8567222669350187
0.40452473473878936
0.33433060202016435
0.2450672183314845
0.8807865601013292
0.25845677779452625
1.2660413754768156
0.08621362493451408
0.3402085090574782
0.08424881520929019
0.1846564521596008
0.1846564521596008
0.3769269749578398
0.06590520125254308
0.292561286938474
0.019588049287157062
0.06720810389691059
0.25883738283361835
0.9674811707797702
0.4449610419548331
0.3109349499719219
0.34499835377833354
1.3830506261607638
0.020480224636944214
0.18020933226013675
0.2111147258094999
0.04831420985080162
0.30832297768349715
0.3128538274146841
0.19182527276111694
0.019887242585325413
0.25845677779452625
0.20721782180576406
0.06965319398712841
0.05636728021156792
0.022944949942457302
0.4355668588222345
0.4605748188393732
0.040510718818440206
0.3409080636365137
0.4955030540958754
0.16615348751633066
0.03249002307825158
0.043404617789350966
0.12403005102732105
0.2006316377743412
0.03515601834789068
0.02771066264108991
0.2758079726866352
0.6127390069204528
0.012694073365275359
0.05983174335029232
0.1846564521596008
0.025529340510982792
0.2748027429818329
0.3005652849362825
0.025520279294299973
0.2311303372642245
0.4307766280637279
0.08635939868321947
1.024111532242198
0.01772698762019187
0.07639427179674703
0.14195516839634065
0.5690555324405129
0.1887419957058795
0.11388868148840417
0.7628696946224566
0.4148346517334824
0.04143352858735432
0.3774459635112634
0.1846564521596008
0.22482880565078647
0.033950495781415665
1.3670167364041268
0.054033835751816715
1.544319268309539
0.0417490470084161
0.011076130567491809
0.225259166273962
0.2292327808533258
0.3653123838400349
0.4594764751097514
1.2404088748043662
0.7050327739916522
0.045943939437809285
0.10579123767433668
0.03665849878431117
0.4519963693105011
0.2023693319197717
0.2697898566880317
0.44649703146786907
0.22482880565078647
0.22482880565078647
0.0982512080387547
0.11994713573410845
0.09366252506491436
0.3756863101555665
0.1846564521596008
0.12168409859479493
0.5812825963417654
0.17806981554176274
0.3797756492181716
0.4084868084309822
0.4820385253023554
0.1940966256415016
0.059188954039014086
0.2311303372642245
0.2311303372642245
0.04021652088413261
0.05168549330979321
1.972622370194945
0.06988314654031208
0.038501527200308486
0.6139086557945442
0.017159209496603257
0.2608451228245801
0.06257436211542007
0.051362923425977085
0.4848335310311959
0.07639427179674703
0.835520067462986
1.2980535942521594
0.8900226555651944
0.05436354953009498
0.04606932923879755
0.02592047083891981
0.26597322248185024
0.09783256022062413
0.4293744820639207
0.2297159989871192
0.6992015149325435
0.2132980068046362
0.25912534131083137
0.2356984250809656
0.18193005986123065
0.6525537943041902
0.05882462498385178
0.4196623391338296
0.05544020920519485
0.4457517240743764
0.2600254285275533
0.06636827102164991
0.4522928410938275
0.2469729913970109
1.2354210822737484
0.873690467503348
0.4138020172164443
0.08439534815014864
0.07613028461137149
0.020498722761523026
0.2958593837818745
0.4565594172209424
0.5802486628361544
0.12833816707355195
0.24453553234615005
0.5842942551998492
0.26509802274619104
0.20721782180576406
0.5424151182453338
0.025713078930852756
0.3729202235478409
0.06141793884001975
0.05198611916548886
0.05594316051854408
0.4618931778016372
0.05258433846923692
0.024109735559270803
0.093582794191798
0.2652290243647527
0.4464576511004864
0.4478127138201421
0.31316916663114525
0.5483356660898409
0.14742169606482747
0.20586292877821927
0.015966944277504752
0.7637803238504043
0.08139133459798964
0.015820760354850385
0.670194212066938
0.25119796273990946
0.1103201670286346
0.04655937302903312
0.04823648538082469
0.32400980481684616
0.228056817729252
0.0608438903427473
0.0366642762432823
0.9502724646789162
0.026513178442965538
0.035146627145664584
1.1037631242092842
0.15961275737134475
0.08087900458140318
0.2543626310566601
0.7039735931903134
0.5409815560519775
0.09495925428539632
0.07639427179674703
0.22482880565078647
0.02539860005332863
0.25845677779452625
0.012082994261777495
0.09465145376858856
0.05272823845238013
0.07736511795252811
0.2774296769383497
0.22482880565078647
0.08529466468717999
1.1074435663623825
0.026098678580234208
0.07503496134490925
1.0440144285785429
0.13060113645289034
0.02301633404353824
0.24319052088304616
0.1126497544526264
0.04788385838767042
0.0657648195880756
0.3242502086394401
0.20721782180576406
0.414571055026181
0.039581131780224266
0.6757777926203636
0.0204876825337102
0.5966642872130121
0.0240352147252927
0.22482880565078647
0.21716401788466824
0.23774461819906526
0.07950300948621344
0.21184288487551672
0.0983534632578066
0.04021652088413261
0.3389255147627821
0.041639072246930114
0.1868120743404103
0.5843752977074117
1.0852142753904022
0.5998390540626971
0.08273119205053776
0.09372258434309952
0.7168331386154301
0.2861310416072779
0.0983534632578066
0.0949299146604486
0.4362514734251728
0.3412616337512745
0.0458895096006792
0.09894328940450836
0.04900704849145525
0.044576143624922834
0.04225171101198662
0.1846564521596008
0.9710050053761614
0.06497778123035669
0.1921614909907792
0.5812825963417654
1.1053298236129758
0.07327629453000181
0.14139422699055162
0.10203695771278512
0.14970255084763884
0.1279493876043852
0.10286364125439024
0.09025254344516834
0.048494600764635215
0.07049245941902851
0.05824412838526006
0.120156280633524
0.12281931003216966
1.544995508698447e-11
0.0439629299155806
0.0857966955411299
0.05824070220677061
1.5000158033941845e-11
0.02598654340313457
0.08513103317858647
0.09118778949544924
0.05816909904910075
0.05360804834771723
0.1216727420067195
0.025388416719571826
0.047284627862170366
3.35834810892819e-14
0.025376040849975662
4.8433346315384885e-14
4.3223641121449936e-11
0.059498833657584876
0.05832628137785208
5.359479206277396e-13
0.02733011205158244
0.025919948227738857
1.2887441506671165e-12
0.02780825584062157
0.047003489333817934
0.05550447780621641
0.2233249878994867
0.15546887414124233
0.3204833547533613
0.20969126014942668
0.2856779093266128
0.2704573997753226
0.21388122639470847
0.20743109645535251
0.06215487033889518
0.05561736105167175
0.1658118582784862
0.02544864305825256
0.06208160176384949
0.22453381484114976
0.07921610241121911
0.051807988690653235
0.08430556076210566
0.1668625034087238
0.07533679272818744
0.05826149086610361
0.13752379257855205
0.12848887348977672
0.037285020037561976
0.05859856278504219
0.05847242136593744
0.3376907566896909
0.08886967383305963
0.02552069710476411
0.0253760059065811
1.0678915995227512e-10
0.056951111246068574
1.4009672124530608e-11
0.046160377536018565
0.07348893039047871
0.0564582231404827
0.02640690998538404
0.06442127499949023
0.07768519071973304
2.108012750757284e-11
1.0805926724529778e-10
0.057847942945830025
3.539675085084116e-14
0.026149429187407088
0.0571049783228833
0.026306562854771433
0.05838542639053228
0.026797582583074152
0.026215407450158087
0.14587993104480032
0.11724400155865178
1.199958025900431e-10
0.025500222878501868
0.19474705505224876
0.07412014861401496
0.030420640760599426
0.45660110986573205
0.16884370611773247
0.1910255980921155
0.13697368097378276
0.08898608258260454
0.24167544451989675
0.12854606771686478
0.05686803314795823
0.11294975883384906
0.13836942334521354
0.12713057034550718
0.058331099718363276
0.10529284090173606
0.1293698617377148
0.058221299199179774
1.6207048133119446e-11
0.1801611420314989
0.10696218697326297
0.051971181334841056
0.057851195872488576
0.09024193342521368
0.30791035585070403
0.04879361069386269
0.05854627488600277
4.0765293898970995e-14
0.02540908170185796
0.029944599906453005
0.05776877278238495
0.058522949124571386
8.464467414122549e-13
0.05834458849128425
0.05835850303856915
0.025378493714962858
0.024384929786640832
0.03454171923644181
1.3500141138908914e-12
0.13631117601109174
0.127335094803812
0.10268464246364974
0.13126547429695049
0.16132850431314955
0.07733931120666307
0.10378300180878697
0.11539091953904496
0.19268114146735255
1.1800307527557256e-10
0.12842265972034694
0.07760463085910728
0.05822520570923297
0.16659381874557874
0.0570358010490133
0.057799538586410515
0.02898540359980675
0.13107798294425935
0.0820756956558637
0.0254856361464018
0.05525733259902897
0.05502913838011244
0.12565871032324108
0.036608755153648184
1.616225536776891e-11
0.14234000879342126
0.14856612002215425
0.09325988346234644
0.02545775697043274
0.03088700507501655
0.0572696591033292
1.6240772550045258e-11
0.02537594792949653
0.06492015972625283
0.05664838339816285
0.054266351807319584
0.025384157492216633
0.027326110202965347
0.026013499292661342
0.025375966118197358
0.1526307764654479
0.058265321422387585
4.305701169946253e-11
0.05818805458012246
0.056223675287755986
0.058298101891325164
1.1054943072274866e-13
3.4970639098012787e-14
0.08437893284525795
0.047310447429409326
5.972602970017292e-13
0.08559542007421472
0.11588580299821748
0.0336550251603024
0.1811109078370536
0.22318109813018103
0.12486283457598782
0.11975859510011995
0.05417321149240622
0.2302860982021235
0.10707793749674477
0.0308541589882821
0.051438976266648055
0.1767346513068323
0.025412804873672444
0.05048535220762166
0.07679308289503367
0.10244153685104104
0.059046590989496016
5.917085563780169e-13
0.024293250567468352
0.20431581167476096
0.04198901022473956
0.11180282759828823
0.21054869317841868
0.07065277761553494
0.05385708828250981
1.1302973708178788e-10
3.1065976825037636e-14
0.0508982055525294
6.317962503522395e-13
0.058341238559322925
0.058056268804747825
0.07276083199131511
0.060059851545251286
0.058503980540458224
0.02541614293596951
1.3312697552775602e-12
0.054599390197771366
0.07765150459733959
0.1190309749605095
0.24467666937314275
0.4095583725783804
0.09314416269380392
0.3261962749038008
0.2364034148693861
0.16854249416858366
0.12257815498239973
0.17262042560407612
0.2513882291400825
0.056134639197167366
0.16160741734112793
0.17344875830828696
0.07793906368149876
0.08849931829488909
0.18127020811239813
0.16143631358617616
0.0591181385447074
0.075241715617944
0.21883994651677185
0.13599147369101613
0.05694157579165211
0.03711402461988028
0.1365262930421226
0.12545542537856114
0.05820356276291976
0.025439512529752246
1.052781016257856e-10
0.05165996918459344
1.6992915758866435e-11
0.02594409069910769
0.1024262553332776
0.06731358511081967
0.040082699742651315
0.05813974200540139
0.17913171554642868
1.3904186974712662e-11
0.05782405331262371
0.06002904757224203
3.578293245288982e-14
0.06103223482488681
0.11817024010330053
0.058246080986832975
0.07651351489190246
0.055402170229632966
0.058016659711601776
0.06383909915232111
0.06454961792994976
0.05320013047788903
0.030032190932639213
0.13799227533348718
0.14379766380957085
0.11866177397125227
0.22503015346820726
0.20114867639433412
0.048748830660013495
0.058153456546805524
8.295447107990352e-10
0.1141161306309672
0.058502755184837836
0.025379955491051726
1.1766912336015602e-07
0.014937570535452109
0.02538065631644046
0.026128808868715058
0.02529272014208825
0.05278067108162929
0.04843032699776855
0.025410285020329385
0.2028309756946774
0.025399047940197227
0.025431930033088128
0.18513284977516287
0.028182000576891637
0.04448237081210718
0.059001647886669034
0.1528736500938394
0.06037997853905374
0.0253781404439454
0.04863373536522185
0.060352736269876674
0.0551377662505172
0.05245516331294677
0.025381025721736342
0.12951013117306018
0.10766550152205633
0.02551470296083751
0.0582296845864955
0.0420609489111312
0.05130278820255613
0.025544709082259604
0.02705322727105516
0.1298463388401669
0.0476352437220723
0.12656044390766708
0.11893695407542547
0.06525618599872875
0.10179884184800696
0.052087362771655626
0.14426945383868667
0.12276509813224785
0.17792835804353832
0.04462467354368707
0.2511648203366854
0.2051600319817693
0.10334338331143134
0.17220406674785624
0.3932726586387958
0.110831941812893
0.11319563388557614
0.1001788142304834
0.0816633547231485
0.025403366947615757
0.12901463055385798
1.1107313406484242e-06
0.06365020570083225
0.3553864699806936
0.04250402097511079
1.1645842941945156e-06
0.21918820894129487
0.028673070487031976
0.02558867719191209
0.17023162441749887
0.02622727127046409
0.060696168240451674
0.14381627199617594
0.02310164130595489
0.025389552330623132
0.17219120532728951
0.18724073263519514
0.025377764529468168
0.026484928710675742
0.0668847839139956
0.01090845092955072
0.17252021282968846
0.07413616915722111
0.02538156487283644
0.03654974649808347
0.15929745312327448
4.085331297960167e-07
0.12203875439911857
0.188471244478336
0.0683167170478038
0.058592726682442274
0.1718936545651026
5.672048460550216e-06
5.323937016650228e-07
0.025376248494382445
1.0052936880732612e-08
0.04156172018329833
0.12575413175544708
0.1486138175669171
0.13227674626811767
0.12382568063137775
0.17212002988206748
0.03144252162633695
0.07201967208462695
1.083866421927896e-08
0.023390318550138768
0.08144466939674258
0.14716006741088208
0.02741307122817306
0.03001604296406604
0.059888855165330025
0.20544997757923825
0.1721238020475812
0.06513280665693709
0.14575050465291398
0.2611028981434608
0.1809569888582844
0.17001917335385902
0.16018261210576495
0.013025437019747
0.17992556129395473
0.12993409026675476
0.1705821188839766
0.12565731580818118
0.010271075754657777
0.02537978135588298
0.010496705158820771
0.032716159813118074
0.23778335676451634
0.011191582859400707
0.11073840286359406
5.672048460550216e-06
0.025595526787629143
0.02539073405542917
0.03638637721381012
0.17660009246016609
0.12165016643163012
0.025381539105657228
0.06906345313904537
0.007872442491648802
0.2481007212142341
0.10667691903999073
0.2309116394933097
0.3545342284624163
0.1592426348317991
0.2435914902211845
0.22292538989883404
0.11673511295721185
0.1660658403957553
0.20565408531967774
0.025518479245110148
0.1945983795601221
0.07479295786680508
0.23548881971642574
0.07045888716369128
0.13274572304743176
0.0935382650472949
0.16565611398408672
0.050742468788771034
0.1865129377024268
0.02378295984545856
0.21730422360196186
0.025376625125759736
0.025382581426254137
0.025376395431051392
0.1328829291712784
0.025302042460533698
0.12648335239443356
3.2349726535213297e-07
0.17105627196793213
0.13117647987796266
0.05281566644228598
0.115708930050169
0.07994346234281823
0.1999279535645957
0.02538414727501497
0.12914297881345474
0.13260584819391996
0.02283159543275933
0.02716718443676677
0.08086126318118635
0.05191347367455909
0.03334641983529636
0.050556510931205084
0.04227600836204375
0.025415362494553128
0.12412462699690488
0.03035493569078823
0.01846360423962825
0.11961816671293472
0.020641844023576984
0.025374096030167038
0.048675453557941485
0.1840059412686021
0.11943109231526147
0.025455205661647686
0.03596597600238293
0.07521249135533012
0.014129632662536085
0.1682446598006516
0.1825843746709974
0.05414480589584721
0.010047299797352752
0.025369885714440592
0.02537594136440775
0.05890214849330496
0.027538407107522703
0.18718842617383225
0.0398781729936081
0.0891750144032459
0.10471391063464652
0.16693461170772922
0.02537628456328324
0.05167698947038905
0.02669601205333486
0.28711265933688485
1.011224525554593e-06
0.2058399555894684
0.07780622274342948
0.047233521188333405
0.010208029367636913
0.0956986828932546
0.025316899488123545
0.029017266685149024
0.02422364974097039
0.20347164452299155
0.11207872993158932
0.059598455134975636
0.060479459146783585
0.009257216634543243
0.07904700956639996
0.033331050791523015
0.06539799936114672
0.06367841828168275
0.036113264177465236
0.180235038758148
0.04499666794246512
0.02537631235993389
0.04343545674310231
0.18639479958477187
0.07636749085483291
0.07590605911773646
0.02541364858138154
0.025397998924211185
0.02837692026733035
0.06500561910232243
0.02530699098007624
0.02160156581156269
0.256227244323523
0.08180690452169237
0.014743134495524418
0.025322844460129862
5.672048460550216e-06
0.1985014714158032
1.016464551031939e-06
1.091097869486119e-08
0.022670621767067592
0.02537895376117289
0.010575366293849512
0.020300237454309204
0.024402454684454605
0.08136660697422768
0.07298257505544459
0.025298140581862145
0.01858686963371613
0.035273192476335834
0.28505234434470383
4.039613516551553e-07
0.11434709910710973
0.015134881450864269
0.1280085038414347
0.07075911228274966
0.057488724960538966
0.0164897663464164
0.02950186334147833
0.025419821471214136
0.01296904267895128
4.4712112734242155e-07
1.3970982525302612e-06
0.02537599622141962
0.05911385720960938
0.025375909661359358
0.02594378840297141
5.672048460550216e-06
9.21026885239128e-07
0.025374220312688024
0.05342180209049425
0.01984150169689719
0.0253905184572334
0.03619300964499736
1.3179848384230476e-08
0.03517637121741495
0.02537605333837959
0.07130862430218861
0.02564220280686116
0.009689254742128835
0.2376085339036672
0.02764726378383827
0.08584722695562284
1.7555618133942713e-07
0.15746369137480815
0.0688638701617497
0.3041883519617343
0.16798510631195773
0.025445064928229868
0.05854767941533653
0.025382195391064
0.025592174428216936
0.07772473439208576
0.15487910270271674
0.12529311634492726
0.012740945767370369
4.5657494399978973e-07
0.08127067341827902
0.07576870479157037
0.12077051150851473
0.051426401788226384
0.02536567920956971
0.10956066534052528
0.18176986710070545
0.025402501817480782
0.04911889898585645
0.018005782886337196
0.1704420368343703
0.04997761115486668
0.11670429121924107
0.14972944816957726
0.12299322676991095
0.14932536768282895
0.1904301896660205
0.0623273363745565
0.4012603592370748
0.055559461483201435
0.14395168557538188
0.13247545644171194
0.118324966787003
0.12313537615990595
0.05883256330366522
0.02535380554238048
4.4742459124930773e-07
0.049966938420006865
0.0743338598490962
0.04231299670010355
0.02537600487500977
0.0691947107347618
0.019569414760464445
0.3082712573622977
0.15104698226363636
0.3522419778066855
0.03983132782224177
0.08396718892227574
0.35630510411068456
0.3471976720194564
0.2832019311805889
0.06777471967882705
0.1739946655377503
0.1970387346559668
0.10735012397922504
0.16369855993488056
0.25505699752537536
0.09779610983996814
0.15779999449115192
0.17850514761104966
0.2209391709927981
0.05885125696564296
0.07560521242248441
0.1436784154916316
0.0523694468951779
0.12786392968114493
0.09781201860291726
0.12175029785677514
0.10164980953341513
0.0779091938963007
0.20203756187819655
0.16027875237911224
0.13282468412442588
0.05644874480537961
0.02533056594396407
0.040152760924774135
0.06791177609976011
0.16842969708575095
0.2797199878279183
0.17563849003460047
0.06693994413229439
0.1591521851795231
0.2631116442525929
0.12641027789323905
0.1344371367710073
0.17812575590355592
0.2588238002458275
0.1072637290550219
0.2431146572263932
0.311893157363328
0.050736784679232934
0.39008021175135693
0.17315516083097018
0.13863203390431664
0.43472189917407306
0.2810953982514137
0.15373388450899866
0.2526062910881751
0.17174531284889227
0.17221973260572435
0.3751756153269651
0.32150862769845
0.2284320012198673
0.17204662076856006
0.3486286055492161
0.16467251914018294
0.4311075007362762
0.4106354022221392
0.2471215782226938
0.22078555474342987
0.3291986229697076
0.17543561185588918
0.09218432877590968
0.17442390695739315
0.4323229323041145
0.9600448998662366
0.42207331396830733
0.8693876496787566
0.6546367350459883
0.4324519638951159
0.4262801362632287
0.1745811087263357
0.41901441041967297
0.43237659036141735
0.9338977832320352
0.105430656522448
0.30116694259100885
0.9821738659255146
0.2113843827233666
0.07286976306287378
0.2465462714655942
0.39932040594338014
0.10666792877779596
0.10241310888162937
0.23095101299509346
0.2151708888602212
0.08572618063455664
0.17698943513217028
0.06372289236689961
0.34950946257786825
0.27336010500552743
0.025375948531330142
0.31767321990983144
0.3686063178626946
0.11372554549540485
0.10110228657595133
0.3320382923504387
0.1348067882372307
0.06709301122319113
0.3890168829051244
0.2776411291034697
0.11810329644447695
0.33693510980059965
0.1722823600218948
0.3487180446669188
0.4346153435511825
0.3388037246354605
0.1722086355751228
0.30597384531153304
0.1584646408910619
0.2281621567409807
0.2791703112661664
0.25991483499148005
0.08979809468301482
0.0948479586240502
0.4347753239500025
0.12923082297752106
0.1666882585850623
0.10618516185899897
0.1539823402828933
0.06129377700451951
0.02538181260485971
0.12472185368912772
0.07830600321286849
0.1124692407312324
0.21255390953297046
0.2616446777522369
0.270086617471516
0.19063194099532724
0.025376803419634573
0.054409991989631534
0.177048466636563
0.04450173462514318
0.024860829458406043
0.2439569549064335
0.11544544876821435
0.12086534207043448
0.054863128320762976
0.11373915772312047
0.15839685402883688
0.12417504347163427
0.2067380937390988
0.19963001182459994
0.17651646149715314
0.16056877596909114
0.1969459986801972
0.17204655362895682
0.25931046587285633
0.15066218114060015
0.048069397372284384
0.43015968557776135
0.12519774502134015
0.06454692836163886
0.06506445641423657
0.3084972468154612
0.08607058105529905
0.10821475836523174
0.35990740885822137
0.2360475359937869
0.22413716182745766
0.3713052726605043
0.20388755580419876
0.10720300546884087
0.2847459135154881
0.16320955133951148
0.07233723206554656
0.21888449704841093
0.15346140973482505
0.1303641251765909
0.11002389167270586
0.24421406649127436
0.11851684683275075
0.04267354870784605
0.04706654325310745
0.13930095611105658
0.08632252118487259
0.12032949483884632
0.18870187878929634
0.16845411768844398
0.17836630986542085
0.1638661555425224
0.12073875622051927
0.23747171155209434
0.15964291656150262
0.2032162224853805
0.13789817932604426
0.12066688631312204
0.2115301991493612
0.1819634094362608
0.048900502526929686
0.14436421300797955
0.359634113599687
0.0840096154116211
0.09697741862483816
0.1444303601297148
0.1996315145588762
0.0859902434250125
0.08195905956447927
0.19987466520219474
0.05333160778794596
0.12314502672589055
0.2534751188660859
0.33323037070122546
0.196644568323514
0.1444902659897155
0.22395597683753404
0.11772450091962178
0.28425051031758625
0.1353950988013164
0.08070678112011376
0.24689699664960116
0.121345471001896
0.13618093436719866
0.07257151104154322
0.2455918374594269
0.13082884197708433
0.07429700944794304
0.22869244180800286
0.3008708226527495
0.08223884695984582
0.17750592827196846
0.375538302598001
0.17190544609089695
0.07320990397703547
1.9677056335484948e-07
0.17762304546702207
0.025375941413098204
0.15006860527769011
0.16969034292584742
0.12844029158559114
0.12270108279720784
0.16560778080045233
0.05004301029083457
0.12817082860756812
0.10960669028975607
0.1936884099366843
0.04806395369528998
0.05133677559111918
0.17545459966250482
0.10295657191236544
0.025436809946573803
0.09160089618763864
0.07938204975408418
0.10404188660225512
0.02548900332509465
0.12182600366063245
0.05494908315504734
0.05860319808756456
0.17888431911402713
0.13699044663605284
0.12862421514369782
0.10238235753310587
0.19909656619505312
0.06845433455256165
0.04498795585388553
0.4195772846914272
0.05082337266234961
0.21889314108581576
0.2546489293709462
0.17287654516927992
0.4968388701844369
0.16300228443713888
0.12141056241614423
0.2857291642586107
0.10921106825214053
0.2447363828311495
0.2419437753665576
0.051119692605976944
0.31716034915042085
0.029258196324356618
0.0961128203272426
0.10412194513988894
0.3020975840167363
0.15267572078254116
0.08075058373973451
0.1658976873161878
0.07507088756015301
0.17216699239362013
0.08477799357344458
0.2847332066996333
0.1613480791187188
0.2427921404167276
0.11423197253974468
0.2691979919225857
0.2724419704349669
0.1183285520330973
0.06403667122370135
0.3327232293601985
0.25010886805360233
0.19259971354399505
0.0394191345946005
0.050643344475550925
0.2326829530588903
0.10039570157330636
0.040758655587866933
0.3741068077074407
0.02537620005627469
0.08846457302704291
0.047137729616751896
0.09176143900668493
0.05741521995796014
0.12623154468851255
0.05249909450414813
0.05561376534392155
0.11767583166618273
0.07019074761547732
0.02537595787273492
0.09379306023058544
0.17311040153906887
4.0677464611249914e-08
0.12237748255720085
0.12764433983724566
0.08365541767469145
0.14431975451373075
0.194581668764358
0.3278293833323938
0.1040394252883188
0.13411586554462473
0.0998824955040587
0.2048877713890094
0.07762727415935107
0.09041076205637992
0.11602809719993325
0.1463714140287945
0.09648033714240002
0.0899683197075963
0.11350632039261332
0.15456209539989013
0.2894040119737699
0.11711012828687872
0.12130380052480293
0.11234497057688828
0.31853395487643665
0.025418143001289018
0.08810194377606713
0.2378549987454901
0.09863634890427003
0.1600395333151078
0.15145451998629947
0.04691485663347967
0.3157336156627613
0.1423729735853291
0.19852417074932271
0.0956694180839931
0.35741039548584946
0.11363735786640025
0.06196619277320437
0.15317569442522366
0.2590677444072658
0.07801331299670487
0.15770510774217902
0.06438685248302906
0.12987301939287302
0.11417857885058574
0.19144728342310194
0.18884486335472025
0.10981874314637426
0.3308730019803542
0.10440808585055424
0.11071457840558543
0.1770307691555751
0.3326235795856777
0.18004343649433127
0.0277043163345924
0.058343694609026324
0.09620890367065277
0.053344898261131986
0.10208489626086463
0.16551122826794745
0.14154419562002934
0.025389326907173985
0.040706255167306735
0.1780889274297642
0.26564742511064915
0.20257940496990684
0.11828787972059772
0.1292213305881589
0.3521655612188943
0.1573307325488674
0.11316861261787807
0.16308088905764082
0.07649047367827208
0.18439809905050356
0.04252064194908207
0.21415999774741146
0.05091211794476227
0.21494870371912675
0.028706043564741837
0.2606422665558859
0.2643328011567812
0.05145388442209875
0.13268979021667066
0.07602632204155374
0.17586777199392764
0.057538854131662424
0.10760378757626624
0.14668404086519504
0.2569071137906816
0.025382343401807526
0.10015199552146456
0.050580393251467966
0.07120315988019257
0.09554171796023143
0.04551899212898648
0.05761044603593525
0.09881557070689699
0.12565128398807654
0.05432181585373098
0.10632160854912268
0.1559085628218783
0.07371647822517191
0.0962151372451375
0.046670697755072765
0.1827623218013945
0.1255555315616577
0.196521073774418
0.027078029546106643
0.025375889518081944
0.11572145055231832
0.3201912497320832
0.0857068333692755
0.025376261466924545
0.024305373898949833
0.17144864653822642
0.1035392971616093
0.025399178865799076
0.02548615492016181
0.14072713206219148
0.11812039097261776
0.025359913077960025
0.02538124322480301
0.07924962610611784
0.02539218060363239
0.02537598279631936
0.0818166223066451
0.05114161779007253
0.09043091435161944
0.05553421869479034
0.08536991095857219
0.049490368013090515
6.954599593828995e-10
0.03823018006876422
0.11301812447778055
0.09477294357118687
0.058142578224747325
0.03343830373985924
0.1238728032084904
0.02540579253684438
0.12841720947177093
0.13307915567279927
0.07232375416280536
0.1569533654622092
0.4124759682582462
0.19409388745506684
0.1697304557291709
0.14667485648163542
0.1219483361324564
0.0765242549304958
0.16691370374606082
0.049676700823809365
0.2551975362732153
0.27020277154152883
0.07764603809155962
0.06616618154423012
0.2292522404764026
0.1126002949828463
0.025376000296195158
0.15201495814713464
0.02540586595261154
0.15516085516944197
0.08164850945218242
0.1543465942410969
0.15144104296181898
0.07676024266628917
0.1118335016798765
0.3659401066005817
0.12614214536660073
0.19129207793304184
0.0948131569205472
0.033592783013308064
0.16703010949816427
0.053210104491010816
0.15579979120618329
0.16633881725262084
0.12146917370836988
0.1757636565603981
0.08860663875337732
0.08364809923526867
0.1115544891489505
0.050572366902431734
0.17451661912108232
0.13873308792937813
0.07897739102974277
0.10709548932838668
0.07385253413397341
0.025376641949522445
0.13575606248923555
0.12126690037268135
0.051376684100319314
0.05456173764443378
0.0650390365820534
0.05937828626655035
0.0780230710350165
0.18458177347832294
0.15172879014981858
0.08885347437086934
0.060326477077246726
0.10479425459590284
0.08507438987870755
0.15285451478145368
0.11315027797733933
0.29109895267874863
0.1053213402007307
0.06994899763925666
0.05635085934494389
0.20213395364719636
0.05161507502420734
0.12004289242796315
0.0944287706221321
0.07396168617131216
0.12013317978045747
0.026928218861633647
0.08775271076505944
0.05749302021980542
0.11393666193258868
0.12188745691746562
0.025377098950856148
0.02540489741797672
0.03862502246734816
0.07948313725523838
0.028167408749957094
0.028757174255723418
0.05387952003530312
0.028618789184449774
0.21860400690443488
0.2422070974234152
0.05880354693716909
0.08816957511453477
0.2189878692275032
0.12384865710183927
0.12011290394298114
0.15676846373151035
0.334321919678482
0.10141508983180388
0.15638820576313425
0.2092859532029945
0.42767557413813423
0.357281443910516
0.2494111592188439
0.13156573533196506
0.17239155646212245
0.2963774012405451
0.13434935484934565
0.14409692474626495
0.15557911130778276
0.11303675666865827
0.17465161755605205
0.43390789281240905
0.16763913870886465
0.01395230454711472
0.13736759147087682
0.2623482630751993
0.09969126511781663
0.33022523992396996
0.29824221049359634
0.12468993402884875
0.22027575166465835
0.17616037119185135
0.025378515290831814
0.0655133490700531
0.1556492349321585
0.20179469377547046
0.07316249712943654
0.06574249617568158
0.12110046850683992
0.19257417586990128
0.05448389748798673
0.09858480456623413
0.17685429427641786
0.24828951866541646
0.12669166288008787
0.18726173397170603
0.14223182363350806
0.2766170045746227
0.4234736480579638
0.2791936034345537
0.20832423836898892
0.05929023496447356
0.40706833028167216
0.19754447108091225
0.2655869967455616
0.18089274030424685
0.17420056237449416
0.24950485607319264
0.13441473472495252
0.1144195829589146
0.1627697825762311
0.08498813353944705
0.04379955229468138
0.1314553188291678
0.19229948425783008
0.11712968775479253
0.17940889429509976
0.06981252083385989
0.35372112301292663
0.1747804942002185
0.3033220507777931
0.38643865038549
0.1816494434979369
0.06991278151299264
0.18392037332361927
0.049010699502644584
0.050393550296557885
0.025410634321919773
0.05740316306393304
0.2672334321817669
0.09111539920710557
0.025399307517850103
0.05043592637376647
0.0781756675502612
0.07799550703643217
0.025377072056342164
0.15380300248953535
0.026044575234097204
0.0254742395378357
0.055908949379731794
0.1820247541353748
0.02541439335958254
0.022034622950083068
0.025401872993476543
0.030688575125392394
0.02787169452372338
0.055009284495596326
0.1299420474528924
0.0861984347666121
0.016022272560155218
0.018260162992535002
0.010032405417695678
0.010050424318575384
1.2042396295624645e-07
0.02068100792148825
0.13814890927327814
0.09227043357616994
0.04273646139377782
0.24474103936863184
0.10488582621176401
0.05345352423823672
0.15029985937544327
0.0726587438121286
0.0712754858208669
0.04563566905635254
0.11414293282288708
0.08730948003842075
0.0760601377795816
0.14759323972582802
0.16152190822796805
0.17248671256702364
0.2116628971167588
0.139634042511234
0.07376025748195854
0.13536500524377826
0.21744247914520065
0.0697887155678391
1.4450257893077537e-06
0.026052742969395803
0.07472028218631432
0.0313772871680912
0.11904512712654805
0.09702173605730137
0.11245680137551302
0.15368811747343988
0.1654335350367787
0.029232963576817688
0.161318362099965
0.18921576948831853
0.29472873762062035
0.062154206698965736
0.17265371267141014
0.19822629784512774
0.08639606994701379
0.17784595701195266
0.08936434769238666
0.102760480561538
0.13638788816406305
0.2661610787317034
0.02649442251457933
0.0431280848342305
0.15975034394998575
0.4292921630255205
0.407545729644485
0.30285505667254786
0.13090294506780578
0.06532901752167719
0.3233516586943546
0.1728395028094806
0.15993339024596406
0.06459993405750769
0.08501239540535636
0.05698337478726445
0.07742877278227388
0.2573605216839569
0.07265436748844271
0.17189153047816993
0.20191492746422132
0.1107590652883367
0.08431362296925349
0.1412715527731649
0.10726357883942134
0.026375991413287118
0.029652020431715536
0.08500858952484966
0.059264243246662476
0.16067346722011455
0.15184638094187625
0.0887750804848385
0.3476813750837996
0.02537182401894296
0.06854185570261287
0.06371021267193591
0.024769185395238997
0.02542029835169081
0.061303165583242815
1.0048889620375931e-07
1.0128694897955302e-06
0.13397301517048252
0.1416533914240664
0.1313511843848035
0.11722687256632258
0.04445283953171841
0.10193507392884373
0.1267033528038449
0.0812485094612099
0.07947090453144992
0.08902006227430383
0.11850546730858785
0.4240235667856112
2.6283527622239015e-07
0.16130103823309647
0.028524850990402542
0.07921610561011576
0.13216546006865387
0.01866548445278373
0.057867042329745065
0.06308261243442949
0.18870504617283188
0.07244947631155219
0.3076244055875195
0.03170202009596953
0.0945718634202898
0.27374566817575324
0.17080752253363804
0.04433561996264194
0.35887423914268496
0.0651098756989231
0.025375669519981856
0.05957716102962452
0.01032901495564362
0.025304736309293138
0.16596709635765464
0.0871543671254456
0.025918267438874137
0.06892822034320416
0.0337553104767411
0.06248760067767959
0.4044570104886308
0.3871559637411086
0.0253817717306927
0.13477929865455116
0.14218172614849287
0.2960830036938672
0.057523087414456074
0.18800683976173208
0.029678962971313737
0.07158297947888642
0.05570638681275124
0.09938533297959222
0.1340741956154983
0.07183717383442191
0.12535483148402307
0.07423794684909904
0.12180475314201307
0.11920375322823835
0.10173125469470552
0.24671512091376466
0.04165868246416477
0.0253788033584294
0.040042193072244166
6.556084259552486e-07
0.07341057302636292
0.10417122195075283
0.1760522354830967
0.040613788978868894
0.06343946026894681
0.1269492696466171
0.18065122204896975
0.12317638064456155
0.1510642033206092
0.12288327023154955
0.18126597435918887
1.4680366199889247e-06
0.07197267115088858
0.04203808253125946
0.1495516268500502
0.025387739149107882
0.025110844389829474
0.025410180095848216
0.02543931382159806
0.16715391580924285
0.18593893537570047
0.0670691421593138
0.1516867960791043
0.0101275635550614
0.09341493885700854
0.011336972984796323
0.22032279496526788
0.042942945582954056
0.05703367171976756
0.10124633497463296
0.06398824371965754
0.060442183004676076
0.2354969163287228
0.026073092018438226
0.05941885240096231
0.12585218223207972
0.19558294658870407
0.07907656369085052
0.16034781731272002
0.12826931067390698
0.025375861636500668
0.010135058065780264
0.07312538870310586
0.033894796968208706
0.02527577444766431
0.034218778274086904
0.036017276380094665
0.10358629262519788
0.08328935465281963
0.05511932313972705
0.068233022711908
0.05830052928490988
0.12569801414428186
0.025369190383064517
2.4813533187704444e-07
0.08807284682978046
0.02918193840061542
0.020443698557719246
0.01011206556253804
0.1074383362384038
0.04137314855378517
0.02538293245900141
0.02537925740100933
0.025392700716464968
0.153076885212831
0.031330819761503044
0.055143202249951936
0.19925183979866706
0.2598847418860518
0.09616375568970988
0.3555219183980147
0.11476340805990512
0.26798846816571303
0.08531926590352383
0.12956496995790046
0.1062524621725043
0.04769307537927829
0.034463650262464694
0.025376067517634448
0.04876804062704978
0.025383432065660173
0.025968924468472498
0.07283556699744476
0.025376581360187875
0.07050971583125358
0.02105970026735097
1.9312660791449573e-06
0.039296571354585176
0.07578319646792997
0.026162152184847902
0.08793668173861248
0.20026138711697736
0.05580119119201955
0.1741367310529773
0.025430338295976674
0.11420786358096482
0.058584318431220625
0.12523754577397392
0.15192050556731987
0.11280615196457812
0.02244457958904869
0.07386258609016592
0.06188172360417578
0.03541394669542328
0.05526640963056121
0.08056556140185571
0.050562020653240065
0.17438986926158928
6.874028285856509e-07
0.06494452788082533
0.13151542514162684
0.02926465696625181
0.01624873767903707
0.07836857635687773
0.02393533392007217
0.010714169644177832
0.01014566476856628
0.025375254523643125
0.011613337163665085
0.025371402132306355
0.2023911142714437
0.2599241665669155
0.1463252177541911
0.12439787292751618
0.1340149518937337
0.08207014932063524
0.17086509640827782
0.1163012340124162
0.025396538413962444
0.13557260889273776
0.0869012694674265
0.13075557138380928
0.02055542964819729
0.06053176165900054
0.012710371353116251
0.119632111125908
0.06664535550245883
0.025474986448480168
0.059792894941362223
0.025374579184597488
0.053834660899161925
0.16134945233263856
0.10864173589602086
0.2522206425265537
0.1772164559361276
0.025377671621039214
0.052704673242114905
0.025614009176140533
0.018351737990748983
0.1322699639191899
0.05778219959954783
0.2097307857177184
0.1283005295583369
0.03016069096481955
0.05243814378949134
0.10572486279168043
0.025390890218184692
0.12189849626573597
0.08767237401526691
0.2098224465521609
0.12384882015884345
0.034954593544475034
0.24278569272805856
0.07444249515698928
0.2082980853953101
0.09925997223409616
0.07990654807218002
0.1659694417022345
5.585943445535951e-07
0.02541584221534322
0.02537255613188434
2.627800712307659e-07
0.09331326871932208
0.039550732467491787
0.08869139775480123
0.025381592280504225
0.054153845860342206
0.11925741304278666
0.1110794837644199
1.358819066919457e-06
0.19487953556538926
0.049339534506248665
0.16408357847619173
0.09384003066833957
0.06383625103228728
2.5992159470200643e-07
0.06767279776379274
0.014075639617179253
0.1776572246633982
0.025377375691912372
0.08858461418075543
0.15479161951809733
0.01977609948831569
0.02829633038401145
0.0680930223386579
0.12415488661563913
0.03185971398059219
2.414613008398324e-07
0.09331019359062846
0.05212242192940034
0.040131444877697764
0.07284778982666075
0.11244084492338978
0.2438144749552177
0.05981607730239288
0.0194707693586058
0.025241961969934584
0.02547991059655884
0.210927078986215
0.10378535651279087
0.07962670931346658
0.02743060070201609
0.07141273417070837
0.06459630244527756
0.025375365151225186
0.19968018269863316
0.1807980079353317
0.12810607156406892
0.08636532908382312
0.057442629409372836
0.05887834037296912
0.10226004265223908
0.048590544818126816
0.030180242878734977
0.2625123943496845
0.03971493717601897
0.026184177595598025
0.025387797935274358
0.16369295158814656
0.13071338879755884
0.14901643618973898
0.025383989024148373
0.08708987497030019
0.04722380134100696
0.12604951301268796
0.04115442389315446
0.21060927998356305
0.07362328482270987
0.02560449480778192
0.15223234608197125
0.21496778381176387
0.054676942652033975
0.052541626823601896
0.011463880395196037
0.15655322886265874
0.022439131221387226
0.07561769658299103
0.12008177858520533
0.03242565573752925
0.025584225086843455
0.028795216275502408
0.07020737131072491
0.12703342351230829
0.04231240880288597
0.12000086364311136
0.101880093375765
0.1571448691733261
6.902520345832371e-07
0.1959944597335765
0.13128080104379247
0.025581962965766498
0.04264770927419125
0.033441168231753166
0.1827420639177656
0.05847430781053466
9.071791469015087e-07
0.09007625902865966
0.030348426923581476
0.025370666572010682
0.02537232019670467
0.094871118752651
0.02580526694422441
0.0598049640973159
0.04401433482835757
0.025793203290292624
0.20041448556300265
0.07701496527863842
0.04622042102323449
0.025372609291468985
0.1035831258838584
0.0563805766677358
0.0552427148067351
0.02853701979288932
0.02537939806027244
0.01752358374538857
0.10377114991504688
0.1176199332167796
0.09604121312923768
0.13657985477116388
0.06799403073277918
0.0319383609570218
6.710502265427954e-07
0.21814484384496335
0.02529145906063684
0.1155447494235603
0.02537616956414769
0.035488449909941926
6.934797393425331e-06
0.025349799647786712
0.040202363501265326
0.025415797323608942
0.035246306308693784
0.05367132046327997
0.1540146032143433
0.02481808289713822
0.0253774870173114
0.02537244060763363
0.12058817036076593
0.1133643567495636
0.19384535913799816
0.19925881755486904
0.055613841657012435
0.025377226183700217
0.02534735707117949
0.14125033736105935
0.025378114077981927
0.028014202879259875
0.2449106327812375
0.12493768555339775
0.0877402971500077
0.02539152460414897
0.04542112317142954
0.07425165718626246
0.026270344531871805
0.020591456683320655
0.07657148376266518
0.025392734409547958
0.03527925909490915
0.12514119556540004
0.027953303031286098
0.025376176124209355
0.10494805471396547
0.15689315784664604
0.1425204993359789
0.09627974878349928
0.1303473719560849
0.1815994815574637
0.07549653283551154
0.1129648581547262
0.02296773824033836
0.1040132412907527
0.09693011044582192
0.08020214047101973
0.021004090384591428
0.05580322712267245
0.0693550913154209
0.06839397182126898
0.02639319122859561
0.06800015394755135
0.20336284438936464
0.1035491436429877
0.1383538254838574
0.005104762351861706
0.16031654156535155
0.05167454756086815
0.08056905909967271
0.11619169332617092
0.19996869723993094
0.2120151448731933
0.02535530806573567
0.3804517556511488
0.35809948349792065
0.2730644373042996
0.10499423226391802
0.13174869557809402
0.12771468813043005
0.17320748974390685
0.11354333408606004
0.05109692686072281
0.1285708329468555
0.13894263540572382
0.09140956308816953
0.2042833213379452
0.09028936691178903
0.021831720936967586
0.10082365726205993
0.0821940896184114
0.14160776542041728
0.19297156549145075
0.21025818644525987
0.02537597771445695
0.16197615352989372
0.02625244947531777
0.019926258113577632
0.02537953987163273
0.2283398039877391
0.09059660286484134
1.685852919605786e-06
0.02537614702493289
0.08642642094759452
0.054295251240039366
0.0748307940764741
0.02058517175086625
0.08972929476179603
0.08953913845473388
1.833124613984757e-08
0.10997345576857688
0.10763500469826327
0.07078002266925443
0.06559759143971412
0.025375954586969916
0.08520896504867406
0.0756581480961814
0.0253797287158781
0.024910453000571302
0.0774307500625488
0.0253771910252096
0.02537618745791509
0.18541655094944592
0.07609904596482173
0.2335060309901525
0.1355043384360982
0.06115318706424695
0.10233094208719068
0.02536376336709452
0.0454242462052458
0.018991741338260884
0.2803828897469959
0.03207870224905103
0.24981047407629076
0.4357615952866735
0.1846455978978941
0.03238095079969815
0.12043682896648022
0.028264184196026068
0.051891594697212426
0.025375989115521254
0.0635226519018117
0.0674596770725268
0.08973408894673872
0.04837340004345023
0.06484122487345724
2.6399775136118167e-08
0.02533182059576241
0.07536535528354993
0.10265666661555592
0.18689394906377116
0.07660867018616256
0.025999865303399358
0.20952331733618496
0.09596572067554196
0.02109908414786144
0.28767722085542075
0.030023367683888632
0.06324424827235718
1.059156045232898e-06
0.20650550844477336
0.2333054961764452
0.053586969862091716
0.04505831674281192
0.015316226645151754
0.147006117268595
0.07574126565163546
0.12665274766977286
0.08059235025422404
0.15174209032830022
0.08312304503520679
0.09908726746277093
0.02545086431763396
0.02537785248163061
0.12408173016441515
0.2809847873250105
0.158176865479665
0.07674393932938507
0.10753996328867396
0.3019239469542924
0.13055740897891682
0.13959221607251365
0.0969575574052973
0.4203466667833973
0.36323002095525203
0.08105008666946523
0.08893918788741917
0.12106099811100285
0.04117906087962432
0.024665115876358338
0.15127105696058996
0.0955253910148237
0.06505457917401371
0.025366337142600708
0.21383683557615116
0.15186582148434186
0.05594907354408885
0.0270465822498252
0.060497899677117335
0.13196906773711514
0.015550575978896437
0.03502933851012236
0.02994824325018012
0.025382445512380915
0.025375969597059032
0.02541230101018156
0.12742485380113616
0.05206768867149728
0.015074789865490172
0.023417954637014758
0.2189720571975083
0.1304082936732846
0.13469284774187254
0.11546754034960535
0.18897029827667544
0.08986943157716545
0.02567870955398496
0.07904798578299105
0.019220165052571347
0.02537495185314393
7.815013489345743e-09
0.052237757252178565
0.025376497985154872
0.034841483156697065
0.10814324759360323
0.15271873834001448
0.06770686965226595
0.025571004212326814
0.1380711197113835
0.19668983207714366
0.06584885399944045
0.07245833444913556
0.1850638392774893
0.06111465739997425
0.14611921779543166
0.05176162432775421
0.09476952476579724
0.023805276928623397
0.07199028456000686
7.200096137571007e-09
2.285288766123931e-06
0.07054537639254756
0.07674419874591766
0.09658196776734704
0.04985958775778943
0.04470558096733681
0.2067868856353024
0.1651046856673758
0.1985497008719936
0.0526772550455032
0.17460091293477764
0.13763399519875907
0.04888883924112395
0.025250538868790487
0.07586870892767403
0.16048776805006734
0.025376389764726174
0.02988632195881993
0.07850350884576861
0.04022740805607339
0.02537973122317671
0.14269423253940275
0.16511714183115347
0.18210300682581745
0.10844547862059276
0.2672553435678443
0.10199189617758338
0.12433981894170246
0.026473913220292543
0.05865320229144232
0.02545532657560946
0.02035173194240413
0.08413823331244738
7.1045410528381335e-09
0.07264284151213977
0.08240081858792113
0.15430775659710785
0.056339317773491535
0.03809340934089956
0.1678938894892425
0.04769507330812782
0.04404168359989364
0.26265260762041
0.10483648281000144
0.03516753081860071
0.16241591145319684
0.0799209269930922
0.033502867179465684
0.043515060244849336
0.09087031178334533
0.05020867845040732
0.14527064223075808
0.05973921224663953
0.17858979884534532
0.060749495019496925
0.10182979139186632
0.2786285896025157
0.18104800074339847
0.10742282862487544
0.1776559490073676
0.08405502448080361
0.2870561220058346
0.11747268945450062
0.10171809683015184
0.12974156879949644
0.18423200748406296
0.03873480100196277
0.1128853353300853
0.25822521654369074
0.1088934083716778
0.07874523391717901
0.18888257010756884
0.1703700731450196
0.2348801192499305
0.2128490798708319
0.2609832719396777
0.2578964521651452
0.26482859840103185
0.28382865903776816
0.2804654523678709
0.3056331335087696
0.4293814919238628
0.2593350469174042
0.2948394893523853
0.3627988871887588
0.32156465932436723
0.2571158869671227
0.4112164909889551
0.39371799921769296
0.24545567076846145
0.21567043432688252
0.030264076829016637
0.1750462887432562
0.035557922040102566
0.15025197445286492
0.08982664618192998
0.15228038262722146
0.032486328541373184
0.18385781667377246
0.00033061572827149045
0.1321406536131771
0.06014154013845562
0.0843649307657524
0.039389774878234696
0.10179987044572324
0.25943920635495765
0.1654438443105574
0.1336936549593572
0.1893376776288972
0.09041694064527372
0.23555385860009995
0.08691098317345385
0.10239692639524067
0.07206494954161059
0.08157560734044991
0.027774943792224616
0.11705124630024763
0.09069594065553824
0.1812237650944981
0.02741491191621406
0.2646994295264907
0.23197146598676305
0.12308188413041585
0.08669768156465132
0.04418651467838478
0.17933727890187967
0.10481889287896297
0.032256209491937214
0.2407970454927431
0.09506758325750543
0.09071824283332808
0.23911780092693025
0.1161591716135653
0.17027271494130358
0.2353654999631955
0.12238484229505095
0.09719008366409693
0.09100037092020118
0.18776951872236106
0.2815156738523673
0.1128993776062364
0.1952833358681236
0.19579976874113306
0.2578459569904812
0.024818701530664938
0.29041912298384875
0.1744310028694794
0.12581158834397885
0.1910160155635435
0.03743926533930903
0.20081893539233425
0.060283414408615926
0.11009949054389248
0.033845211563052355
0.10509586019874237
0.17320881502754404
0.19709152819158027
0.004963434530070384
0.0704857696083069
0.0866747116306204
0.15113291890158018
0.0244259273125494
0.021151163809228476
0.12008751717073225
0.02606306655853013
0.032253819485940194
0.08217270127224978
0.02661346633551964
0.11109236298933277
0.07074684306191965
0.10935307979253883
0.1730847431650368
0.24819295483984655
0.19445600713195174
0.3511668985162601
0.24765702426685765
0.120953535997934
0.144802604663699
0.1750566900596795
0.13268508445802935
0.08748919346453429
0.3968072106975253
0.3289299260837743
0.27449726743962
0.1621848407477454
0.01812496108961017
0.09193396080053648
0.1438897554270616
0.12526619327822985
0.02469889388960153
0.0960925685116646
0.11995810107905718
0.14661502073592328
0.03128168924994089
0.02598426329573013
0.10086735255243448
0.007848836828179783
0.15482681970608156
0.33155783334706057
0.05652728669393226
0.11389291865124992
0.04762162426826843
0.07516138611562355
0.2321264965582822
0.26115483305528897
0.02499254930406453
0.17312858239662876
0.09062047953897287
0.4642258851129382
0.05173750400632623
0.11020040933282628
0.1294949753511986
0.198197637884179
0.07882793463055499
0.05673607513739085
0.08751631211409093
0.2885139408621165
0.18246555309976453
0.06421584219213293
0.2804831476744392
0.05108784678197882
0.08580265326475897
0.2821942155634765
0.3058360155183805
0.2117033302501772
0.21207964368045465
0.12080091592058854
0.217520193975917
0.036115380631164505
0.17706390226187674
0.028074560439658
0.034770321580638766
0.0652090187455788
0.07591638860701992
0.5774820259284347
0.08131698657480382
0.17413286451559262
0.1083938733921526
0.25570591668299714
0.19927773669324167
0.12481734586798525
0.1437904507348097
0.18314706432942784
0.025144078456138363
0.10918307880430547
0.040740372149443926
0.09272201620101678
0.016372451251493576
0.04921275012439179
0.10935260842062733
0.04906796436072932
0.04643308629764403
0.10656314956180332
0.03997171480236248
0.053773868346715006
0.16528574264919968
0.15661366530722864
0.5630069398300368
0.19239682899170027
0.025374916055265352
0.2512568760502937
0.24733543192129145
0.18860597137432114
0.07045121997407675
0.07853227692629278
0.15664820743853658
0.052106409113988825
0.150179516449331
0.020470122409410582
0.20305697798570005
0.18463550002444531
0.1860478353475503
0.2636980314950309
0.1612399911138813
0.3034508630187113
0.08298798154556945
0.1898693719021124
0.12875060566150553
0.17171074465985575
0.15652778393893124
0.06272965610128503
0.02219174302350189
0.2571516923989374
0.12662249354515095
0.15184557585760494
0.11100148028474396
0.15718210190481174
0.01358041338247707
0.1285322791013752
0.21941718977641544
0.012088913488998309
0.3446571735044206
0.4358596132991983
0.13079636094365713
0.10817495207859107
0.1721654782506218
0.2949150730383359
0.13396913733376253
0.09311254550386568
0.08717141973330167
0.22410405876047976
0.10763520809723083
0.22317889750392655
0.1022462122347743
0.4333364354204885
0.2742990720849547
0.206712835274063
0.12910952731413422
0.1374574762743115
0.25551594013662154
0.1687167719199228
0.055533629333925034
0.17996876998798775
0.12443897140899465
0.16028913740937728
0.05210125652735143
0.17279114967213474
0.1835167481628612
0.29534412767172064
0.23559613773555155
0.3149735231534905
0.1815397390756036
0.13300842587423298
0.21509865777381496
0.2064395361384105
0.25842319826432075
0.3183785315985807
0.05689844385275019
0.08248904284974239
0.11136170482699664
0.07990977133977098
0.0253935152356145
0.02122121377510514
0.29278391224691164
0.06459926970375497
0.17082717030449018
0.07880502848044439
0.2492368677224635
0.31672593604570176
0.1988701201784583
0.43569816738080014
0.41619640590392537
0.3959548587795743
0.34353775568312794
0.18614244306567754
0.22835632840698825
0.06438118903310687
0.07541829247637173
0.17309779176852927
0.05859598998775361
0.02714421690060555
0.043771470058073914
0.23591184325296025
0.2493753495362543
0.21696160375873574
0.06056082524463455
0.15732782463900885
0.15215797457170768
0.10473402097409208
0.2246693697994285
0.02537603068325782
0.02524066130989389
0.025405218665996168
0.02538286755523821
0.02532487287725797
0.2056290110922096
0.036881308143878536
0.17350695000796548
0.045363596215558515
0.21610281950758112
0.0503975292341514
0.10001638632906296
0.2558229679814202
0.1126844909976939
0.0999371648099248
0.40995671798163336
0.2796874483718653
0.1685664470515788
0.1488007272647494
0.07322278194316795
0.08586277491337321
0.010407953778009885
0.02540338467247678
0.14054430414169522
0.025651510445987832
0.06535099311001019
0.010100653619961026
0.025316133868555663
0.025577629755956715
0.028747550802031525
0.032804433578950604
2.6787785127585902e-08
0.038370087637892576
1.315763795796711e-06
0.05508588366130022
2.1355151583134748e-07
0.025348056758609308
0.025369602563836267
1.2715668386483271e-08
0.019619096490787847
0.0586085143201159
0.08784721588304263
0.1543135206759258
0.07637222387003165
0.20994915404669584
0.0326906160231656
0.05426085989453712
0.23860102306539785
0.35255473714880065
0.09451724641750088
0.16617478299532254
0.0622973333315583
0.020257277321488656
0.01741383305771194
0.04804190300289498
0.11919849041877086
0.03231257765408593
0.043536263943005055
0.025238744767493288
0.0408171608060381
0.08124875543039327
0.07920433610473679
0.022241078605749608
0.12310875498454107
1.315763795796711e-06
0.12525391700485414
0.11966911438763495
0.2381166524960329
0.13828033868651332
0.2486540572852725
0.14167186229096707
0.027730095872698327
0.025333994477324668
0.1917509458096381
0.2386969732964912
0.021413267527748945
0.16636435747116488
0.346079667964984
0.2798699294801774
0.047973783237085336
0.2007725723811416
0.05643535911607767
0.07399995383210603
0.029139719344870918
0.17401086872245003
0.02537745901973262
0.021697673275032147
0.05149919981525529
1.3242252733873996e-08
0.02539251111417052
0.0253604781101567
0.02537648501152026
3.079172103431318e-08
0.010037503526912387
0.17358116043760213
0.10776127963573423
2.1476796406352647e-07
4.166699045548889e-10
1.988882455899189e-07
0.025374982290774818
0.02531103422744449
0.013796626765927907
0.0832994024387856
0.07164954514471064
0.17246362685627098
0.15676613075104914
0.15189153964091934
0.09298749990790592
0.27588631124931323
0.3350443970848027
0.1713432357649959
0.13784046049910104
0.025413771006087733
0.06939616699943976
0.05762146934072964
0.10981894059684956
0.058542310953992725
0.02537792616238394
4.3692501403467855e-08
0.025325919286526426
0.07556149077859946
0.0733151899912819
3.7351057991642465e-08
0.08208680361972309
0.025384026786628426
0.10339303999253532
0.06821823470187909
2.9540760322584027e-10
0.13872310143869876
0.02538461775947851
0.02537596625763756
0.06730080844289951
0.025854275409687783
0.07776337297722273
0.0876846096865365
0.14656114172459045
0.010303008937941836
0.054662030088995034
0.20284371502935944
0.10360046875544722
0.1180728846734588
0.22016228265512774
0.12023913320455773
0.010066155882441395
0.059284664024776834
0.1382430081359394
0.02537981030995131
0.06307557227053155
0.02545296502424467
1.2630747129835944e-08
3.7267500255944425e-08
0.13036345805788274
0.09187787364540026
0.13626993787528874
0.1509139457260363
0.02202732703886121
0.2903093507961196
0.03903837702902358
0.025280230019911323
0.18670211607622952
0.04008234969587672
0.058242760004863774
0.0453279463369277
0.013790875947036388
0.04705168574407057
0.08698830138232637
0.168878356395422
0.01034576980085428
0.17324854613728874
0.07131661855119534
0.17930306381323532
0.1674154404436777
0.3895065990220136
0.2799953941291465
0.17664628112238018
0.3613718748749336
0.025045336858368145
0.17860782746642234
0.025376097380133404
0.14550909728955916
0.06740022423452627
2.7197913409152018e-08
1.186582518180698e-08
0.05313275090582368
0.2336790918933792
0.1680057411389165
0.020271443220511567
0.23052612414827645
0.01655741088288967
0.1721015467911758
0.025379363001455837
0.025268390023208357
0.17207396037668304
0.16433499756532205
0.045145576941822994
0.07241198104990612
1.9038267108995803e-06
0.09602421395197867
0.06782260669948025
0.06437529579075081
0.1406628289401731
0.02637819769196303
0.05439245644890085
0.25404538558638823
8.096842298519296e-06
0.07286018483333563
0.03200971243324265
0.010121564866249362
0.02537831660599864
0.025479446049743563
0.025407586535284826
0.08569443987372694
0.025372169886625585
2.7357385953815437e-06
0.025730745657190846
0.1234335963466038
0.057394359774603415
0.025379702409084857
0.13321881709532504
0.020042655643271755
0.025398568965162002
0.11010050314103606
0.04695972668086303
0.026170471116880974
8.006841933894804e-06
0.025376750392625092
0.08057958193398368
0.04927787056142036
0.13396512999244262
0.06971072128438226
0.03726552157149821
0.09057944898100877
0.0821737065316365
2.1087195621357913e-07
0.05217068162405277
0.08974090047055512
0.025323566992185114
0.06393423819574529
0.1321340499109364
0.08330375340452817
0.15328741832886109
0.023896030042187957
0.16513260858607806
0.4336463813003168
0.21238805755032147
0.07175301292220533
0.06235338007418108
0.07757185542829273
0.0947133961944506
0.4122155916064316
0.19903502892819935
0.08035385972465245
1.0041519460408752e-05
0.04867568994698409
2.1090467351665264e-07
0.17119384832853182
0.17218930338429933
0.4358461264892081
0.2915582418756922
0.07700696400022752
0.09749458992395052
0.02537749322395336
0.061235659289004214
0.14414164014154793
0.2402624011508311
0.18771872310470092
0.07044036966020288
0.06348184036419463
0.11395778596445405
0.11850280463417275
0.12919826076806254
0.07964500492969373
0.13189240168994024
0.08438459946337314
0.04486315720325711
0.0824096083554261
0.12690098654059628
0.010893332111603659
0.05348172891014267
0.0657722897368092
0.12751713608767284
1.0041519460408752e-05
2.3346316431978783e-07
0.02590782652969837
0.02269570515598561
0.05869036818994256
0.025418688414858042
0.02534480797700813
0.024786264267442255
0.049776630267659515
0.10624462060806282
0.06307349859071988
0.043249616428688416
0.025379425250184686
0.0831272956217562
0.14222515280259074
0.1452512684690446
0.09667085183748007
0.14753938092864408
0.09062813515847283
0.026135120348418615
0.04817857847732821
0.02599460413773455
2.3342871775166545e-07
0.025360053454488364
0.03985995382597896
0.028353432749151638
0.02910285772229965
0.025377241637273375
0.20040512970120108
0.02495976955890845
8.628746138196246e-06
0.03698143930332549
2.108268577397359e-07
1.2375470978032339e-05
0.05893907222713182
0.08230343276867949
0.029290429409358783
0.06305348895603899
0.05363329168886403
0.031913456935002166
9.002666618490926e-08
2.3199014139619464e-07
2.108791705115393e-07
0.1754130880950307
0.019912126268942256
0.025375990111895185
0.12560570073754854
0.011908588624591987
0.06182277822982641
0.025387018236563585
0.08030001025048397
0.04730727699308282
0.025388051485448124
0.025393789993177585
0.07805437555683803
0.11961087352862658
0.025659355696232983
0.07539071162217949
8.598558401643841e-06
0.025385736095170596
5.649837635636474e-06
0.19856471806582654
0.05870528304915085
0.025262632941751482
0.11203909347696103
0.0368377978788717
0.22086268974513487
0.025687539741653772
0.013209953721256672
0.016023274694503768
0.11112736338989328
0.03627585333846743
0.025376383013506632
0.05833587387950225
0.02706712461523323
0.029089169010811256
0.03635608083461888
0.02606201206226136
0.09723673411076786
0.23180420228319876
0.058293496186953835
0.02546376739125196
0.058291202038607375
0.025295932500408787
0.054684135477114086
0.04985518100315427
1.26952930755907e-05
0.025733056054544245
0.026287771790208792
0.07503009108517507
0.12567240926115214
0.050666737574817065
0.055986497082846205
0.04020447016725242
0.07651258504452227
2.747618514441299e-06
0.0255089595415576
0.025392049023094502
0.014301847011804909
0.06503587499613482
0.02065675078007124
0.022851203434046403
2.7836044694625803e-06
0.054515651411325965
0.03037141300602029
0.02539857349315547
0.2479081349444248
0.42651319821784334
0.05615736567366275
2.1085469405519568e-07
0.025554283303864257
0.025378194780671205
0.025482691064229887
0.02537248243037919
0.18085199144889347
0.030876412856316936
0.025380567996037696
0.025508082428282515
2.304148525291648e-06
0.27732519990161536
0.059390382469648874
0.1246235092696764
0.10756957510681528
2.3574707702062288e-07
0.030933068337516387
0.11836274231284398
0.017739482176798153
2.1080338355955415e-07
5.526115168698078e-06
0.025427743026752058
0.10346085163702537
0.07620411279445555
0.0872196758057446
0.1102451826053121
2.7457369597851387e-06
0.02537588992133337
0.025389248130908548
0.4291931125413216
0.07792983234921011
0.02538868297880593
0.08648953940787286
0.1843995632477952
2.3289634473406895e-07
0.0852471729080072
0.03811966050193512
0.01256911747048864
0.025505693839655882
0.024683246243785296
0.02538087637233688
0.0992133959851952
0.06667128186037359
0.07656302174024054
0.2505026637843282
0.21546326101557411
0.1767519640060724
0.014044320841578738
1.0556806596359367e-05
0.046713227628384785
0.027080741732636655
0.19182240156136166
0.2077335621752893
0.2884656683608003
0.019958337768730572
0.058713081125524376
0.05518211339261173
0.045480611855826636
0.02612926612614962
0.032065377868290494
1.0041519460408752e-05
0.04286148980444792
0.025376674015250476
0.1006102583176912
0.11759350418351625
0.05699906801710607
0.025417626038633914
0.02537635618005096
0.13137401392923814
0.13167987891174252
0.03421451971344956
0.02803138341191708
0.02545242589420427
0.02065675078007124
0.02542600854355009
0.0772571145013524
0.07457309479884783
0.05130317554706683
0.02539402269493706
0.0538527695941286
0.053341895834648635
0.10784940635517676
0.026453702284120858
0.05715193675492665
0.05067589561727439
0.05865461207617303
0.025375699353532108
0.05762933927159927
4.818152322255012e-12
1.5197926497768663e-10
1.6703524220333703e-10
1.6686802216187193e-09
0.025375947291503574
0.02537594031194033
0.0502442735844649
0.08111561430203132
0.11065590211178486
0.05344146387086562
0.025373139779106497
0.04964472047152936
0.025377224783825345
0.059175542754600886
0.056351301427333175
0.058234021112650275
1.4858576614437545e-13
0.08795435758838772
0.1172731209601252
0.058224514088803525
4.910909029500349e-10
0.06561404965552045
0.16394348353577542
0.02538264050796606
3.942303945460818e-12
0.02538183208134593
0.025375980823601072
1.312448299856172e-10
0.0900673352340927
0.17329826326505776
0.030512303826161918
0.058222495546344726
0.4609325528665811
0.2337058381299982
0.05822427855124712
0.11209969560402576
0.3385805529976793
0.056039923100001984
0.05824696932293647
0.09330986544490692
0.24215419029660795
0.1463766832101303
2.625090674825675e-11
0.22203842409701627
0.27345922826078845
0.058289066500967615
1.1929072191193194e-10
0.06061828764274711
0.02518906841626091
0.058102244070320885
0.058200875875908276
0.07693606475654112
1.6057552577591053e-09
0.059722472832717685
0.044484485270879184
0.03250428408730529
0.11674174350024714
0.053408980589411785
4.916143796769335e-10
0.025426481827545328
0.12757199493130442
0.03193304819362014
1.459144825799218e-13
2.5764620790574397e-12
0.046994407844233664
0.02537534626062178
0.026837435915402285
0.025593404253616985
0.16139470852497756
0.025373791149178124
0.04901063870251556
0.050903912269245316
0.12075606305179735
0.04435525746185233
0.09348866376223652
0.2526787361215938
0.09978873057744854
0.17529278801791714
0.17795501078282935
0.056729954288633276
0.055785583968178606
0.0737590370059368
0.025387753379077505
0.05797174870256337
0.02538744922588689
0.07709685163562975
0.035866557693687615
0.06898841856181244
0.12599166343626866
0.0593372146850604
0.04998972951928213
0.053999112772568615
0.05294686007941732
0.07645729610478096
0.025422833731412558
0.05717070281286525
0.07194020767522362
0.058256373036698374
0.03669516802196695
0.06425796565764193
0.22403333729789515
0.043902571810070526
0.05821221703995786
0.058832313687682325
0.5633452326890649
0.058319577842436424
0.061766665825797165
1.3851057455283474e-10
1.7671025095008991e-09
0.13521635970229828
2.017048469962989e-11
0.15342577444035402
0.06460352659621939
0.05507711802150656
0.07691744014574764
0.051934994762594264
0.2475619380241228
0.17392437187521326
0.3072959919436377
0.1286791471144361
0.1669329772065002
0.19493804118010905
0.11381506165813834
0.02538058497657853
0.025459924905122538
0.0582275629270191
0.05138593493448432
0.2053254042040859
0.19739717840591373
0.027904844486569196
0.031952816632682284
0.05686254510641225
0.15031985937405104
0.3206752617365158
0.10175574142277367
0.2480195830905034
0.20406455373395369
3.352179882729516e-11
0.2248455221252354
0.21877405672186293
0.4185114180367602
0.06470154881256449
0.2905888194614744
0.35186608447595297
0.16720952481508536
0.09175304135490933
0.4149339171036549
0.4162466420991831
0.3834064226296192
1.0131649474567572
0.3902299149156986
0.404568486467725
0.4322178006542272
0.21468782588596444
0.3387863915467361
0.16269146291329575
0.09147907045701777
0.21885628947026767
0.0810323307505165
0.03542155347187477
0.026309286621224514
0.02542099860023701
0.025378756644342026
0.025481776755648045
0.14578574367816516
0.16571455983259806
0.0446059016921257
0.16199082504650486
0.2489727058967269
0.051111645557717474
0.3128739647575607
0.1588724122012637
0.13325793727780058
0.16603847291957902
0.5441421712647844
0.05800287387085602
0.13797050603402694
0.03294754602596328
0.2683107932967173
0.3227290375914793
0.3462502805963496
0.02942570961636906
0.08405925512017985
0.10304524366500252
0.3646235847894983
0.31800393865652266
0.4419116736671026
0.4346088773611429
0.4385947754029652
0.43580004724122623
0.39954384136703536
0.2945269049829709
0.3628977608387676
0.4185329840323251
0.025384918242437115
0.26422457162146473
0.22608662298592264
0.15343004534210006
0.24927337877182806
0.23101235536213
0.41914093234310895
0.4047665334234255
0.29474239593121704
0.13991216568870904
0.2636531177002395
0.1611809836936961
0.16732830473785695
0.16566864233938347
0.06471866426642921
0.05769862502938813
0.08057329393861311
0.0784696702953434
0.0817673455106204
0.0965993807716604
0.17067985232948388
0.14544784691782486
0.15295480050445875
0.1720999059100822
0.43404750809534576
0.16308169238248912
0.29562164235471033
0.2340901423138447
0.1538029685318428
0.195702058663585
0.1036555881365899
0.0037146943410828674
0.04291468260522471
0.11354319081032925
0.07665236821900356
0.04714778557202259
0.040094976071067136
0.0872271229793133
0.02537390905701074
0.05134864660534458
0.17802719394379893
0.2829383776399474
0.17088237031031298
0.18452756412137225
0.27674391552482724
0.16708277730090015
0.28883294426823297
0.2206161508650727
0.039150725142492834
0.3843951486462893
0.025375990551772504
0.3041142628143681
0.3567542800390006
0.10796290527826727
0.3987160694376771
0.2330292596607029
0.3079611863373756
0.4355864974330501
0.4699302575591414
0.43178312816572056
0.4313093662002943
0.19035515000120984
0.22455177601933565
0.16321487404606208
0.1467776109926804
0.23278714562628086
0.09068412745962266
0.04918612022511925
0.02544498316025634
0.06439809956526582
0.054331444553258765
0.08593153046740333
0.18437855332215408
0.16515939273835312
0.26938012405224593
0.2664057644733674
0.31855996890838584
0.13364061743088584
0.08919157887883929
0.31524380443796196
0.0770571208552574
0.26528015854899023
0.08705911388556195
0.01729362753130342
5.741553975762029e-09
7.757800554043102e-09
0.064431322937197
0.02525032389875357
1.2633128290967086e-14
0.02538940974263236
0.025347430858746373
0.05900313063035601
0.025376003390099017
0.2587958560097458
0.19145155513071094
0.23726623429920826
0.3536737651222377
0.4489525369627416
0.3891450648167296
0.30576823695619265
0.2849461079170343
0.4237460662678777
0.27053068199658176
0.2700395375776881
0.3909794810421149
0.2326167895873105
0.18141874227826624
0.3185643485704603
0.15087903849586512
0.29616209036698865
0.4797517664477779
0.31993573664493763
0.3667607222667368
0.16699469760662647
0.17148791241705855
0.2084120962907993
0.02690778603235108
0.15047276856110958
0.058362718715925
0.08776272515695842
0.07510188239815851
0.0035759407477621123
0.09627304313057626
0.16659648285983922
0.2599545996850653
0.3123530111057892
0.2046435809015785
0.3810889007783731
0.05723536358597555
0.1710040615181546
0.21278874671559156
0.06852422590199694
0.10720558904240177
0.3986139898549124
0.42127220141223387
0.2314493403390017
0.1847322283427949
0.3920995145998803
0.3531128051424393
0.4167021568593373
0.0386364994762791
0.1546007056986616
0.14234560876241314
0.20042201366543536
0.12723720194583776
0.035111788287494464
0.08320816178171392
0.0855792807049545
0.01949869633811486
0.09899510802055596
0.02959284871930106
0.02565575334674303
0.2690320485479488
0.03434104753039568
0.03503957743663764
0.047986036095842566
0.030421911341526137
0.08770809636775914
0.038336339230313835
0.08717846979845026
0.2621726302935965
0.3141844771371069
0.3624716719621114
0.09983198747593874
0.12162402476615827
0.011775853340752472
0.0721479996057348
0.3945912770902425
0.4233680405211892
0.431440479316652
0.3121510481129398
0.08655085417644677
0.32213728727282104
0.04485404583875655
0.2383105350994875
0.18917850036669312
0.0784193996042008
0.08485069384861657
0.0885194440238635
0.14512753163342312
0.12730160166406534
0.16705706578937382
0.06900785810949105
0.08089720115092927
0.06514937242268581
0.1624749620291198
0.17653631803581293
0.17110197423063606
0.15663326232619268
0.17387682330928156
0.08401148285296214
0.04525803475186984
0.0718001787148713
0.04728967933715992
0.019590071202466672
0.10735683149525033
0.03524559781672317
0.08972291678158903
0.2283409921118237
0.12957231262443303
0.2100239303664759
0.2459231986924085
0.1563610831600225
0.18739702764664756
0.1824485639896957
0.001157617952025009
0.032353562629197426
0.09888759053364723
0.388622501689317
0.2194383027780392
0.18985758149471246
0.3758396884207845
0.27137187851444683
0.052634571909177134
0.22323996567590154
0.09118911601700952
0.09174074047588887
0.14535487290911273
0.1298650811556744
0.1045091701496521
0.18421390509406552
0.10253250111609773
0.15526569697155096
0.2373851972650204
0.08285081921428195
0.2122894948868416
0.1318466856894113
0.048323179333299895
0.3477531247478419
0.14568395837807668
0.3239769461244486
0.2624347324038327
0.062781749276938
0.06953864026727627
0.046083698974442214
0.10456776610726133
0.1511529960852195
0.017340573567688734
0.10479191590968273
0.10975637670256387
0.05142016036275821
0.15127982842225612
0.11013837800865943
0.07808258044929113
0.15738659054861026
0.055003872448168616
0.08140281487360752
0.0865525910818982
0.02674622396748834
0.089641686174025
0.19204399336570466
0.15503991025854486
0.1881895603864957
0.386852710248302
0.19689224844138845
0.3412115794523252
0.4055301179539076
0.6066155569491907
0.4028007045121168
0.20677692041135493
0.6500708849552198
0.4880847508708575
0.4152167159571729
0.3892570294528017
0.21699463051503184
0.20135187176434488
0.22728262683601835
0.047563365768146834
0.11216481078484616
0.058726048862920564
0.002537182959526054
0.02425664098016289
0.12249253307354982
0.0935653594347554
0.1235484952139289
0.16301671238330462
0.04960215738358842
0.08870029160508586
0.21772824054438106
0.15700125706729814
0.3432205538279918
0.4009058546754634
0.3207047823766381
0.2074074824786907
0.3176197999490171
0.9439579954520626
0.3081546019195016
0.37673644471022105
0.2759466008120043
0.4040914682901906
0.3736919856549147
0.418691288752288
0.2173013407233628
0.36041347715132577
0.2880684192518178
0.23967161759724664
0.3492004490961873
0.17376225410622245
0.03085477356689537
0.25916677957337736
0.19699371614053168
0.04895240582665051
0.025376449897358683
0.14524705105524913
0.025375939154250668
0.02640613768460252
0.02565395642119386
0.025383802203187342
6.64361326702082e-09
0.027570950124576842
0.14785876389065533
0.025379808623901268
0.13361198440411606
0.09864781638765993
0.2938041053089387
0.33532718480711643
0.052538866016804096
0.049208392873480784
0.2415098118513415
0.0982077836246808
0.07672595332039013
0.11405030446003556
0.1028280906501343
0.13866713614841922
0.1100429077907063
0.10335717020704123
0.08579402473796235
0.13257307997035986
0.1040158344896067
0.1082232948655142
0.02537609136666724
0.2834612454782363
0.12495228554523186
0.1483286279719813
0.13263145715350988
0.07452755839072
0.22851570130128224
0.3622852513018815
0.2536198167120507
0.1895133943424492
0.18780584166833927
0.4334754392788719
0.1888854746795564
0.2742498885416202
0.10141684444152696
0.06815884771547034
0.05107561123986823
0.027048880695945996
0.16120000963451833
0.10530508253287936
0.05754920179417788
0.1160298081429783
0.05352474138437716
0.11639526069212143
0.04057777252416145
0.3087420386420361
0.3989090348699865
0.13499671297033486
0.2494314339827757
0.1775358226677412
0.24294227498040055
0.05515208985628076
0.2159950736797263
0.4315620848829305
0.1771597487821126
0.11347125775786003
0.17675053898791973
0.06310401506012561
0.18480864730051055
0.08105170482694105
0.06631530421565296
0.4083650524642967
0.20047299679735125
0.19570102736860007
0.3082235213860648
0.18026518037385775
0.1304224791110901
0.20386961159155492
0.2862684043244106
0.186720614611182
0.08133016378906582
0.10183035387805278
0.10582872593213903
0.14943484806862653
0.07358337602383477
0.1413985901956105
0.2265933260307645
0.02819805490788776
0.2918819682610652
0.15781711067903315
0.2928123184985687
0.11696310488634698
0.1963799158499318
0.15809909009960868
0.3479964934699329
0.06317314319436561
0.2788138040962055
0.1611615302346903
0.12232141755121904
0.12206478077557273
0.027994225802226196
0.08150078451652296
0.09401736764522198
0.3799335391731971
0.17581013405342832
0.11390596679756712
0.21751079170947704
0.05146768589264016
0.18754335707919814
0.054484513807735536
0.10457596104758482
0.21786343460485316
0.1651606589313835
0.2978107458418792
0.11571218675555715
0.056509527117540835
0.13866194575625884
0.12344612961994147
0.07348328258771303
0.0960461231711294
0.2921488634665565
0.1848604211893376
0.10789615492645953
0.2604035894952651
0.14494896330441878
0.06203594726712714
0.13259498685683688
0.4357723880173788
0.08347590171948788
0.13727612130039732
0.2289054510828372
0.2741434298216843
0.26076864891629525
0.4314487114110183
0.31837488918037044
0.15437698387832233
0.2832857982913201
0.34039625433980536
0.10374479906729438
0.14500544309194108
0.20136104124644252
0.20197244650540244
0.05044623320269374
0.0548304238163804
0.2731171641910873
0.11150544139768603
0.20109339160670814
0.2296467925064273
0.1593666830882891
0.16612789332999592
0.20686243946247848
0.4342075282285574
0.18710288137578288
0.10202018040705786
0.11331428725749465
0.30232483730837273
0.11393243376856554
0.07525384824902348
0.13791600868664905
0.20996807309431845
0.1338115095652781
0.0515818318981635
0.08735841141943985
0.3026253482519461
0.16233827677247095
0.025390483813442413
0.022018334895952275
0.025378017768095385
0.21605095789506504
0.19240142463153573
0.2113167196988596
0.27196982058127656
0.16876987403240853
0.11684734043136714
0.13688004149815822
0.22245216541334914
0.2691478456322554
0.152393527582378
0.1994176120736422
0.3888236270416941
0.12589558814595658
0.3233656048309903
0.19963965354543486
0.187963617460496
0.1104413358736593
0.02541248435947128
0.15724831698052644
0.18662569168597085
0.2880520426638911
0.10283808785383056
0.15146371070880685
0.2804733104756612
0.15111371886654326
0.1469174096749964
0.22197382178277786
0.02609178777551753
0.010863962060414728
0.07789367139438262
0.20115072519819974
0.07685778282312074
0.036259116160652506
0.1406788482969627
0.20107762666636295
0.06000908332672868
0.2777088524386627
0.27368900941410945
0.11831388929582125
0.12107871492713385
0.08815532804588046
0.19410893023159576
0.10472456601932142
0.05924783553297699
0.05368459445852907
0.1392681166391879
0.12202046883705962
0.024892754914613617
0.12129597180816748
0.10304507869678532
0.09876188958115056
0.08882940063893406
0.297301854666465
0.12824837246034726
0.07944750177959804
0.2952402933299851
0.4243100016183708
0.025375931149142182
0.4002313371103012
0.04331607404373628
0.4357606792835533
0.2979600551297055
0.10993108819574833
0.20746040799688306
0.38408920863738333
0.4355033484623517
0.17198656974842427
0.17210398078476735
0.17224507373555836
0.14958778722114527
0.1843820224693696
0.4113670733559816
0.17468735808731056
0.347628966293526
0.3059208057898934
0.41846903345166997
0.2998568231603416
0.31730046225851755
0.11804249987666028
0.1286002905068613
0.4334507413376664
0.20968400484378025
0.098671209640667
0.3240603680648593
0.13704478746029564
0.13392862774038655
0.20751502522398144
0.2808932648083752
0.026013869120809028
0.2846865280237672
0.11994626192800835
0.10680252414153486
0.19325691852679733
0.03077195361248296
0.10584179992280933
0.2821976084274964
0.3098794440737439
0.053374442404451036
0.20828360880470131
0.21561931688367172
0.17855427751196706
0.12229619746378385
0.14919177309497866
0.06115281922470174
0.1932611517855161
0.16202991437235145
0.3625921850000949
0.2843020874804181
0.2259628087176512
0.19098707394357056
0.42195714437361775
0.4355054079615012
0.1844521899377812
0.4285398860219897
0.7329610926480458
0.372442993940406
0.2972771622741973
0.3517465380817829
0.17463960239045487
0.052875803824470234
0.3384520242790648
0.4030046688453147
0.28397753080368043
0.08615242115802689
0.21710774787850984
0.2804163287164335
0.14284503256162734
0.34891834154994483
0.1708433962453041
0.4351258565690265
0.3004980329919717
0.2524563333331949
0.2601418265441364
0.3924722383577617
0.979971189836999
0.5907696125993441
0.11422542959505205
0.12160689351292578
0.20127122292355146
0.25571671654597017
0.0801856399394562
0.19612025148552564
0.19069715754317776
0.4356950939897055
0.4349752230365672
0.15682408572811904
0.2324173384314297
0.3581583348195359
0.22992993305886256
0.20626200609204887
0.14057688075615574
0.0721807352541399
0.2770222600351799
0.14647052823344034
0.07083301789074876
0.08683624522869335
0.12954280322712008
0.25756916849589223
0.14231138386171266
0.4336079196340909
0.3836683866483366
0.4234466686648852
0.3537999410521062
0.23707399407545104
0.4025395606535692
0.4476824188741611
0.2809781752955748
0.4277652937992769
0.23289347957577916
0.2023835386801824
0.2061221890289282
0.14980687759405212
0.19598990414660772
0.15154614030803434
0.17751853130720588
0.27943258172329377
0.08854662266013266
0.049173177763829116
0.13619235820142736
0.4332366972630529
0.07241570018676237
0.09263214118329402
0.14060731057049047
0.06566585212129329
0.4331590812691887
0.3856821209205333
0.2558588420278114
0.1043123333026449
0.2707790539633396
0.998682115624885
0.17229599446337826
0.4144110391735229
0.12088922553474656
0.18001693491326126
0.9973333908847722
0.2516860100760405
0.27495005518471305
0.19170266338186145
0.1962575847418988
0.1814352618696337
0.1920326075609295
0.2368232468805653
0.18181614018729367
0.4257489017454511
0.08297706791559681
0.26902715019591944
0.20171913334227895
0.12675348732666664
0.33102444382927565
0.9982219438233756
0.4281412970821596
0.2689146428221129
0.9949239788396524
0.3997514388727332
0.2441204345632256
0.31795512032300105
0.4026251238070232
0.23745547825731336
0.1478368502621572
0.12092977934225015
0.2702974029735862
0.09008033457418628
0.13893195905411665
0.15237812082384675
0.2064712339980916
0.0572964374689428
0.056327152512787075
0.10976188839731477
0.11036289987476684
0.18116337963575213
0.18744764425551566
0.18607542698084453
0.053926143524587127
0.15059771604798047
0.11900519461005413
0.03939483086310746
0.18575080745461006
0.059373924848383434
0.21754506715904545
0.4030087760769535
0.430253202037146
0.3058723500259467
0.3336015056188728
0.3403925999754843
0.23739351616315876
0.2180695144751595
0.1451632738533252
0.17397098920214488
0.2931925805267038
0.4358480541537378
0.13867455965585873
0.0904610101112428
0.4061422454143404
0.1182209939128956
0.1426585301137202
0.09477143056698456
0.24665535541155895
0.2324456257681109
0.059390714667936835
0.284762728025873
0.1296754201587781
0.0844625042060875
0.028510794616277875
0.02537593934418788
0.2047583613701089
0.09029525183827047
0.036761802016803916
0.0743705169885788
0.07772959850584267
0.1351864919239685
0.02702890623842026
0.05480436104744981
0.02157053646405279
0.02537288935654833
0.02537623121472175
0.0428677558566052
0.1350232745162118
0.12193200722748873
0.03190510490052776
0.07866713234550306
0.058346016184723314
0.1469761412810892
0.15696106297325751
0.0931787110730975
0.4357086993701362
0.43464464568228794
0.11718176035163134
0.10855401702070608
0.1334141247588449
0.12319402931075865
0.05692854148184205
0.025572372645450904
0.27234692260387544
0.16851441204598205
0.02522322133240382
0.01648394360168162
0.13627623372733222
0.0411281448724298
0.025375984976031926
0.14005812528263334
0.029308934277929823
0.056502795905210935
0.025434185140340303
0.06771913167759727
0.1062776838436364
0.11013883350008162
0.02530782747712344
0.029142000562616493
0.11067185892166373
0.025375940411749787
0.05672438624891964
0.025385425374690733
0.025375944672503304
0.025376404401691463
0.08746318056983304
0.11056187866749424
0.10163300579424188
0.02532790449688119
0.05852529296946666
0.0931805359519462
0.02951343671264024
0.1751193590469997
0.02537723674869697
0.05455436589784428
0.07144225340404406
0.12031202226446827
0.02537666345546809
0.057256590579265125
0.19562968891810284
0.07004895166140017
0.025374468538348183
0.025780944465407317
0.1039347812770057
0.17399226959175987
0.16715611598973862
0.2166472963316025
0.10368115919102792
0.3541957267390756
0.29638899913216304
0.13150563494742848
0.14028567842295664
0.1642189578758986
0.2925598695564207
0.238649296974811
0.15550573250208752
0.24287516831174086
0.1097852654330379
0.02640649037565664
0.14764349726880474
0.09939507280967133
0.16045040320997722
0.23165900252786745
0.09052165695149757
0.02537620996327393
0.098755378419242
0.02537227888557203
2.948437016010177e-09
0.08109184841879702
0.09789301981462996
0.02538069914039737
0.02537651420001531
0.10035191328636436
0.2752883312170586
0.1879398494775189
0.025378899396093463
0.11373800734174387
0.19113374341901115
0.06342871598048096
0.025691766820182482
0.1143662786259102
0.11186567570547844
0.0253759483853859
1.0182862252405793e-07
0.16550640193937854
0.1637606636986258
0.025634714085291332
0.10125714629413522
0.23973210014543606
0.059863387737880164
0.1578883969201249
0.1922196482458319
0.20665464268025907
0.3200547094443232
0.11901576647795648
0.15858153198126845
0.2900753522406341
0.044019316568785834
0.02537615536568579
0.05273965009738366
0.02543203353098457
0.011086105015506723
1.7320677560416324e-07
0.0908026628635387
0.025375941324609724
0.025378340971000928
0.053620587684053915
0.05428218023520882
0.3899521140987533
0.10435634247794108
0.08039895952306897
0.2707691992722829
0.2874634601876983
0.02537601598835852
0.08818910622328488
0.3470683363324629
0.05097877762897292
0.051834718586121896
0.04065964296652338
0.35300797123462385
0.1165695012687404
0.03224830668456356
0.08944144138138888
0.09925231673890632
0.024900540112134467
0.027037484957928744
0.02120164887454824
0.025463191147342
0.07764226595227795
1.920330295801633e-09
0.027860015212218685
0.02538034984334113
0.04072567664904623
0.12530555785004333
0.2400912311037716
0.028356251647804663
0.04429825213960912
0.1922350490676216
0.08243607340616428
0.010598669065902344
0.06328146638612404
0.08278880466924185
0.17830411445133448
0.20694754297797574
0.1798123324279675
0.2533564509560812
0.010802909682499744
0.025987788205742542
0.07371807141771157
0.02537857901003399
0.17556044406961374
0.09987188821280536
0.025375943019552597
0.051994846883747885
0.06539146995230159
0.05574921557919686
0.06769473143042393
0.051391820887513005
0.1067637979933194
0.07247310401959088
0.06935005511607033
0.02260890775670452
0.11537431166644772
0.028131557433941457
0.06648947140877408
0.03950429501249565
0.2348018430585867
0.05033294733409389
0.09677473759842198
0.1030605861253771
0.13366603952931078
0.05315049669911929
0.10675822847546876
0.08767572111696638
0.12066306211150063
0.16936049278552767
0.10515022153857216
0.12565547053469758
0.3919511369001195
0.14930322419051711
0.025902437000324383
0.3305204186672838
0.23743523377154366
0.05065620073659942
0.07279097332482505
0.02541092254229081
0.07882827299301036
0.08391596472756847
0.2344854960780009
0.025376165786160813
0.025375940052668328
0.07621099054385264
0.0087227278578836
0.10277019013238928
0.0862782683918976
0.058264060431419476
0.06070539742141438
0.0659198186183658
0.038292169580660035
0.10419315034536593
0.17232971768274674
0.2108592841822903
0.1465854330471156
0.06034981616172148
0.2179497095117088
0.4307175437548748
0.14216821886891146
0.09113436511081248
0.12924448259250262
0.11365727092219195
0.12988539316588754
0.17193334220801235
0.19055203396389195
0.18414476534795016
0.10455337307585298
0.08663102606549096
0.28070057040098306
0.13644647883685693
0.12103332080579468
0.031189024364372306
0.13513603239623853
0.08692004062983236
0.12749083086632007
0.016156901807513082
0.09998390293462507
0.11854366997803405
0.09894680951877306
0.09190114917293936
0.1057124520296298
0.0403176702338294
0.04812466551719199
0.15495207235206945
0.20849006733106734
0.11588771367500232
0.16103420720439576
0.2921073905950104
0.09138650925451856
0.1120429439756625
0.2817825140120612
0.03770283502557534
0.07285576300003667
0.0251850343116922
0.20331740404024373
0.0928532413827508
0.0995538735886955
0.14441187906425618
0.08365170739652092
0.034213043615463554
0.09484325576328398
0.045572379093972284
0.20654062329113734
0.09516388458640937
0.136907199317085
0.02537633586954634
0.05692933768660158
0.14150925881389625
0.11195472042482572
0.02566091830273632
0.14317303911990034
0.1384593543378812
0.2428341375187921
0.24656098445891
0.1025285825413793
0.09782440026374492
0.032050008699203214
0.1950765343370748
0.1239080597638565
0.21374141780352265
0.14641989064434754
0.1378128317640734
0.24374200093345735
0.1706186791433859
0.07525155095456379
0.04880769506711636
0.02537591273400154
0.083519746082386
0.08423963992981012
0.046511420779725206
0.13416548906230027
0.05888849044892777
0.06881423251730777
0.07303346321484222
0.019277330033877826
0.31113164529156245
0.17781175086354853
0.117568647277978
0.42909516984660206
0.1439288604207878
0.28777039993243275
0.252829014065523
0.31072652288831
0.021446318440090584
0.2529634413260769
0.21493126494774686
0.12580923804589467
0.02395181383721913
0.2139717651823227
0.05260608486103845
0.09339212477139018
0.12107179882975573
0.03916875303393141
0.02548807212824411
0.0490340502834886
0.4310345314816443
0.025132409312688692
0.025378539928092737
0.2111133345298049
0.17210046082411873
0.058397062622868326
0.1572821810812293
0.2666360492246541
0.4336584805923295
0.152529361266023
0.08379221066013644
0.2429208143930485
0.10262136573730528
0.211328066995762
0.21046949346825086
0.05294299689134093
0.29725284251230144
0.15372333295842336
0.02537599255376481
0.10172065939653732
0.14843339455942606
0.10476834907943956
0.039454815025160433
0.08234321054226028
0.13360235153789515
0.09527140777178984
0.09891357945734087
0.15339631972323944
0.12007467456470225
0.12384919907351563
0.28513954292480914
0.2910214966294049
0.1615896488071426
0.15315558670687413
0.16573445277880192
0.4253037460545524
0.1051077572439677
0.1224728466921478
0.3069605519435684
0.18678040394850207
0.14991048393956738
0.1577550702542302
0.2282724673328049
0.3152639927085367
0.2844264998715794
0.12210315390917335
0.18250744302308355
0.3358968853095906
0.160121991024615
0.1507520268466499
0.43540032549926705
0.1766676373660279
0.2112037690907116
0.06477545528479538
0.2473083306741765
0.2197023042441277
0.12644563424111685
0.2149268035392577
0.21377563784029946
0.19007844365401835
0.025364517446826242
0.0903646615200904
0.20491958769999846
0.20113605615766944
0.1156509905300656
0.17593569035246395
0.10794053360399752
0.2902867170675997
0.08229762645858381
0.11710062786714913
0.1187703854158269
0.09464873950206756
0.19272816575869176
0.3244745385046707
0.4250993883096051
0.16904641028042414
0.2313402752275657
0.484060033483301
0.3766256715581951
0.15290370176499712
0.20007693046512545
0.17999262623474116
0.1096908092004468
0.19836894004672453
0.11147965411739844
0.17865247684686406
0.4286529122104481
0.0970593200407866
0.4184613555000445
0.2438418780101067
0.12452843324981785
0.12740196155573372
0.3959785871141755
0.2273849475910988
0.1782521382571522
0.42810100732713496
0.18463451425843747
0.1971101165021581
0.2532189818963512
0.07653968604020735
0.023047081070167254
0.055600774756195036
0.10285524655026164
0.0838298735409626
0.2297844219318035
0.2350324120473069
0.2506176332364933
0.21046269999330394
0.17043400023127753
0.2915057432963664
0.19054636469672165
0.42049688418691655
0.4112146188348576
0.08140441493091219
0.11749860496898835
0.4241663674333528
0.07576934341721805
0.2000203959492297
0.17264109506992262
0.1104267295991703
0.12618852366190692
0.3591234198566948
0.3851551113528683
0.2550829974644758
0.41641401450752935
0.4250706633568847
0.4733000940162835
0.1207986170567345
0.2208146597877808
0.2345066395895468
0.33791616638484273
0.09926912772266253
0.21528886346529064
0.19136075105912545
0.06561511791213846
0.20619654115272631
0.209855735402026
0.4334068966330064
0.07981326016139133
0.4027151448385016
0.0879806095023949
0.17395152515981374
0.11387269512671255
0.09714499371820803
0.1788957398657182
0.20409911137082834
0.03130405745043575
0.10402095396289723
0.08142743911468872
0.24281969159723474
0.14347817145716713
0.22188009984638515
0.10462497564541312
0.08336271335225061
0.1557929096891237
0.1712307471814822
0.0970360025317401
0.05774229498659975
0.02537755499501523
0.05866641653312001
0.06594112701371811
0.1702904252442447
0.21763678715728865
0.11894083192705655
0.05369723611237498
0.186063771516627
0.06184672510681233
0.11103053704867127
0.06617580340834663
0.030049859324818576
0.058607771735187726
0.02555402347947404
0.058337686490796126
0.05821354195157057
0.025417889946744824
0.1075707877664855
0.065318074450455
0.16264623677389725
0.05823906715378783
0.05262038343297285
0.05085152101948676
0.05148019485642857
0.05745308549653279
0.05078912615755593
0.3924139144929855
0.11668176377418142
0.050396992101724235
0.09615865372739184
0.08151713055835201
0.09407263347139903
0.1916510105906737
0.12658173136490755
0.03023534111344059
0.10341125617870484
0.1115571080338086
0.05288033139394619
0.09857540328568393
0.05697981101217187
0.02566870901159151
0.11451159856786484
0.05706104380025059
0.1437200637743794
0.17038047448955054
0.16429401437677696
0.19418623205256208
0.06365429336681054
0.11572341777309325
0.14579821925881836
0.1291829940625038
0.026310458361697875
0.02551151288332511
0.11667734796869945
0.06061766665739096
0.0708637686564762
0.053811046263698425
0.05868753662858575
0.04061947251649434
0.02537681100653236
0.07819346653544429
0.03314117339379071
0.05179984818115648
0.02209819480373386
0.0786902528902817
0.0687679086743779
0.23268076769727625
0.2020659379402852
0.1845113841695708
0.17373265762312834
0.23151775222784654
0.2304926808854954
0.1944367928532833
0.2282794060731155
0.058353705236812436
0.06429854912298631
0.05905253071697685
0.02627006625222266
0.1593305595028529
0.12813355790262626
0.03583454226988071
0.0844419181260404
0.034043350432302374
0.11210034850827373
0.0920444375376137
0.2880293974757141
0.2863372665726304
0.2729429201127377
0.3229012552991281
0.24904893499444744
0.2289946170897424
0.2947822334843997
0.28259385642027685
0.2156984742616588
0.2302145008650476
0.1821491945511436
0.18778679570039727
0.19042040539527047
0.0899931663450204
0.09349421731149746
0.2505097177531842
0.23523059722975698
0.2415467469756425
0.4411453422824292
0.21072640403683127
0.2322122955229509
0.23145143892770045
0.20205981166115464
0.2253639249893251
0.14651551150514722
0.025394221887910157
0.1589846624117468
0.06304268816142815
0.058523950663740575
0.15548364136364945
0.18173720146697706
0.04966785082593491
0.17909495023593888
0.11097309256488634
0.12074959913289456
0.11129800271810758
0.07497237725710584
0.05089735004581585
0.02926164106562675
0.047353703175896406
0.050152333224955735
0.23583931412816694
0.10435313294212402
0.2427769930399388
0.10329807648903083
0.15898575597092454
0.025627801233868208
0.025375999626220558
0.039762491658403176
0.12246465568102753
0.04568919641515738
0.02549844167425369
0.2267385191446403
0.22015558553434328
0.058928409980592025
0.15610088580814016
0.11203177946084304
0.11529547942434815
0.07537489443722291
0.040401728970376916
0.03038219012289716
0.05543028953518312
0.07490995876014847
0.02539651569734056
0.1146166411023616
0.04243376868435344
0.05991143559093549
0.11482333621028327
0.02546334454482568
0.07665114653572627
0.11329856681188118
0.05078838296514393
0.058226864989569936
0.058635200730689126
0.08069688292799818
0.05859969952080388
0.07600546255102028
0.08013382814917433
0.04997446355226397
0.08542709626898927
0.05077282773887888
0.032458693039347064
0.10149689806900092
0.05628022555876454
0.2897613766290054
0.18730830699382367
0.13874679949694912
0.22569962987338546
0.3015390855157464
0.387845770357104
0.2938420803890788
0.3451944529647072
0.14057547202102388
0.05247813339804437
0.3171984825337434
0.11911611192303764
0.16096284583532222
0.050610248574369895
0.025376294226915598
0.05769492065188678
0.08941357196850169
0.11244969173752686
0.1000449929092768
0.07654581669588498
0.202782993360669
0.20397633305243085
0.2583474981171262
0.25972513739367203
0.21836653745840848
0.1669270735527395
0.19813761316082976
0.13477884429167347
0.10100698423451174
0.02537613424942952
0.14498929435610508
0.18328202724788228
0.11581222816714427
0.1379832698833749
0.08719085013951633
0.05827601796146707
0.0578568976408286
0.02537862375089318
9.088815379707028e-19
0.057603608864353735
1.9804022041518232e-14
0.05828244329618524
0.06647879938530868
0.058099080055820276
0.04619015248310256
0.058382193899422063
0.05066390072934821
0.043816444933301515
0.06841440557806996
6.016637226635536e-17
0.0547777576872213
0.05423461301861244
0.041726379009166384
0.02538215673668154
0.028324355237192244
0.044916191864602016
0.1526389119194596
0.10222684440430543
0.058023594571116915
0.05823978602014314
0.05426132986531696
0.028524712654565975
0.05940536595534548
1.5480024332313098e-13
0.025389265952474233
8.716664753180046e-15
6.426510549397211e-14
0.05822645067432915
0.09300996998263596
0.05884633239821175
0.105590340638893
0.12142115710362747
0.05188565384383372
0.0947377204136303
0.1521045643747627
0.3766810387171505
0.11739860020892098
0.3836948062400508
0.07680911887726026
0.1376183447800071
0.1005904321100086
0.05015850108781423
0.15996224948284965
0.24525805994525746
0.02604995131966848
0.028511871232451736
0.027731346033696175
0.22993858940343245
0.02545974371662076
0.08103002281675822
0.10660837450946828
0.10686804679439399
0.14672823908940452
0.07974565806317119
0.02473711324832616
0.048871857476379836
0.048235690782862016
0.03859129303245773
0.11311152232894328
0.3441966182675528
0.17602655775300574
0.2581458727700793
0.2350455208394555
0.20606170452516465
0.10865184924456267
0.2238350278906747
2.8075775328221786e-07
0.057863722355876376
0.1370059935770899
0.1343934429991406
0.13237643211393849
0.0937192959785467
0.20174099665467385
0.1892088699410608
0.3327688566913544
0.3047594594360196
0.08015924100815275
0.2717285961829033
0.4292883764130768
0.2188692765322894
0.3490669884105229
0.22601471595440656
0.04603021920113955
0.0866535524844693
0.135732143910297
0.06724102722628862
0.026647149904537214
0.029703757065486176
0.18418771501313744
0.0817518594592222
0.057727114262725074
0.1287254583821901
0.21467312594798965
0.02558553411406218
0.09800917629351563
4.858476563536509e-08
0.13182858976266962
0.04292814040285239
0.036931113190233684
0.11001955455452564
0.3415549493835911
0.04253468253903213
0.0300389104653358
0.02537708641801241
0.029768583886930086
0.2749603654205268
0.026343687961119928
0.18336701384775114
0.04917354226769017
0.060097684280358485
0.10144288505254084
0.1049608256025441
0.09957209431568324
0.07903829629490837
0.08514182746431431
0.1930522094090517
0.052273185960575216
0.2907450024027992
0.05360618291921943
0.05355442136085303
0.02537809028446396
0.13165127175079142
0.059109429617569174
0.025376472675084343
0.0253761425083384
0.03945761217981407
0.02537582772056831
0.02537903470592678
0.042688814414098566
0.1174313410183242
2.851802000971264e-06
0.0606225081338625
0.026415120013575884
0.09870961623379744
0.05583275451504028
0.02546043668782134
0.02531741255482591
5.2921816025435886e-08
0.060311677381371866
0.025385204019291514
0.07709127901465418
0.043526099339474184
0.025376214392615483
0.08686858785439995
0.02068059171918274
1.4841471965416956e-07
0.08144747988031932
0.09551954939713392
0.025643777838509
0.08876340221616183
0.025406551194622998
0.02537454429212868
0.025376600407980014
0.14095243716617187
0.02555359392942389
0.0582329653834054
0.04969568101978397
0.12043760697460475
0.06258298848971741
0.09451782558177907
0.15921012331739529
0.02761266036741089
0.10997332153508384
0.023144296233548016
0.04527871825145861
1.4838788885375422e-07
0.0869593346796337
0.02537827344245857
0.048126189175121854
0.08830650723122804
0.029553092195044737
0.045613736505275435
0.0253780492266034
0.0253768543904295
0.02537830467623216
0.02208235047104657
0.08710798195275543
9.69322139472584e-08
6.274860918656586e-07
0.025377505404513053
6.572125575537242e-07
8.749257267297307e-07
4.5381585483746176e-07
2.7650962169481915e-07
0.0836358675320083
0.16261078597349604
0.0291574799901563
0.10396016461546992
0.0220723472341458
0.025511673120329068
0.13249131654054558
0.22173040499921134
0.02537648317958288
0.07644082574120463
0.013608586678978062
0.1505292577154495
0.08455689387370917
0.24389451744004706
0.05512333444030895
0.026349732746442454
0.13816190505432846
0.02544356901570984
0.2039477867321944
2.78760955661946e-07
0.02821428475672982
0.0960300587298456
0.06449642698316105
0.02542216360218317
0.11115961715548232
0.02567487898614369
0.02538283859106472
0.09402977369689694
0.09059595282293932
0.055441938380091066
0.011907378872751171
0.0269490789361508
0.03769968340156904
0.05604439156369976
0.010781229553487813
0.1914650420688601
0.058337792885731814
0.07243286622018254
0.029249954857762533
4.747861916605935e-05
0.02540549094560704
0.012078569572911457
0.03111162720058081
0.03115295170316185
0.0904621636289207
0.1231467754017502
0.09263965452852052
0.010134214614319695
0.06094125256980205
0.1036166601122822
0.13976339478099736
0.0901452818446952
0.11784786154111443
0.1469204387323629
0.01874878508176276
0.0980898782658642
0.06594666324721027
0.1697672414081078
0.025388040573513515
4.5189871893597716e-05
0.010034731378314695
0.025389158313356336
0.018705100500556026
5.072917513944237e-05
0.028537697330409287
0.025623888100145084
0.025316050675400933
0.17212639811312455
0.23505238442872006
0.08934422518790383
0.09639807450712903
0.017862390401751103
0.08818905049163557
0.06267448653360785
0.03733313746304513
0.14305702859000088
0.10179691486183504
0.35945842868574396
0.17319635077190426
0.10286855658631154
0.17084944742652758
0.18606764251030825
0.2426443317800454
0.2431142133925873
0.01154793909562657
0.03485925101432997
0.3491091715662553
0.04231452153260416
0.02539649896511036
0.1426911988988627
0.21928200195438907
0.1940992263324627
0.030439082509238838
0.033356265853429025
0.01054619324235163
0.1683838850829246
0.061351428621105826
0.17139241897148075
0.1982332976922805
4.297263591050583e-05
0.11708454705186595
0.2484463264151079
0.11120452362233277
0.4938552913112309
0.06330957462140774
0.07380970610787407
0.1341224426037794
0.16507124943910326
0.1152095272628928
0.14425521670773805
0.24828617856297305
0.12517810597429924
0.13007270570087848
0.1735657810982484
0.158491015653601
0.052434886573808716
0.08834549174944742
0.190581641291506
0.1911557105375895
0.1960976956511692
0.4277004646794457
0.2204170429333394
0.11429423788246232
0.5112334003199793
0.04785753873588528
0.34012728356110283
0.15025277401701034
0.05943300506772457
0.03204201360519172
0.10049163600627628
0.09427597622860152
4.2201481485534526e-05
0.1720877349892043
0.1841026313225569
0.15129059215263926
0.02048789575781309
0.14399238774378392
0.1550616886174715
0.2505773992175892
0.20309046899158886
0.34724039730409995
0.13839583355708518
0.05720999891547856
0.0740576183606295
0.08905294396227655
0.10111295864473477
0.3830660740687698
0.10657323061183452
0.02541997343796135
0.07705830090308878
0.16997023043367296
0.14537428286332307
0.1720160770204972
0.10479353011737316
0.02548279170916695
0.11248958551163732
0.010029989527481208
0.09755451518208433
0.1264661714872722
0.24013688208894124
0.026987422826908976
0.10314782965550556
0.09431967040196004
0.025427633296166288
0.03453830572933018
0.1706740830336148
0.04911153991284641
0.15964481956228627
0.05183058854538826
0.019885608411109392
1.409288881975046e-05
0.05039601440966048
0.22059264750902025
0.09622738856261852
0.16849124001037707
0.11910836046054947
0.2012656155085432
0.11263613541776835
0.14746012182245838
0.10604983003005687
0.22968604964191874
0.0967290023893682
0.17122882713895188
0.1546287639116343
0.16564562547884576
0.010904391653149615
0.10068790227050987
0.025617208031174364
6.576867370951904e-07
6.933283940614658e-07
2.0905169178871162e-05
2.5432970399284327e-07
0.06045866043521057
0.0543273343482267
0.17245657244680174
0.14866440911956086
0.054143063899474576
0.10875014490138564
0.07985532594888517
0.02537681030427377
0.11369417668655935
0.025488632306747576
0.15967721824872688
0.0759268223440021
0.054468866172909615
0.10553260263710602
0.10451110819580488
0.025421071344275792
0.18700826677169327
0.02539375900495837
0.05947631748497108
2.5925121803556024e-05
0.10777993921322876
0.07302444751281828
0.02538700793140083
0.10268321859693004
0.0398841521683217
0.14213520916651953
0.025761183777636563
0.09105040265243516
0.0219245248764808
0.10622888135960998
0.05334975537980146
0.07478297898201082
0.11923817882593055
0.055536344673055855
0.11371041808056084
0.017499052577597544
0.06152203431346601
0.04715952784725979
0.3385672203534645
0.18462300720764635
0.05420251396206833
0.34785714118418115
0.15650934816700898
0.1676616830622317
0.25907156660354125
0.06816650553458505
0.045329482609524636
0.2845836614285198
0.1939604082192856
0.0540243004911446
0.026180491813938542
0.16803566798150052
0.1643053494069466
0.0518665485132425
0.1268989918443097
0.057618724844097274
0.05455096158335829
0.02549554546038329
0.05839443412417687
0.16619788479284825
4.7696030329037215e-06
0.10827979924895974
0.07645664069358661
0.08130112583589293
0.0916228410240454
0.05990865516281287
0.15271533551548816
0.025378826931975504
0.12085462580412655
0.09303356462845044
0.15333177237648182
0.1177601994188447
0.09013508312353463
0.128376758060361
0.05704415134077645
0.025617331422564626
0.057914114248985016
0.18830879788611907
0.02480832289931152
0.13454865314870013
0.1064460164518966
0.0657418140606602
0.056670687277507625
0.025686402615300613
0.09058703695578296
0.02537981685479508
0.11279376916615284
0.12633244822721384
0.0623837905851232
0.027207184515595246
0.383160395672176
0.11668495070333255
0.0998212442815631
0.1804723480762311
0.335231771406205
0.2520996963454188
0.2954623401854123
0.4341822454534431
0.15784255405635006
0.05482282715420556
0.025382428298136923
0.20652695966984
0.1747682297975095
0.1450276636854198
0.1182127689892347
0.216047188144476
0.051432951296554286
0.025438896863270992
0.14784803385416298
0.08651953477253277
0.06669043941599417
0.08883964580469006
0.024356471034313983
0.1135678284996946
0.13084533931794728
0.2329533818811393
0.07847640342963455
0.17822244952938046
0.05410305963498211
0.07377673142643999
0.18412199812115407
0.052748544794394114
0.027963596569187968
0.0665937532799828
8.128552939367748e-08
0.20709920556170489
0.3686449407787412
0.09884119944441233
0.15684870388566385
0.05599650794463155
0.2957795471666905
0.29576540277856744
0.2310876226558491
0.1907471965724244
0.1714112584763547
0.4357389457786625
0.18815186773986967
0.2564807554537389
0.2124369541404101
0.25633590708896875
0.1868912870193042
0.07195551747563125
0.050577418047049134
0.13472639416808116
0.13011738388388536
0.02317660354707796
0.026752105421685088
1.420550708169965e-07
0.02537792852504229
0.22337624810409987
0.3787782569337
0.025404525182573617
0.07462514954253498
0.0725471761793274
0.02537937715586061
0.03938014379421651
0.17625350812686244
0.06312534932056613
0.14992254549626746
0.2053746339816612
0.2364949802338054
0.08561148082540379
0.2292642122213749
0.04166757754900301
8.707326722107904e-07
0.1000286657630026
0.13004043992044628
0.280051196613376
0.1601894917991633
0.15582640897983946
0.17866651006486414
0.16340240309058898
0.09561370102244396
0.2020423420233923
0.06431042855124028
0.3173427425569528
0.1782374476746652
0.08664139383992217
0.058268118489442924
0.050042011212387966
0.025649226278690103
0.10082330292881014
0.0704479454915967
0.16635709716868974
0.14760092115786053
0.07153919512407265
0.27687747348505576
0.16243997423064624
0.05335416065875477
0.16628556580572618
0.01555376391494197
0.025379907930226955
0.05827750981300925
0.10938288059414608
0.13460123754596326
0.19805526920942654
0.02541558792005808
0.022060888509872596
0.17623907535042752
0.17997721702547484
0.11721716346804632
0.1050212542473461
0.19720547394107996
0.14971592339358922
0.10007836240376312
0.2951011066352201
0.26402437930136297
0.20273838551185527
0.2859102389971173
0.43496415395923016
0.2927646407407571
0.09497343229366396
0.19011649925325924
0.2832715503580481
0.07829674092261991
0.1433387843603961
0.09373706681307152
0.3891476325127581
0.0536602495577863
0.05133665129345441
0.0584294380832851
0.19198554882535526
1.070919904981478e-05
0.025382247096441192
0.052694367049753416
0.15833695064777964
0.21745052424309014
0.19082121416639689
0.1388186743886571
0.1439696446699407
0.1728620045573863
0.2764312975564274
0.16713031726633434
0.2244376847853703
0.32904538401892497
0.3366506444670885
0.30474882983361123
0.3015316602992006
0.17921191524881913
0.10827591031821752
0.18060857636533192
0.21863030955225213
0.02538939666454159
0.08806313490489848
1.119812777882921e-05
0.14729875179285154
0.11179033165804947
0.15051019120966427
0.1916741601580796
0.2952978667522977
0.1842091297490058
0.1636455603101765
0.3060495650758521
0.2420049871859273
0.1847725313496336
0.08756397958800244
0.1548401587776955
0.1476765364318396
1.0504494848248032e-05
0.4310299088752971
0.11095178386615027
0.2083828995129094
0.15581242415302227
0.1152738266628128
0.14173817815033787
0.2662151138608209
0.2604899076084765
0.15662159219256094
0.33731049819917464
0.12926497339777876
0.12742938277093072
0.07084431431746878
0.13876275714370245
0.2604876036760051
0.2617814257709628
0.022742938491737853
0.025687892977527844
0.13421457349101634
0.0940991636874757
1.4570108028038147e-05
0.025394052865875136
0.09496147637039604
0.2051363049044284
0.14984408795775908
0.15887364350802885
0.2001781192286396
0.028338759612580505
0.0963272808494201
0.34327858526057353
0.08752216121232502
0.14792682003507845
0.0767456187004668
0.24985840741619397
0.20755157454543846
0.10590914855170047
0.031128674101825782
0.02537970598385889
0.14927296508074991
0.1104622575263668
0.17243227317276025
0.046681177678592624
0.04058119041736333
0.42889936580453897
0.15379652283604436
0.11409122672667615
0.3098397436182653
0.2280741964281557
0.1347717960618615
0.2384587677932425
0.229905588591304
0.090855332354372
0.13224983311469407
0.02539990050218706
0.1120998633899868
0.08974554652112783
0.04305119519224188
0.025734031136869968
0.044839078290856114
0.2213224140073961
0.03656822108653185
0.14920994039543806
0.19890392277077545
0.21323142871413672
0.2637792375849667
0.04160649436354144
0.10193400456453076
0.247265685875982
0.1468182072363391
0.0635464778234401
0.14453874505852607
0.24805863925750965
0.025384436788085288
0.07903991005264399
0.2004819551343875
0.08431022040067107
0.02538194978373416
0.11142980775340204
0.1448670348831156
0.03119569483507764
0.10525926927151118
0.09826923596744508
0.2325326225836055
0.23062920547633445
0.03820293599428977
0.2331559915250642
0.38147734664444105
1.637884037384209e-06
0.03238866772656908
0.15936134843034933
1.5996331432324571e-06
0.08502030302975018
0.06457262652394696
0.05298649354135022
1.3646504355032484e-05
0.11092404618135572
0.046160117532014135
0.025524349847805952
0.10137015350622984
0.2005719923670701
0.3866897371595997
0.20800377971368525
0.02587092074512829
1.3821763297225313e-06
0.18443121287279501
0.051492018899075766
0.025895637904129774
0.10334476618850456
0.21332738369576965
0.014310515678633172
0.1706944874138745
0.024381751141135555
0.20129693486158465
0.09460441251624972
0.10115778692681776
0.13517665361911718
0.034403287917973216
0.050251642145481334
0.05779649384952689
0.02552911548074246
3.0399396980798024e-07
0.04579764402882256
0.11370893616824042
0.025395215567486668
0.15756443096813197
0.17373266685225938
0.11879346628998268
0.11182172387702967
0.10202754579554578
0.28153677751086026
0.3010362964860405
0.11222310529911836
0.300671989859557
0.2930862825360426
0.18946361151429836
0.17153162326959792
0.20295096152858616
0.04469126855131219
0.1384654378371913
0.14982473899577242
0.09184563991011764
0.04036194912690669
0.08730715800597773
0.11325385753455634
0.09042306630173083
0.2713572816570421
0.3667424500365419
0.17446750182149035
0.20694886590264827
0.06003763582722875
1.589519469802787e-06
0.10354368991155613
0.11660981571995348
0.07886797077498547
1.6094282134908118e-07
0.1145448438513436
0.03207105964311585
0.20791845402224168
0.08317463440128962
0.2361940321827421
0.3836917087721332
0.3000502756948594
0.110739528162711
0.1919369538991014
0.05993305634337481
0.10438836459987527
0.26004882569445065
0.3649925323569457
0.04443882009251433
0.06011859209522258
0.4323180071624037
0.1947950901009597
0.10562832281447404
0.3007882781243956
0.1726578919684306
0.053425532219109166
0.1834469928544281
0.17585730200342253
0.3137423451141277
0.19546547877203174
0.07326981460083679
0.17488252853115854
0.027061984318459482
0.05822425087514276
0.026454625290566424
0.051915122257423764
0.04429995463322885
0.09211794354152872
0.028056194456870527
0.03878714113725077
0.18705451342350335
0.10259062401055737
0.05096705654217702
0.021177046642381573
0.08002064500646429
0.1080071529749986
0.20987881586535936
0.19126149405088155
0.03003790081390987
0.16560663476982987
0.08140144285469232
0.1011073054924988
0.025662715160895463
0.0800622539468601
0.05337218129922
0.18360983070024875
0.058561217334184526
0.05854960487108081
4.968754523175561e-09
0.08961925173424819
0.12291245905876863
0.025369227779663026
0.07246310401095853
0.03150868768008189
0.10837693697257902
0.04997743243903597
0.1006069019661687
0.14494179875125487
0.03665164406766548
0.19502607415196693
0.024874383694649626
0.1999730405618641
0.10739510065646844
0.08535263186206903
0.34760943991744336
0.3094049576977203
0.1740986133541859
0.2117976431933169
0.11906760556244693
0.19802096154967644
0.15343704623203105
0.1505989736995378
0.04858001606160841
0.02538077713033823
0.051254126880429636
0.07852842486816218
0.1720666501408618
0.14269352300370505
2.347472579413633e-09
0.03317371754231428
0.05602505664034032
0.1385181372171493
0.02540122727345501
0.02584004397199939
0.020998283184195148
0.09371492033661236
0.07765669431771237
0.19532204585144652
0.20954624492713847
0.26268175006693195
0.0949565345593718
0.08371827900059127
0.21245040810530574
0.6108869566393873
0.3251334467347455
0.11849732891032705
0.07756634626929211
0.025376517849603132
0.025411923611445945
0.10354110719990148
0.05286668697933891
0.05203932482549838
0.054646077823048235
0.2703974071939285
0.05921228564481626
0.05741215503155906
0.045802649192032543
0.0385850494570963
0.0586230942473648
0.12837504221788776
0.07989073775264455
0.051243034255176026
0.10712473431559028
0.19710806221755706
0.10356639942020544
0.058533951864687836
0.10094902907024536
0.2560884047774559
0.09342042002354514
0.05813347690774533
0.03178398582841227
0.025894494091699038
0.08874178115461588
0.2802558326278201
0.16844318770549013
0.20279583210498556
0.20173971578242755
1.2462765102318484e-11
0.106562835646856
0.028932866917144244
0.06033166848758328
0.05952325769456284
0.09039616472699677
0.19449077545006305
0.058863632871597474
0.08036379408305339
0.025384307472583127
0.0406412764475201
0.058577859565644486
0.17514580595467433
0.1575927359094993
0.02537623859068165
0.15137676815089682
0.07648278120466538
0.031768610613613066
0.1438406801209532
0.11310030623531707
0.08688955118751103
0.02543704987772155
0.025375823924132738
1.518654428799073e-08
0.058242794750498934
0.08587091198348175
0.05591060985912831
0.03934605088009407
0.1885907524534519
0.21038108051520135
0.1365934368722682
0.02540097530475673
0.07630632597693693
0.05859627006143993
0.0583286508197196
0.08215206822437662
0.03933106125397754
0.025376090017030853
0.027914115819590597
0.05644270858689465
0.055679415929821466
0.08870284603489023
0.058235710253152335
0.07968470083931367
0.09909839488064746
0.026383237403625963
0.10924676044640774
0.05084043670780804
0.02540517421799995
0.025570172000311312
0.12479808337985727
0.025709478676493685
0.025377711976314662
0.0585728662491936
0.04167426191671664
0.06952480866533667
0.05809095794598254
0.045890786933874134
0.120203564081395
0.07815370158763006
0.05800210078090647
0.05236296517573808
0.12875744312825446
0.08834839255915554
0.18602457887476176
0.060694583630143274
0.04870103240567638
0.0966307828336296
2.3484328378768922e-09
0.24540000027746026
0.052479876020968916
0.08823982176333264
0.050259737210184736
0.057711924525355326
1.3854932336910707e-11
0.032349011994570936
0.02603433898625197
0.025429109467425968
0.062205089528502414
0.06726686137716205
0.0725744990670691
0.059763622272510586
0.20221970358057875
0.04651837224472289
0.28247596930578345
0.058417042151326676
0.058329396104189024
0.05810320644014212
0.057172971804737585
0.09324271642507832
0.048414866783482814
0.05483287357856114
0.033754080131727815
2.429276581996668e-09
0.014274827247678456
8.049203055791754e-09
0.1618342127478799
0.08099419003123645
0.2974267289919452
0.07056124428094282
0.05120226695487468
0.09396796823988196
0.02544017405975785
0.053782957412533236
3.8267936344270236e-11
0.05823267217423887
0.1234962388551738
0.025375505863047543
0.025396765402216085
0.02537722810204928
0.058926441341061626
0.08061305418432478
0.05644582594443402
0.026888352986562256
0.06669552660468972
0.058320581026403785
0.025395540503829202
4.654474623935516e-09
0.07771471866332777
0.025391205157732043
0.0765326312536663
0.058119517881136215
0.030869545610497193
0.058110882145020276
0.03789878099295513
0.058388887035297564
1.8073259225494451e-09
0.025376752669986454
0.02537648049729051
0.047589265754697116
8.732569319536121e-09
0.02539945782257191
0.20565204478823387
0.14944160729885078
0.16407553907837633
0.04553753309821392
0.11019218103630464
0.058223724130844985
0.04967873184435225
0.025378520170883524
0.025376236584366225
0.05747196353605364
0.12943213326800349
0.21820019739744853
0.20225369882750427
0.029683468745465288
9.784039602445026e-09
0.02128435067702553
0.02538431681827296
0.025352905960152442
0.05155471094929896
0.058320202918900464
0.1090338525135735
0.15723784904229393
0.06665721093916861
0.11582738143070015
0.08866878801188541
0.02584643031340424
2.5753365285378557e-09
0.20557915578035216
0.053652536842125814
0.05841346516438994
0.11093251371492784
0.07727352938954092
0.1939792128395588
0.03211570343534175
0.02540507294810256
0.04724146809645819
0.05429079219942829
0.06144814653456473
0.05829519347187534
0.0615745796019025
5.931436016205953e-09
0.08477460043215815
1.5902709952046858e-08
9.020401617608364e-09
0.26341305745203497
0.1879549336050331
0.0265826055454622
0.09244647151356353
0.09949013525394693
0.027183363282629245
0.10004218044674533
0.09211844065552947
0.2281037109948092
0.025376577545716192
0.12231168738259195
0.07692387700501391
0.024402222198821863
1.0427835585111164e-08
0.12322248005047888
0.052208905461373835
0.1048078574731268
0.025376205989901212
0.14391490252011765
0.07217705510628522
0.02682747909103651
0.025512399554263026
0.049829694866834286
0.02537008569864238
0.025500006146397268
0.06273381200726975
0.05098914934730578
0.15791176428568948
0.10566312727226933
0.026440675515417025
0.020278941660388714
0.1283901624664052
0.025377598764424344
0.025350751135175747
0.02537817875023483
0.07386284594996476
0.0656807312990405
8.858344910125959e-08
0.22288685648977336
0.1886159368881471
0.04906059781397532
0.029389828383680695
0.18786463324057304
0.1942511072908437
0.015749686761793415
0.02596416505843989
0.025375942972843055
0.026517168149296118
0.1017732556607111
0.05176505978204257
8.46740158173891e-08
0.025375952694915372
0.04422650900681682
0.025061963537753043
0.11271965645120187
0.07521416421199588
0.08298035196275894
0.20362700590344388
0.16973875144911796
0.1094747120309098
0.09215398060733153
0.05435222336752225
0.037966511691431296
0.020433055233701945
0.10775396654084704
0.06621759542725983
0.025376218344935177
0.07662635073022353
0.07048989013920355
0.24384989167660606
8.990366235487553e-08
0.0759095175613671
0.10069152690358067
0.07198214187015388
0.0253729110291325
0.02537593810461829
0.019816440503341824
0.11332569359665225
0.06131500763852056
0.02535297654971912
0.055288846391535584
0.022375804132381702
0.05612979366030483
0.12302460576989667
0.01960018889343617
0.07308156464398692
0.12494755298644708
0.09607501788055453
0.025486238340905232
0.025248019409916875
0.06359330244890399
0.09850574653600748
0.03551579800014512
0.2265099331309269
0.025609848388518184
0.0254272580611334
0.025375960784131905
0.025376076882152904
0.02537140671026633
0.035217963626448474
0.02926502317860178
0.09100038011888197
0.025375947060343382
0.053062402304547056
0.1064765141738467
0.1154495776201555
0.15949448572930486
0.05432267415761448
0.2158978974551848
0.3576775012548108
0.13313407675863714
0.11069774653039104
0.046367006713495015
0.423327072531092
0.08265553047471834
0.02538713038888984
0.17104429487803066
0.0949152297085342
5.550997241728325e-07
0.09696578234997608
0.2848349359341309
0.05255894535771463
0.0657530525437
0.02218476076565528
0.2868032335840699
0.2228082595283674
0.2598040375081662
0.0655955145120778
0.027659142426444367
0.09256377927184427
0.1195667469793886
0.055170255883435375
0.10074305307597033
0.2186727666913164
0.0414037416051331
0.029603267413673556
0.16026713076997096
0.025376296288733804
0.23994917484456
0.12757143739440838
0.3170868748586845
0.27823278518751715
0.05405422407726362
0.13134838748199915
0.02538220031724977
0.3814858136567776
0.04594918212465544
0.1062176824471674
0.2368532886822569
0.13432399650111296
0.07153279520661555
0.09664572516714284
0.3472683417730534
0.22074993703712464
0.1521951170339237
0.0505338085859056
0.4138773941806877
0.3039873633479869
0.3680274494442732
0.11071073653856316
0.01879160160010889
0.22481641093794275
0.08307777909456776
0.01496747415007711
0.13876349580539662
0.12000793091419955
0.026560381379363462
0.02537367714732904
0.2347166252525004
0.1097851258445865
0.10595194258224072
0.24480508062332815
0.4094465451011757
0.4158529340744667
0.1963503819080437
0.13512811304975902
0.026678293170633104
0.19382484603545547
0.08637242005245753
0.09209975462729303
0.12400836071530955
0.12070200982701346
0.08444382065464474
0.18221750391244906
0.06629938741025032
0.17194447307659327
0.08491914029982757
0.11552185021009473
0.3705416814524666
0.41428927298855145
0.4227530831482036
0.3599632949254798
0.23056818058483436
0.53517871567681
0.40588171343430185
0.2375446285635132
0.3993385890719164
0.17974470935055464
0.3570031903861858
0.2339923270401897
0.2206934428373392
0.18500112260010051
0.4342603438822532
0.11806202463016632
0.07088207801760935
0.3107943692537339
0.21414114042059634
0.16656214594633795
0.07140740245076177
0.23874892895709024
0.1613864822364615
0.05443373906672895
0.14443033522592336
0.1287869181023035
0.21074242002024102
0.06647554072695022
0.1415322453770332
0.1536635871330266
0.13037113493875896
0.11477455361520225
0.09551202121456112
0.1434158161876515
0.10857699703208297
0.13150312299268108
0.16667147988941436
0.41001333982017707
0.30787828322330923
0.12160025763966685
0.3105907955994886
0.09009021278120136
0.22417598891376464
0.3484042805870807
0.3354447409749961
0.08034776660867803
0.1308155218125577
0.009028202754328758
0.02316266711330035
0.21217599645758164
0.17586588127383487
0.13640969226014132
0.17235429758244575
0.4188881406802652
0.06722111094122457
0.028968410733488943
0.12629094387838866
0.3246421768545377
0.2542854619184269
0.05420481605292655
0.10985859638508154
0.17174690645873342
0.4348500653673103
0.11977225089101287
0.3286372534950809
0.5135350828824922
0.21654373332179733
0.10489337436369263
0.17337965803248515
0.07637686612564708
0.10452000580240413
0.09060325553968863
0.1762221373735365
0.010522824536479809
0.01439488376090599
0.11541312857900075
0.10319150514425314
0.14776364440008186
0.09256108699747112
0.08960615185330306
0.15970293788406914
0.2286808075534499
0.2324423332956705
0.3933650145247804
0.2904192800368033
0.2236124118255876
0.3901399551752375
0.2476030172568835
0.118890761769695
0.09580529726119773
0.3276080401341004
0.1388977735911665
0.22758767714872985
0.3071075346492814
0.18692463568721515
0.3335126092713672
0.4125593686483189
0.025375939793835282
0.4186074942662389
0.9950404238272264
0.4245871625926441
0.4256638792462749
0.028940043327688705
0.3158380928301997
0.3625227869390698
0.17867889734467968
0.012210444346943107
0.1333608420802286
0.07809007006693783
0.0435399432391205
0.11411159067890372
0.1658824623844361
0.1071302576056162
0.0375328217237991
0.12481279173731087
0.0483189385017294
0.15162471825945728
0.035217021523914316
0.1752320025110014
0.19577035072718146
0.06844895218228793
0.3503865511607289
0.31301504326995955
0.14004897911676206
0.10633338868410927
0.15023035599452786
0.1171428069342085
0.30466573936723185
0.10482377595155468
0.025254617453871663
0.07706891452886044
0.1750362857436822
0.3728465831618025
0.03448816011174835
0.03718187081638828
0.03326245579615655
0.1942068098937966
0.0752223767713034
0.2134241722169255
0.01733831104279609
0.12578871688989307
0.17909044397230914
0.19835650708543712
0.125070280375412
0.17176909424359268
0.025935104951414076
0.05532156057757544
0.10263190777355163
0.025375944992201097
0.1706877371976656
0.07201614204552585
0.0775499714993201
0.07300724831984205
0.08128757910719077
0.025352326900856748
0.07764234155784075
9.300139873485444e-09
0.15077579966980414
0.09042773130941767
0.07296341879564447
0.06814992097891155
0.0478967864601671
0.15121072025981502
0.17952486858344585
0.14139195547663988
0.13204055831825484
0.22344189756580649
0.0866475433501429
0.17822996009721448
0.3451631708862585
0.3122079488002636
0.4316239710598669
0.2249789970432212
0.03554786869503245
0.226668581323882
0.18895813540600365
0.07591494191728977
0.07903631164231079
0.16207374997726345
0.05382728182121101
8.934912748198114e-08
0.2674482724958944
0.14073534956838904
0.22224047613899556
0.2277513773500111
0.10346433334325253
0.3340501087385043
0.34552877229292683
0.06910186261777719
0.05117697348787405
0.9890879605084116
0.1070486874759576
0.15050202707414054
0.24119631711819026
0.37339983416834255
0.12863724219699652
0.1523283841416652
0.25310447174123063
0.3614553460023279
0.2812695057579637
0.2719134809673072
0.3308474615593144
0.19812619236280152
0.22688856021198345
0.2867303442572446
0.2562228949342479
0.013398679049113855
0.08299221234180179
0.2687258791523484
0.21387425730071066
0.04370081165415946
0.18379570666930384
0.07049681888033467
0.0495631015922278
0.1460025487444663
0.16515964100808625
0.2949563656759908
0.2585923986601577
0.4918494268746919
0.15784670211827595
0.17891070947448726
0.18460512526309594
0.14988138689507766
0.2149969337043673
0.32278852200609826
0.1683370998051982
0.1522569203909218
0.3057853557768136
0.21625392652109907
0.1861695181247497
0.048653547414991005
0.12230373243744737
0.33705338856072964
0.14525650982288835
0.08379969501586335
0.11429433728753716
0.025387571216142456
0.04086787325017092
0.3806870454682845
0.3068249684893722
0.3398451975909681
0.17356793847365398
0.21825818802602476
0.16031142129364873
0.4349459893448357
0.3955017780404488
0.09314531568736
0.21751727405573784
0.025375939948088
0.003786010758679434
0.003098317938743805
0.0011606040622128336
0.0045282292877572424
0.003022502563549575
0.004074346331178739
0.003124549445588949
0.0015491366350685724
0.002621846574510547
0.0028980974495364307
0.007565673364834694
0.003103531705907346
0.005391178327998902
0.0024182562480572103
0.004749603510443376
0.4898040384743095
0.3092530243932189
0.37272468860916974
0.2678656648548551
0.3332483807124378
0.10990282143302776
0.15713237737655086
0.7347459258355619
0.023625216683823204
0.07129907284460063
0.1522594674128448
0.061052506265769836
0.07422301101307349
0.2826750960155796
0.4490729093564966
0.19169989486424835
0.3878388342690781
0.4106561176232831
0.10254293946470372
0.12212082079464172
0.12017360880530807
0.04208119006581708
0.013167243019572427
0.050660275040933636
0.09121465529980344
0.026427974528758728
0.05369116625917174
0.08758601777302144
0.05333915135115968
0.026057340083891125
0.02545559628621676
0.12332506573512494
0.050524482141434235
0.07053258642981862
0.04823068427861701
0.16425241285126094
0.052666905305679836
0.0443854743877122
0.02537844342441865
0.0721540365690216
0.17458896820425954
0.0745631179507912
0.02537602347146461
0.050363011287880136
0.14032514958670678
0.049574845579518766
0.025396751469424127
0.05163264018698864
0.05478109114253621
0.1104199057124891
0.0455355919071333
0.07290759236369852
0.05408754538591564
0.08473643391770777
0.11736103583945698
0.07108161840529449
0.025407973098106117
0.0772454433610416
0.1132760412188001
0.02963969332638632
0.05838159962083937
0.042078778059773794
0.05134692027776826
0.027622387132001824
0.02537912642779679
0.11906645311864555
0.049715455236200884
0.025148305065507102
0.0766555848353447
0.025374998754069792
0.2216467401546431
0.0324061916157824
0.055030242762386536
0.052361156849223885
0.02627700382707468
0.04656448504028116
0.025418024460738414
0.03041603584454745
0.07799251010737566
0.02598633910206546
0.02538094015144914
0.14805687791296682
0.10817265786658152
0.1093580731991805
0.0757957682096827
0.09344373370477703
0.05117580888253703
0.02537608285100387
0.025358133956691262
2.1571273295503944e-06
0.04662108384391208
0.05136512239084802
0.025376552221096697
0.02458079418073368
0.11220836566272303
0.02545996529836476
0.02538859931599026
0.025377264368220628
0.0260804881452541
0.025376744960105897
0.025376216767436253
0.03191104152849866
0.031090873540193888
0.02538099399864608
0.11791930233402367
0.02506676330799141
0.025698980779996453
0.0600902146257284
0.05372064260440936
0.06462424104039717
0.026807316995141568
0.025389450286548574
0.033580438210450536
0.025377519137507264
0.046156888450619306
0.025370714397136517
0.025369663809506855
0.025383728981091317
0.025376107026046226
0.01782646282898191
0.025570886367305427
0.05821972895465464
0.025378929491616062
0.02537603200815622
2.1909085829247727e-07
0.02537603054748449
0.0253759520964532
0.05745632233605174
5.008770665613379e-07
0.058221085397661465
0.025376089263726708
0.02537586553786591
0.02537628245834477
0.02537597517878517
0.025189482619206057
0.025411604284996944
0.032973144110469886
0.025543785616647385
0.025491588372187464
0.025375950543221483
0.02537691012188705
0.025369780806210083
0.02045742474665471
0.02537623206063384
0.026488152032379045
0.13274539842097852
0.02537739767599016
2.689142198076057e-07
0.025376996065529917
0.05141767181112426
0.02539699525818664
0.02543523008715062
0.058074759345519214
0.1049784925602007
0.024957385859833682
0.026764707320014985
8.279942478788192e-07
0.0582184580795088
0.025376150953804282
0.05821798489288006
1.6874887208761908e-07
0.03916418171495032
4.6256374797775143e-07
0.05847008724322322
0.025375940209813045
0.02537706309874577
0.025378716823270968
0.025389368234470702
0.02538148303954488
0.14124154076800502
0.02540408585104396
0.0514756959371547
0.2481068359298647
0.0912302056485173
0.0612441305330179
0.02537657938640624
0.050961520290418914
0.02524764310586453
0.05809524284625594
0.0725805552012808
0.025381541265545263
0.054978684351938326
0.0253774414488788
0.1859685036967849
0.08123712924033183
0.025377487224574148
0.025403569515736028
0.1052880064224496
0.025376138501583687
0.09775067386107003
0.02536335729169776
0.055006820807378634
0.025309221023783114
0.05306287480550609
2.1909085829247727e-07
0.02672369243680369
0.02538655914413631
0.02938960617319732
0.05821601470230722
0.08824532403654202
0.02538534671481212
0.026420033579439048
0.02537599818956052
0.04980695010115625
0.03413076191346489
0.07775173499680672
0.026975006650586216
0.0761934486066247
0.16702492447092884
0.11034296494132999
0.025376363331929715
0.01996966192016867
0.0831713157664655
0.02537722784186225
0.02533854474321041
0.028977131424461063
0.03325769969483158
0.0253776425678938
0.025385365682209476
0.14737930745435365
0.08176179279943853
0.0248043719723345
0.05961013267580996
0.025378778007665317
0.02540079538867784
0.02539406761067295
0.058188430490355374
0.02705486788602024
0.02537617273883846
0.02542034686987515
0.02554551970033577
0.025401100962685608
0.07343557943308884
0.11862820685956553
0.11538409500519507
0.2470751184948225
0.02539179147410309
0.16985956627568286
0.026407227196389497
0.04690960053893473
0.10652971969946337
0.13408941145071254
0.031402521071424064
0.025481206799846896
0.12086328417373735
0.02621162389405384
0.02537599972387981
0.12560316135862767
0.02738717800926567
0.04982776105021198
0.02575707858395566
0.05573560363137362
0.06570068138412685
0.0253740868685692
0.16827721308987525
0.1790780337306586
0.025374359682422624
0.02547256403331844
0.02617842168899337
0.03969238619505396
2.3154255893399306e-07
0.025377557052413652
0.02537774868125197
0.02537645202160883
4.939229060520485e-07
0.02537594786949416
0.043363887863285315
0.025469274921530328
0.025553318120592413
0.08949144105475469
0.03867395229050233
0.10397118444321002
0.02539372191857464
0.04251455575487438
0.06242105475839683
0.06082752532322468
0.025377954522631942
0.02537622899781272
0.02547515152292029
0.05186614071385997
0.05864720722150357
1.8941051726595783e-06
0.025566301460867042
0.05822595089180566
0.05775396365478815
0.025375759195828674
0.025380226672532136
0.025376289653274302
0.0632027246901447
0.05825526260849189
0.0253758166087959
0.058219070990923986
0.02537767232039068
0.025381319616774745
2.1909085829247727e-07
0.025364037583668557
0.02553995247566379
0.05823539000754975
5.341133124386661e-08
0.025386120227504
0.0253761410978154
1.1810552633481164e-06
0.025388686782393283
0.025384686261604558
0.026024939871707408
0.08708979840699428
0.02538327304074437
0.02567279886513909
0.025396641185330943
0.025374798691380887
0.048066101053263977
0.02537600868787233
0.025376024441451383
0.025381741508109224
1.1811992854266734e-06
0.025425829718240457
0.025376022341726385
0.056897519739307865
0.03316057766256373
0.02537597024869464
0.026012779380202636
0.02492676068558543
0.025422078039733717
0.026752732545540853
0.025376204381805108
0.02537601056782229
0.025479275643573003
0.0266231530912222
0.02537762195168651
0.025345163469706854
0.0720593708710729
0.02542028568699889
0.025376699497758656
0.05025548558707413
0.028230254897000814
0.03446417539096988
0.025376114319274813
0.058231133587734976
0.12305463451369585
0.02537367351533457
0.07603636769718213
0.02537619276707264
0.05815895404334905
2.1909085829247727e-07
0.02537600804051229
0.02538175251043104
2.3360099734473645e-06
2.7750876020907743e-07
0.025394427524051928
0.025376004591315195
1.181018211922977e-06
0.02537113305821797
0.05211848652057771
0.02550237832041965
0.025376532415135416
0.025378441977953557
1.837596137332433e-06
0.03404400337590194
0.15841352359979088
0.0253880176451648
5.6377796898374115e-06
0.025371967292260333
1.5941393043746e-07
6.866653711658539e-06
0.027898308240165773
0.025347046004457956
1.1978251938144893e-05
0.025812615560684912
0.010077444128171348
4.537285872300189e-06
7.049321869427387e-06
0.02585487355752984
0.12781387175204434
0.05666645840289501
0.11165843595666716
0.2477219437747741
0.10268033656934472
0.16219739820831286
0.18958269559556085
0.3361005708805057
3.0995093939218825e-06
0.14502829821730953
0.17656522047754053
0.118589918803334
0.010234165156652144
0.1719665902193186
0.14083784624113127
0.17215895597000674
0.07750541974621071
2.4657610859355152e-06
0.17209923433958915
0.19786550785712945
0.12605265448083955
0.28307409588843324
0.1712596148335974
0.32478687311950377
0.02538288667261541
6.085415241525189e-07
1.5764681272533394e-07
6.905609755372126e-06
0.025376954147165127
0.025376969217588183
3.843923869203e-06
0.025385099833417416
0.010031691361760528
0.058237751394341425
0.025376440622888786
0.010105044365092769
0.0908629791505089
0.08886248371876994
0.17214871956898467
0.17551909264084226
0.0950834575897344
0.027988896186377944
0.02556853965835149
1.5670931447224856e-07
0.16958477653298332
6.588300572801875e-07
2.449198195691418e-05
6.97010100185546e-07
0.025661446216643926
0.014842592356819229
2.96026927776446e-07
0.025388539437066482
5.9976887321463575e-06
8.189216306604034e-07
0.025377063776761737
0.09153130523551413
0.09650603763894892
0.09716112464478946
0.1413320630265677
0.10515118553968708
0.025512699498022914
0.09902228781995577
0.07505136845530593
0.019025298621331233
2.1177312881180803e-06
0.04155716987453095
0.2911052070793932
0.025447418319010182
0.028948867064840962
0.4344363506459569
0.025333696310228918
0.18845382732559812
0.14332131763496844
0.1688591086214369
0.05026108134866513
0.02547028979268451
0.1169400306624494
0.1810084357646708
0.06585315823427729
0.02541397591166686
1.6212264371283673e-07
6.390147625379833e-06
0.02612001118792764
0.02537791725500358
0.017721303271289863
0.0253990367280492
0.025391103134363737
4.444161292217318e-06
7.267134165040743e-06
0.07819000137109311
0.07354428770549118
0.08652327152852593
0.028795725335184014
0.17340839518804507
0.10267243840254067
0.039982733781098935
0.0255129327840607
0.2362244645916824
6.290206268510272e-06
3.6017376416719604e-06
1.0021951711686407e-06
1.5341838365548695e-07
6.832053382630688e-06
0.044968511360504664
0.02537699288557831
7.205069643806592e-06
0.025376461992797646
5.779952121808719e-06
5.007478102228406e-06
0.09593236739591686
0.05839577099948205
0.03756993806292132
0.05291015886945282
0.12278681786803615
0.1297705928881214
0.03859093180385144
0.07082245351966121
0.03737055080178131
0.10721865201194032
7.420346030085118e-06
0.06803326414011263
0.17081271391605116
0.06525978425703799
0.0986728073699647
0.10466722632530494
3.594970683323394e-06
0.3301544375876954
0.07209437346303085
0.3044473432599921
0.14547281990687475
0.025420977820110803
0.08243865243290542
0.02537519841728628
2.041704743845545e-09
0.12163495533442975
0.00987101141140592
0.12949738574065392
0.22316227136459169
0.06558778520312084
0.16479523224746268
0.12485902283093793
0.1619591731533809
0.4305648088523343
0.2379167032823021
0.17651041965905154
0.2525827976865381
0.1288668408241844
0.09862610028546832
0.046314690182312185
0.04673627783432642
0.06071067384833553
0.025322752526517157
0.12805461335273172
0.1543193394437883
0.2193552853663493
0.2201260834265484
0.04310502768586008
0.11142876775999253
0.19367279267955487
0.4221198586721145
0.21920116125877745
0.274951218690731
0.27790020126564635
0.4155695107253384
0.4353176126922556
0.27260995450210657
0.8106167694106478
0.14817892477203468
0.07740950799040286
0.16548484970230676
0.12583854571989772
0.4320180410810227
0.14455294476535066
0.4307139418027978
0.12353949003775047
0.3077982633469705
0.211408378641792
0.08269403488253389
0.17700901561901675
0.025384090550219212
0.16102753885853166
0.02559116380862633
0.2553912692100115
0.025318276767026075
0.2269181702495132
0.26485288108300364
0.2417175104615768
0.2399882318915767
0.24854616598050575
0.2094950277036201
0.15702412591044784
0.4305123675426913
0.29550443879155786
0.27539084079383536
0.32069378594984344
0.3485904114729423
0.21184356162479992
0.13625368495636747
0.15969492992256848
0.14700995411096418
0.2226200958762906
0.2616828353125837
0.20733731859242752
0.0238814315166918
0.10150071985284592
0.04809387770273167
0.08063866104175514
0.13971718570231526
0.1749739040671973
0.0253237947047562
0.33383401216363306
0.028294447392799817
0.025376725636125832
0.056277103966356816
2.7151281292508323e-07
0.06688817703136768
0.13496414921532054
0.06808867178925804
0.08058840783946118
0.05232938135143303
0.26698689463319875
0.211611145089988
0.2570713728526246
0.10611814147105678
0.07667680053454724
0.3552067027054212
0.1320365702665372
0.11131549502565947
0.14433201216812855
0.05181037877625917
0.06894470005368201
0.02537602921588396
0.02586904315130824
2.1111557066457083e-09
0.025373524363101124
0.1404738219112999
0.2745001984811072
0.052288561205889116
0.13211213880356362
0.07203918033751024
0.0702697168661581
0.02461440948876279
0.10754332106790222
0.02539393470689204
0.2573445514820729
0.12922769626538824
0.37332286829152217
0.3609335226580518
0.04816179727025074
0.03714017547671124
0.2430176757963281
0.028848444475895758
0.1471025650213678
0.1931851413986581
0.4054259185724067
0.19583841141450845
0.12295206016245196
0.07138114512210425
0.20290309007139032
0.05331246105829792
0.032803845517481875
0.02522108652566337
1.240632126268507e-07
0.0870208487533041
8.747666182963117e-08
0.0253727833885975
0.02244732253611373
0.26049414726064163
0.07504858613912277
0.052749395270478304
0.2434889762538073
0.091747695518739
0.025396220175403456
0.0411157690222521
0.02537608098994226
0.07336675549321188
0.22100123607867572
0.13809291838423726
0.20857063781813068
0.4027431015386293
0.12264747860619275
0.143834947300234
0.13357665456706205
3.6244954068234244e-11
0.17847585480992248
0.025380282658101445
1.2738643499922596e-07
0.056496128173393285
0.059755581157355
0.10319250976169862
0.025387313849476
0.025403446506006296
0.12457047876252896
0.17718501297408346
0.23499784682066796
0.30537301494319563
0.2632361725995649
0.2547786266780968
0.005515944520644979
0.3186692506578801
0.15550083839076126
0.1228546764187703
0.025372314419678608
0.1759199604225469
0.025789786689751786
0.023498859337792503
0.07294546439554138
0.025371081349376573
0.025376058740090118
0.04793981606585676
0.030739220054654362
0.013471799090118338
0.27851919447446666
0.4259051801085691
0.1712362258434569
0.09317631231985696
0.17700776255554385
0.13862708001584545
0.025377090614219732
0.02533933911712796
0.025504987992081448
1.44299027716464e-09
1.777818469062291e-08
2.5097936019895594e-09
0.07571214891898657
0.14647773762931393
0.10957240754780503
0.03606724389915771
0.1163414362451253
0.16440871949052355
0.1748342374430671
0.19141058376990752
0.08198260238243538
0.025468992046540816
0.01418788480169131
0.005529973786274178
0.04657288619389775
0.026946442269769416
0.02545209344174391
0.10036983273523524
0.0918921341855458
0.11845177010044053
0.1033140198856784
0.17996991338352109
0.025367174086371347
0.07421285532287279
0.14924967932538927
0.18150938420527893
0.025293832176253788
0.02537658875489844
1.1430769719428793e-06
1.1653294366200445e-05
2.4527637859092143e-06
0.010027805127400835
0.048279564268692496
0.015018319603912162
0.025380717074251977
0.01482848484558981
0.0122578404869973
4.757771926122634e-06
0.021856659109650824
0.0441858346093207
0.1723305137001674
0.17036299588229353
0.034181410441881215
0.08713109691417285
0.1604593194991826
0.1066534408138186
0.022064296398126352
0.16683142493563716
0.15797651021960946
0.02969462885063992
0.07042241444341417
0.17221592151733614
0.11786819786395625
0.03753446584649743
0.17007230646150487
0.04522018305047157
0.1082509221676712
0.0741914425069569
0.032992045186734015
0.10907101020683617
0.13625539757844374
0.04344085192845455
0.12489954155500295
0.024506976577207504
0.056545313577667226
2.3735758586312712e-05
0.012763837506255534
0.16790015957616228
5.7218366056180085e-06
0.07195644130797463
0.03319133705372202
0.010070051533414105
1.4511665114490158e-05
0.025370126519542832
0.04152110175390866
0.02537625718501389
0.025011857444391127
0.013219547878905724
0.01015531504930985
0.04751473743429309
1.2393932409981273e-05
0.012073781006135686
0.025390710700592758
0.245049475787793
1.573366991048108e-05
0.010541111657404184
0.10989069545354012
0.053121360221426335
1.5163400668584131e-06
0.0686622410404627
0.16914378464968066
0.12372779971343667
0.10245231830441692
0.1202915345964079
0.17218932445326302
0.11119735882529608
0.014931451034628253
0.011510132613768544
0.08936140260780143
0.15760865289739545
0.018939110135210987
0.019326144165809567
0.3403447798033816
0.12537202170340195
2.4041003420563172e-05
0.16346755986668893
0.3198929385024089
2.4768182346773803e-05
0.02615882627213389
0.0705556586791619
0.12789356624442522
2.9310770218538226e-05
0.023631564602657862
0.02535408501720637
0.0982687072893432
2.099027478043655e-06
0.07310405663066609
0.0949712865619064
4.7556043714000147e-07
0.025763884552298152
9.98021946440224e-06
8.517861393250096e-08
2.121892427443808e-06
0.015108251322119275
1.879494575167118e-06
0.06604135813959297
0.09561972386352297
0.03454045851281857
0.08883253399575243
0.1722014570727823
0.1395260500121456
0.09566222816989148
0.025657531990990672
0.02537996172192571
0.0790997011238706
1.570128625535981e-05
0.08111331605911377
0.02954618004416968
0.024485556002103198
0.09844268606579416
0.048608142759108415
0.025390210757538115
0.061424829353335535
0.40880731168976536
0.0854831448473142
0.07712705807817194
0.4229373540742185
0.09513405450975644
0.16083669113886154
0.29525121501761475
0.02256344139640553
0.14629076523181306
0.42908110318290144
0.17597580061274054
0.12927384782569382
0.03537951641527106
0.061751272813154665
0.04841746970011265
2.6890968512069933e-05
0.09135789272909026
0.3619688829729417
0.025386672928739182
4.4643247647884206e-07
0.08153027182480906
0.106484422588817
1.3936671589409046e-05
0.025404493431479228
0.1683454171270496
0.010784619848915872
8.517861393250096e-08
0.017502959236071897
0.06591627361803297
0.04880085700808517
3.9871901368300045e-06
0.032792377995141696
0.025526957362000603
0.05170269977790107
1.1062841005909433e-05
1.996643781763808e-06
0.2504098049919721
0.15738998201046553
2.3275124960157817e-06
0.1708034650229967
0.15075671676803912
0.27785790410832456
0.10526443248085578
0.06670185325311613
0.16891231184368227
0.025387895645069776
0.025323345993373037
0.014767481230549037
0.3074636394581406
0.07302610276131102
0.041033956547489835
0.023023592807668528
0.09199681529275874
0.020967262757826618
0.02549295138748726
0.01949021237603805
0.06785671498895883
0.02537755749554159
0.025311778060333
0.022895635168257808
0.08273945357428246
0.025364694356145624
0.02574821440150132
9.645704466290808e-07
0.02907447562440152
0.025373828453539013
0.025362413972941547
0.07926475760390314
0.018843534957471927
0.02537655621500886
0.02606356312857161
0.0695130664090902
0.015075907661715697
0.058752549986663384
0.20768240223789214
0.11551869787639127
0.1716873183729899
0.1736258211925475
0.3763709266791552
0.13504325279682347
0.3857516876938379
0.1477388098115952
0.17221842453745273
0.17218707502874034
0.09181202400908316
0.03504922413318082
0.1721903026786153
0.2239588430162056
0.06354830456593077
0.2515410516675687
0.06834568435527935
0.17250274336254898
0.016902067093533295
2.726298870410067e-05
0.3066876949104685
0.09692776196523548
0.02537820079476939
0.03207859210442866
0.025102330999340814
0.025427827541882587
2.5677294322172535e-05
0.00818061849248667
0.07541101533360882
0.02537622816822181
0.08295265208921837
0.02537612534173133
0.0440407075312791
0.0253911906342207
0.018333500161467117
0.02543832396729201
0.025376238897191403
0.034890661588208936
0.02537636557751273
0.036513229476875415
0.03220563886549107
0.012282382722138434
0.025376352808982528
0.08877305452925628
0.07321674776853862
0.019243395705794662
0.01343791793031252
0.06736179919121561
0.016061332969201345
0.03763296169610095
0.09223326045266247
0.2558041213386187
0.1144358051322488
0.025375127472891487
0.2493244706515147
0.14815491501543107
1.861017376173554e-09
0.02537847316663704
0.04377976409617455
0.1891185053455076
0.14043922102137185
0.2968682185123327
0.1816496739458592
0.15672799773162766
0.3678592191972757
0.3008632757537145
0.31511002127265564
0.33457196881174944
0.13745217178559774
0.1543471114217063
0.07328309439307892
0.11500667233629312
0.025681909875560925
3.5585439080963425e-09
1.9005645357711167e-09
0.1620541897908176
0.07818304749154313
0.11694347161227875
0.051175061310095284
0.34721455493499703
0.008874752243108781
0.16256365527557576
0.18566569087032414
0.35842181354338165
0.28822152224720593
0.02618245499043195
0.2463122251319177
3.81669655737223e-10
0.19998705482428628
0.1212549352553656
0.2160610404240038
0.2547691558941453
0.19527428088319398
0.17420707984219694
0.43505398631339737
0.2591447286378067
0.1331384664223549
0.08227056796573284
0.14052411907712328
0.13950054360289932
0.16517305254206452
0.07433075854874953
0.033340064481889205
0.044051069628432506
0.08857501783996187
0.2955408904311394
0.11759166787423367
0.07775136616902932
0.10277044097422368
0.114932326602169
0.17190693926475084
0.2343816640458272
0.02539605169874796
2.0984199785693804e-11
0.344021895385104
0.2670268757285517
0.02534408980986554
0.06987733138626122
0.025376033805460232
0.20629481145381592
0.025582348784752174
0.20844940635362025
0.3111334200390021
0.1777684641837381
0.3178521980957041
0.32696958191812314
0.3185129645353785
0.1186533853517394
0.1410352528801777
0.07539902182598658
0.09818228531677857
0.07633159837705063
7.458291766554722e-08
1.873847810767464e-09
0.2741062799902685
0.02601217180082494
0.02541748228994389
0.03049137740083512
0.07269181322190965
7.359835278069596e-08
0.4262416930328927
0.053412873395369716
0.02501155192960243
0.1598410865409474
0.1861949679740366
0.1013349857454136
0.02538549233380125
0.013978901355951845
0.07711407362299638
0.11269933107788313
0.06876072058707
0.15916910715328175
0.18198161462386803
0.2074907793620549
0.34952437141076004
0.2590148115049857
0.4299870568746365
0.1953120647827928
0.13645667857321195
0.052882561104764914
0.07707303543047654
0.02537594003292189
0.07570545172666787
0.07799592821992404
0.025375940276012025
1.9749619336091086e-09
0.1447501375447068
0.09914276365349367
0.07094836415320416
0.0946572018445188
0.1401372941197089
0.01911716051066456
0.1993684543033608
0.10330492114826433
0.020735228710762558
0.34017929343156483
0.024523367302367892
0.030818770022301774
0.07871004940728736
1.9837041413659754e-09
0.12197438639097635
0.061673459547811275
0.20635361609857789
0.23987641130638504
0.08466848301800764
0.15185883977627576
0.27353220138733114
0.20779453689345465
0.3272300832065014
0.06851337377524354
0.12844168560881605
0.07719874915476996
0.08174217231616995
0.04845924606413913
0.02537585859168686
2.082330270612565e-09
0.2060673591181532
0.10575243704708162
0.09961629566760116
0.06846533133320537
0.1537896395717345
0.06378393644165672
0.07562070570069727
0.02537601731479787
0.02534270168696167
0.15696053290845596
0.06929871018807213
0.056334768220007325
0.07103367264657186
1.3924085736580296e-07
0.08998858659688115
0.11657059809020508
0.08835630534237199
0.13822028105465867
0.15901670901963114
0.1479040423659269
0.2700986509708396
0.0958254326157323
0.11170375141285846
0.053776886791860205
0.11833486205686256
0.090608790061915
0.13816999513245487
0.03245208370433141
4.683687048941899e-09
0.025375713187630086
0.025375962188271782
0.0829701323056781
0.13390253113932366
0.02537766123866221
0.14758153925148307
0.01679081841175861
0.22086559134617453
0.07645061145195946
0.025375939793736563
0.08774661223316667
0.1208860307049789
0.025401080946356833
0.1040832846253848
7.421981297533552e-08
0.2069813834271554
0.11868364508622435
0.17802640233962275
0.2427394065193912
0.06549673754373561
0.20238624432591967
0.05862471148535847
0.07830706043105523
0.02551849218679499
0.07874328216618916
0.13733103771048935
0.17940549804511635
0.046498359737827434
0.1159089117015741
0.0514155532233314
0.02537203845061453
0.21135130246086925
0.3439390162266755
0.1489710965686753
0.025362690537610692
0.1293840856291933
0.025375832539247037
0.0763253783746077
0.19930999738811456
0.17537098891975045
0.0856150096804643
0.2441333013968573
0.25988372355171524
0.24746852449046045
0.10996246511310992
0.2502030019941159
0.19149301975990807
0.0349056454938966
0.10538386836539357
0.3099754805144774
0.06403756298511876
0.19759124963182967
0.02538448113690716
0.38524913674585615
0.18350861282880046
0.03881204189501769
0.20371315953274224
0.4135355484456471
0.04679088480590466
0.3012000548942835
0.1785096287883845
0.3616056555846729
0.22234146138454386
0.061511299436371736
0.1337703090424336
0.3181735348635881
0.12850190017486593
0.21303803945522687
0.4046187483547514
0.2323067918572111
0.08404071672467359
0.24087951471149496
0.2314616285765516
0.2388662058931373
0.1575042468256615
0.2065783876419243
0.2059354765702264
0.3263900260957437
0.256395146206692
0.09121542599552797
0.2193564796498663
0.1600079771614626
0.2811586755283985
0.15857152144779035
0.3506255476039037
0.11343720871522765
0.07366374835712998
0.17097548158535342
0.3769566957268412
0.2498415926612853
0.012523503562099863
0.1726868501868989
0.2083565747495744
0.04311523209887288
0.08721551739480335
0.09532560648020028
0.07124105831622961
0.09338353831916747
2.134821848578936e-09
0.12237630510459463
0.07432767433509256
0.02537594093741689
0.1735639900908392
0.1483989772581928
0.11888797019279948
0.2360103301185665
0.16395453219556802
0.054957651981636185
0.17016408719485002
0.11133467752938757
0.14723196031206118
0.16034661657681107
0.2916608606490068
0.14650020384210707
0.2280285001029819
0.2717041360115913
0.1899923366375817
0.13856063809585994
0.2598923986849312
0.1413367403877894
0.1024944823135848
0.11210722179056146
0.08433110918520646
0.13636392697919367
0.13631683537725914
0.06636497343824875
0.1528862678550471
0.10336843315008178
0.04525996377621062
0.22613916999669065
0.019099167886680767
0.02624125658057536
0.11281413864481432
0.19539746370228692
0.025375992718074912
0.22426289475340916
0.08572213991924861
0.21394659771295566
0.02537562429100613
0.13801020785009674
0.06056422228803598
0.3544299650151456
0.07773022913508291
0.313341269665607
0.3076163353106017
0.08852342454123935
0.049777207464943296
0.2374066142233589
0.26216128975576264
0.0527762157788396
0.11195945460532307
0.23264842994997784
0.09246718514950868
0.3217182006549782
0.27446843180704505
0.08765259726426683
0.25085835673921203
0.39550385407947203
0.16992142002787744
0.06761433794779377
0.07232214225349924
0.3900388059155345
0.2528179440891967
0.19820838013645808
0.3939357089700793
0.13331853976416536
0.3367403556314658
0.2388921483975365
0.2558525689616685
0.43256959616984025
0.2723031119938933
0.2985601687194088
0.17999644189986627
0.0963132955698266
0.12901157553162912
0.18849785159755103
0.3222844284126614
0.1174864409610912
0.1895456727862612
0.221261562926383
0.13927902457166236
0.08416379429767111
0.21973470791054106
0.1448048988285264
0.03448758297039235
0.07313428346429644
0.1491174731487381
0.0801826449526415
0.025371431551484417
0.10359029782622907
0.14900598572049614
0.13283354249461254
0.07120478155950419
0.27995193130190005
0.3608411230377577
0.1109242945816696
0.35299260319177
0.1264859984415428
0.20386168107646188
0.2633409497126397
0.3196259361937424
0.26769797875719353
0.11168356826883558
0.1250051360345449
0.36341030820860176
0.25256925921612955
0.22710269222252605
0.02734040162974989
0.16419133002093392
0.12596002482568172
0.20746223558263072
0.19515618393010334
0.1752949008512841
0.16274957636933904
0.2832161033390924
0.1309143068521751
0.2377431844494576
0.1498729543948143
0.3371856535528553
0.1998454243428608
0.16174195431134228
0.02537391558301795
0.10159957992355192
0.16549435573799756
0.02537848363772509
0.025375940186981583
0.1604333200095329
0.21614246710226026
0.14108812175073285
0.08044185088761913
0.21006721147083784
0.025378540868203417
0.0253784494854118
0.11456438311091514
0.24750798311215802
0.2603223226874671
0.1549942130250949
0.4177960473261816
0.2658967024152592
0.242545326291214
0.2796533124824407
0.16293331074614356
0.270111982530474
0.3495631781737328
0.2134414908632211
0.11946317711820972
0.2417672260717974
0.2903187074635642
0.2770767994368821
0.3479594016735952
0.28529948463834404
0.22357412112617925
0.3090858634349157
0.16982133947809416
0.2278607981907747
0.3627767986495633
0.42627007851840176
0.2283455261488391
0.12120910812790035
0.12100170986432195
0.25418575005738864
0.19267487211227047
0.27898767266072416
0.16675908537231485
0.30895334395463003
0.4272488904042479
0.025375946031307956
0.06780330015006572
0.33325124671759443
0.33570533919915746
0.21494221687291493
0.2715840505012661
0.3002441917480795
0.07507880940275435
0.13220771144729926
0.4334078592649348
0.2422648044708068
0.410996337903784
0.1988822388334904
0.20462204819147548
0.045165676086987835
0.07252364232698329
0.05751127093658369
0.15428486964706076
0.07929686679649643
0.09864556699903608
0.0257574283432955
0.05271331494888652
0.20096109545552626
0.0264326960288342
5.227985313986043e-09
0.051065287386457686
0.06697320219100819
0.04964437790622056
0.02537579443499726
0.12312728056542027
0.050184709973650835
0.048803909812693336
0.05390516950291328
0.05192221816235836
0.1323155123314779
0.2707977174672121
0.07090072002068314
0.11435872677217647
0.10572804659789496
0.017117884918946245
0.029611181818279805
0.025449377475927328
0.05174754362974896
0.12799257634491473
0.06965097481322861
0.050790117217694136
0.12645573654463868
0.06259700742391347
0.025377130435235214
0.09044135295904114
0.044934798579022786
0.02544125513570726
0.19884770330913468
0.09729999033340248
0.061304107753023626
0.07461116985546813
0.02509119050529738
0.0772745782230119
0.08733615268619745
0.059201540746905874
0.0201674016642058
0.027147998297892124
0.04123069880859985
0.03646568998869335
0.06854557081011954
5.53526908960127e-10
0.05062608265415214
0.08007837460171602
0.07263861631006481
0.07877403725484479
0.02543131128348636
0.00349926312147497
5.966218768892815e-10
0.10289597745978812
0.0518224544064888
0.051896050835141705
0.0525101690129107
0.025375976927143048
0.020434678444508973
0.025084618541682563
0.1223686626467136
0.11895959801438233
0.06056056139206727
0.30954508118120083
0.3007833649971231
0.030272123387502136
0.025368717323663057
0.1103080361275459
0.12400490757198256
0.3067280207439763
0.02536532443723304
0.16024143100595425
0.025986042956996625
0.02531603375887594
0.02543833902729103
0.02542699042477383
0.1446941368405186
0.05589366778328754
0.17727946273959255
0.02535751226761759
0.012844648731369892
0.02538699620170559
0.20557234436105368
0.024707395989657682
0.03672425662984179
0.024804584478889363
0.025379234504428968
0.02537936223198091
0.10205409912319488
0.07524990593165085
0.026459976770991718
0.05004539307345774
0.025421503616509432
0.02535239090455516
0.06815592313298419
0.16488498876070984
0.08634003956329496
0.02568259992376249
0.050722277179532836
0.014604339247076584
0.04382831281000964
0.02586908418654103
0.05652581459290147
0.050347797699160236
0.16540796996892249
0.15001381662162522
0.0726018625281997
0.1507387184232251
0.12826285782993924
0.1866291014630409
0.2014656713939796
0.1561555357985594
0.07949836183169294
0.09040721816905084
0.025391773431665883
0.050035251609593066
0.025367129331895874
0.025431800824764997
0.05588323001986799
0.11517387622877015
0.1811412415132697
0.09451739523335684
0.2118132846252966
0.41036873064093055
0.328287569707318
0.4350080408233307
0.2143747941543993
0.2778763070998737
0.13425778029169488
0.17648568884931928
0.1055869461270257
0.12863783218740008
0.07615881056579138
0.08158471849968152
0.043263409120247134
0.061406807712636124
0.026775491935360052
0.02813251866125328
0.026847156065739137
0.08189705151461399
0.0779920742676727
0.0253758487900886
0.07244781307388992
0.06623612283940994
0.07239320087327525
0.15756072048030675
0.2508220684150843
0.19977300069496745
0.1300028514743122
0.07361038545518125
0.05884577433516284
0.11188719197874837
0.1052709666498197
0.08662141427317692
0.04784906762089048
0.028273926214408256
0.3925216158633292
0.33495489533196515
0.3364861615355042
0.19313267139811674
0.17820231848195142
0.19891919932067856
0.07282107636759245
0.06426798793306361
0.0300404485409212
0.15930807705107386
0.025443694580788347
0.14968871324141378
0.10891379435922947
0.17269749237815715
0.1135444639027294
0.19428926507361705
0.26873506344821657
0.12092359850299465
0.1459968849618048
0.197365795782328
0.1334191155989582
0.07565627718796866
0.07227047127082596
0.13972017742365636
0.050677904431230734
0.026589543535743863
0.025396462180772485
0.02650455031738304
0.05095405391275893
0.05310700392188065
0.08272346665242201
0.025369372867256733
0.1208332525952979
0.02241452999778416
0.1797956262952631
0.12707455528603015
0.15263725781631907
0.14128184919082054
0.22984527483358186
0.22112186316137392
0.4289192004842951
0.3569573574212863
0.2890099350541692
0.41969421991806105
0.30016943750736563
0.2338648952947339
0.15580173658856794
0.15172689005482592
0.15372668061146152
0.1590195387113841
0.12679437145630085
0.10026259080944226
0.14166788163554428
0.025577583688379844
0.12566726643761236
0.025394645768138224
0.07036637965350441
0.10539284435178263
0.07174078609340831
0.06413223319539428
0.025380314484217497
0.1276249226455986
0.2982907037301719
5.12380562442395e-09
0.2179433624077822
0.025376024038800408
0.015381645682913472
0.03594265900141005
0.025064522091605656
2.14841485271837e-09
0.07176722280887958
6.745477474800777e-10
0.08526416031880789
0.07385809250261056
0.2001910720825748
0.30643113459783444
0.1294081130708504
0.025372839577503657
0.08887928249824295
0.027054767980110972
0.09184790930936301
3.306748198542722e-06
0.09796446750393747
0.09994253736168812
0.05840352147665195
6.1859524783617e-07
0.09838883076629493
0.09797426413469752
0.025512486992474184
0.02797681232004171
0.05493219439079837
0.0916169186746284
0.19320742154727424
0.16111357786709218
0.07212580218179916
0.12962216013255465
0.21758580669809455
0.1430351955720015
0.06700370898918366
0.04169894274077607
0.19618090206048205
0.025446032937889544
0.025103462250951985
0.02538726953622222
0.08389623108670936
0.052238339968053916
1.5080681865180566e-05
0.02931809522928996
0.028071011466209755
0.0767574793331964
0.058524900438146135
0.025360999631872064
0.11932755159305435
0.025815044055658064
0.1977964618839516
0.1722593005271618
0.06823478804953549
0.025376059606139312
0.26329993431820703
0.3035474038537476
0.058934116642320226
0.2120656754467055
0.11642075340370946
0.02541467797542729
0.10105482313651128
0.025386893697997664
0.02537642392419582
0.10282355659996437
0.047887299383607064
0.08375192601443335
6.533509135541747e-07
0.2384218309394455
0.05730691014415745
0.09583048765139268
0.2274041625164456
0.09605944409776193
0.025384501315032757
0.20213214228178966
0.053446940594919466
0.07266667346166572
0.02526133478599329
0.15063751640027292
0.05432392104798312
0.06860878309999481
0.025386283416925743
0.05444684579417548
0.13248530394860913
3.3828983385220695e-05
0.054406289113935004
0.10271998283659817
0.026614928920867826
0.03673415504398322
0.08631507523235747
0.02537689210302881
0.025603226503222398
7.047149818761959e-07
0.06792403434271492
0.09074845849100176
0.10197296690713947
0.1371454676240889
0.05656041069265896
0.02537586247808952
0.28584794286492393
0.09588688671488443
0.05917971334468134
0.025376930545035616
0.1233130893452587
0.025489394689334224
0.0985751548188206
0.06114289667575381
0.0253806647098464
0.12085341396588176
0.05296520796633602
0.07079838362402767
1.562165593400793e-07
0.10763189258477664
0.02592715987949793
4.1083786607617175e-07
3.968110805849136e-07
0.05120584679595137
0.11275082956068727
0.1208956815770588
0.2286438708966228
0.3128006663571293
0.23891518767725506
0.11571334348468333
0.07406843586367581
0.1420460729248348
0.05671946778886445
0.12022716549376268
0.4216234929787879
0.1202106719427234
0.1394947496380931
1.3957698566580794
1.857796918513788
0.8845323512453107
0.8695581471588495
1.0737757126258052
0.9233305529859868
0.4348258003557621
0.5799416752147122
0.9847324160888574
0.8372652711500045
0.6416882581404993
0.4570016280950284
1.0008813663460248
0.14697728163431514
0.09525252135235472
2.095442556652113
0.9929440565434999
0.9007957021316212
0.955253719605049
1.3878916104151149
0.4192106861783107
0.15872462260374035
1.0148528745474372
0.6395581823743962
0.05162503888004903
0.03729409527950385
0.051487986102424464
0.08871751031698095
0.03356084823796967
0.025376899107495708
0.10540286563250796
0.057545139147982524
0.13315336126201935
0.06844965297144416
0.06385266612907538
0.07557874881288779
0.0462674013780552
0.10036961451713472
0.07502271805282691
0.08308344387454654
0.16011129843744062
0.20987785333966585
0.2280919760133271
0.025810305766619582
0.08026856432646377
0.22256454403491252
0.1790807871155085
0.025467671246400127
0.11134696538431436
0.1598809738719862
0.07226271368978232
0.05380132398021442
0.17850689193605862
0.17560528034944065
0.06138149742195104
0.025666497823181277
0.13051027798856205
0.04834862136441296
0.012293650975018654
0.09461712086957748
0.12371247669697698
0.052565891212861635
0.052886402710512544
0.10302981651683504
0.11076681717202098
0.09991505545537883
0.10210034928865414
0.1194301963730968
0.058079292930347325
0.05192995007779304
0.026482730201658082
0.25729162474590644
0.41400511595034
0.2177636761489958
0.08399518632011346
0.03968890098756573
0.20816870889312145
0.08574383878775634
0.19910265537005453
0.38359064530455295
0.1816950043448006
0.056098572222526254
0.19155891852715806
0.26491480073474544
0.028572901493793136
0.17862810116711544
0.2844690565512344
0.14668127087107424
0.03675746505069392
0.0587513479196923
0.15535632900611498
0.055306294860666974
0.13857241939917814
0.04710885091976453
0.05805291141027918
0.060885949657610176
0.07926504483661924
0.025694063505226832
0.06797703370456627
0.049360500898991085
0.025811220075226352
0.058710978226437185
0.2272710053777973
0.03972658930398994
0.04599798318278036
0.097863734895872
0.0297567646900346
0.032779012127388464
0.05651627487240801
0.15919956227793006
0.2474166815717957
0.02574094989824841
0.02553065621890446
0.2351675091986887
0.07904794096163936
0.056955473161793474
0.060140551792359775
0.3686213502547018
0.049507283124096114
0.04537622368001228
0.18791022405480093
0.23779728085698826
0.05772817864965566
0.025300937311606698
0.05547533646541671
0.025410817386498013
0.0552875212688811
0.02538100891538796
0.028878487958898205
0.02945572009124644
0.11371574931664702
0.09950626061226024
0.09911654214494384
0.3262848669853914
0.059367775754496636
0.05820862194617441
0.050632596794875744
0.03248855633822488
0.025392895037218168
0.05473942080014477
0.05946109931155174
0.10673495777650216
0.028054580936306403
0.04607181922889615
0.05638535563819313
0.040765524885524825
0.06167760367615473
0.031954066491767484
0.058149758511222976
4.5769825473223265e-08
0.031022445901929024
0.05796685380925939
0.02452425824101152
0.02613570415564846
0.05032470757598502
0.047464950704388525
0.09879400821263036
0.03240824618921242
0.04195481045180935
0.09491006614731014
0.025170682521151646
0.05749887975801024
0.02574575641993256
0.04817698560231486
0.02562459146848507
0.05824949280730118
0.1338919005468098
0.0620407767665451
2.6067861568337025e-10
0.056393967965287235
0.05353830244180297
0.05935605854815236
0.02544602373164245
0.039495969086423305
0.12190479021215116
0.029238044501273236
0.057248678010797326
0.05792626903436503
0.02560885253314009
0.05839148381334922
0.08298176096319661
0.054659982557661885
0.05809502484291629
0.03300437301539312
0.025521619164501054
0.025410591044174757
2.818511404663058e-10
0.025564515740522
0.05568444285664808
0.029224152825295942
0.03402416469353235
0.028858432816519987
0.16727086593985754
0.03203597550179196
0.02647839658077681
0.08708082853783226
0.037114668867048034
0.03234243325967029
0.025443526134407184
1.9436154354158748e-07
0.023386034855858075
2.420251633683097e-09
3.6156410853406183e-12
0.058158853359453686
0.07326875640588308
0.05835270491785796
1.6734966300370827e-08
0.058531711514724964
0.0257507529261284
2.5112309487130377e-10
0.02802279551136676
0.03425710573832332
0.058355668589786074
0.05821517225417809
0.058484351497778475
0.05947791791379456
0.05060760809368945
2.240919212202413e-07
0.052413584435370066
0.02537600537170271
0.051611264871673085
0.0717037050999859
0.03709853806913151
0.1166271745077701
0.05819549998325719
0.13299072651076296
0.039919327581001966
0.046346965232109634
0.05746560036527638
0.02544428875594489
0.05805670515515026
0.024283690671169526
0.05936498705007358
2.534105840137443e-09
1.2014654253857354e-07
2.7297623196584078e-09
0.025540591341044656
0.04941556099607941
4.0410862802681297e-07
0.04292590713205016
0.039196398102406486
0.027982481268435576
0.05873142149696301
0.027215091602902183
0.058824362082299735
0.04730811152715002
0.05366409210478288
0.02765020549881072
0.026200621338453682
0.0510465230294177
2.6264148171794767e-07
0.02789864785380327
0.05405915730796024
0.038495321391763364
0.058494933055381976
0.033935478564243816
0.07332364227877683
0.058171986771217876
0.0260516348471528
0.057881133416258765
0.10066816749973707
1.4039933414576887e-09
0.0370658527586348
0.2297282156906261
0.05615588702684562
0.1942019333311953
0.17427559669388534
0.10380541029067723
0.049969782225223705
0.12105923064699207
0.10105179807474217
0.0849556186053546
0.06198676171981216
0.14113101187790894
0.025924114468061896
0.02540325127036853
0.04392057947235552
0.1637767613689408
0.04811464769393334
0.2059542403835825
0.37876056883094494
0.2588231071610151
0.2654945257976925
0.0649689703716236
0.05089257711154123
0.02430573584093679
6.747932776976201e-08
0.07727168785312863
0.04856556892350269
0.047554896166361264
0.04058658096547544
0.1689415966478427
0.05862112813118176
0.11492947675405875
0.0723233574953093
0.025419224051942475
0.08140699934586139
0.12259680688225445
0.07119788794095065
0.07181995567213563
0.1280506105174067
0.05172407462757568
0.0268504276667137
0.056477850471217776
0.18675271714497432
0.03196777741898072
0.08288442277300821
0.06851457049440952
0.12019167755844125
0.14473207163443386
0.18003983693402348
0.0654484747817154
0.3484751697005332
0.18026510020077027
0.1452118889228826
0.05378932642782109
0.12830706024022576
0.21907468412858735
0.06356721605260872
0.0229251779700453
0.098480623476409
0.10838468116340068
0.09886812041463344
0.08012297204394836
0.08017393198355599
0.17342171183143498
0.07467665570498623
0.06224766432545247
0.39658266611305376
0.14484190313352274
0.08387182400596194
0.01963238738902313
0.14259670913945094
0.11368271385526693
0.08621004705331163
0.1998890772902364
0.12324710139166264
0.025375963153517027
0.024986444828637686
0.14327209209819192
0.025226200481326226
0.09790913987936553
0.04802836802729196
0.12037363407133853
0.15383224430016232
0.053358405137075335
0.02537602544103008
0.054090376664344915
0.10866928914615813
0.028121510580827267
0.06629069577676687
0.05959035035160689
0.15659453100895124
0.09833781697183552
0.1291508338436346
0.3029849948209957
0.1148760791734729
0.13116264796867638
0.15127866002586818
0.08601359478198234
0.056253361242336944
0.12673085160656505
0.10184238944392042
0.025376097668036224
0.05599330647121699
0.05354476362777648
0.025345883683389837
0.02579567128040514
0.05331631787098156
0.013926065288789388
0.044181516840431284
0.02534573916017441
0.04619425463096647
0.09682221672613313
0.2320871146261772
0.08521044395236521
0.04795148895402223
0.025373679068120943
0.366944403707548
0.0709752395384198
0.02585364288837707
0.08490697057465885
0.12145580034144275
0.0959134037324406
0.05195203546385136
0.1990964047860041
0.2588017219472835
0.04915358757554873
0.07938274609396016
0.1695246049407388
0.08608897455600617
0.029787189892209794
0.18260463865404888
0.09924548143339264
0.0755720998514287
0.06904325886456324
0.1580955557329492
0.05041900451388733
0.07480740340092175
0.05185035281884258
0.056210744904183936
0.08811230072487594
0.05745559511230192
0.05571850662249414
0.04952059112444772
0.15945345300501992
0.10491606057282242
0.10006993609173552
0.07774208426908068
0.1871204063981988
0.10298694304503617
0.051776289830098035
0.0583368520037651
0.05654964288120514
0.07489112481268112
0.026887950140780426
0.07802529699459132
0.4454589434758188
0.1673550534506011
0.15804548548466735
0.1681193913251043
0.052459574432108996
0.2106409312127896
0.059516659389447085
0.0921180354548489
0.05755069845247057
0.08942440974381474
0.10173310621897624
0.0894126753717302
0.11344044588847255
0.10058058515099033
0.14218896082753624
0.05055815711351035
0.04604595905122122
0.08779453248463695
0.29154424118051336
0.04882486661889982
0.0581101971341335
0.12534444940150144
0.050955897060953464
0.025519972342593983
0.050971681000820564
0.058224685797156166
0.036462082303590285
0.07382251088431499
0.05051404779414618
0.11016476235940337
0.05837064937996345
0.04192849561761069
0.04636589274534954
0.0593009238588373
0.05833135700959356
0.036822714326590726
0.09272403835259843
0.05829943605518986
0.026170738863504992
0.056649269407230224
0.08335353885254007
0.050649126323623436
0.14048626837690872
0.06753163613323919
0.1673372162698662
0.16603222489435254
0.03049733252777269
0.218896378667777
0.08169014787250371
0.025608046526920038
0.025377589443225084
0.17078748627747106
0.10223451670377516
0.05788040707684789
0.02639349472681313
0.11095899542817976
0.03190214582863311
0.09209560794979216
0.08797284841720593
0.057673263111773974
3.9375704014796186e-11
0.058299518973017175
0.057670012948881175
0.1185379590535206
0.0549750626806511
2.966786485836282e-14
0.04780803618630085
0.026113502979863968
0.02663760272317468
0.02537605178134784
0.21026103318575104
0.05252156738759463
0.028161001905108486
0.027316509288545524
0.12375535888971916
0.1180512041433091
0.04518598313100534
0.058260922667835974
0.05059075985123959
0.0510496379698554
0.0612372056122174
0.07492806646643295
0.025619703084193268
0.039398320383306436
0.1485764627877784
0.05419833964866971
0.11038407034125744
0.07667521124910291
0.07967136444774482
0.15145792991531706
0.057073975741924236
0.11502508534087648
2.454503995532134e-10
0.04119801164699559
0.06006226915611487
0.058239296777324624
3.1449901536551173e-10
0.0751488670556508
0.025449808875955774
0.05561184721755103
0.04882536099923383
0.05364010598021313
0.07526842343142083
0.17259327024218998
0.11492038470679368
0.05834949441225265
0.051701681952543314
0.0504188728165712
0.02998634905541827
0.05243573605602488
0.040431228495265585
0.05908378299810325
0.07655472512203887
0.05213125557409154
0.087753627248159
0.025376121673732568
0.10335920638659793
0.025439318555578027
0.028289571605053927
0.06819071596233056
0.062188661441204524
0.053356149460359284
0.20068633727827045
0.030023736880778588
0.05601401297696646
0.13184235421827442
0.05819675697785207
0.04822446413676615
0.057348078407215286
0.03223549157847013
0.04593277131474655
0.03837125024156413
3.381304829750178e-14
0.05170666006014861
5.038056581135172e-13
0.02191366969987035
0.05830674107207934
0.11337864072216275
0.053442002653947315
0.030996606616940973
0.025380735248015717
0.058263386499710926
0.06332643534758402
0.1559879007707492
0.15343264003425874
0.06181111023526195
0.0481850825247588
0.02596164335615726
0.05109436329421006
0.060926120432996715
0.05830961045273789
0.050464164000780666
0.025869299752285024
0.030746325641362437
0.17639076272869894
0.12853920897898624
0.060660393555114815
0.027002938133920955
0.03086382767281636
0.08501106645955757
0.05792402102207118
0.058237344697263715
0.025383669991502177
0.0582071873154389
0.03201646205903152
0.11814224488093285
0.05877239580733764
0.050850763053411234
0.02553965906375106
0.03066684489798968
0.039276414293505466
0.02533374801629041
0.07384754907184628
0.24593687295531505
0.08257973582234343
0.0984917085338796
0.1030384460443766
0.08090809765462204
0.025374567474817082
0.026519486425611492
0.10411987103725816
0.05206649526558723
0.057830986592971985
0.07840853988531231
0.08879404117628592
0.05831552473570839
0.0676790953906916
0.05476952667492485
0.02546181903714836
0.0468550361643152
0.058427024331089636
0.1017761795688306
0.11629002685175005
0.057850741211848786
0.05822982983201708
0.05833460100986961
0.025397188639238368
0.060553951315277174
0.02697707851371202
0.057724433173920224
0.025374629730347632
0.05510234407782387
0.051417587193516766
0.025376460991824442
0.050038700849041634
0.14956301199076202
0.06180052790011298
0.07577442143550812
0.09159747755957542
0.04952977522843099
0.1706301240360745
0.10581552616119594
0.025402776540236663
0.04156214815082938
0.3022071244145468
0.16351127357113504
0.057189543448700926
0.06855632809586402
0.12642505504098892
0.04530968774961105
0.101234492434754
0.11578899776150632
0.0509621034388574
0.054577293001479316
0.058310625558956
0.057925458070099564
0.05809793919828506
0.0561411394664187
0.1123956684229926
0.058504790610174814
0.05321798628092166
0.060899743830521075
0.02537597358096488
0.05658953460825333
0.05931590709414473
0.05314718411442143
0.058232244604663475
0.08732952655328781
0.039554116846507364
0.17644176190423214
0.17260307047880433
0.07891294022393831
0.0564731773141918
0.02585100943692004
0.12076091117788385
0.1917833750226047
0.05821375158009035
0.10736160938215288
0.05730103865455085
0.027734022442408638
0.0258929060063829
0.04286784961770872
0.1425008093643726
0.0582018104223613
0.058235551562111375
0.04400110199714701
1.3755428755963692e-09
0.06585851648881451
0.05821126505287408
0.058244897292574926
0.031032930093967518
0.4104796121769971
0.05103706062963263
0.025378798295499626
0.1678575866032494
0.15079369784749172
0.1105747257434114
0.14091839118466307
0.02536890962327698
3.43486845220035e-08
0.05704212157430812
0.08131578226251371
0.1028229351132997
0.1030877435481065
0.17830134205589254
0.2722020420869352
0.09896744237634914
0.09887870049827836
0.06515182319825577
0.07586080031682214
0.09597033771088513
0.05241108371085222
0.0939333287943562
0.061050723869148275
0.05387237299737156
0.13773755780045865
0.06498194299922963
0.23334435748720764
0.1275821678996837
0.1455741992873705
0.1649469114495586
0.24561395176179016
0.12501105312813526
0.025376039578383587
0.15836596730584648
0.13346690710663373
0.1176374759524633
0.025383095085678847
0.07329940465161662
0.07114882115124835
0.02286420559815955
0.0581238968307148
0.02537787538835363
0.1093764185564296
0.07051680898636375
0.30843604963740096
0.2457712700358732
0.07483233827616008
0.07440387181157286
4.6242449404492165e-12
0.31025829407099464
0.12658568415124666
0.2338136957508037
0.24655947008518955
0.15362893001049396
0.23287409198759398
0.08294982590962256
0.042022792012893065
0.2373501804507635
0.07999277158337344
0.08227065568694952
0.025376219213619232
0.06857379601843577
0.12514884435793786
0.11176232612922052
0.05163560308403575
0.14382698367519733
0.11682952633796335
0.051423885029599485
0.14928363168155276
0.11609298300658935
0.06895938185576836
0.17011569969196727
0.0918339654284887
0.10068436990025173
0.05010200368997392
0.09360581972854344
0.039271470376797984
0.08185925376761864
0.048404003645283133
0.027133734095639957
0.07982208451815204
0.13826540918857502
0.026194652854682584
0.01484167647539717
0.05911736631611466
0.025376333913195975
0.08271699574755129
0.050229520709456174
0.04557351305697112
0.03149948088939261
0.03227467517205408
0.035241147618117905
0.05050430068458125
0.0582268532492604
0.025544641762944503
0.034773661781755866
0.030636949824293012
0.02537593984639321
0.02698334760369006
0.04294076073023796
0.02537606437026231
0.060655095459831485
0.02548195045594302
0.02536218469599945
0.055629969215776204
0.026302665841587657
0.05766084852705235
0.12192609963312155
0.02537592491019601
0.025405818201086703
0.04978153337657867
0.06471515858172053
0.11577710497438712
0.05822225731467904
0.058195557822528526
0.02542039592378736
0.06304427281766288
0.05571944212546907
0.0413030278603258
0.04049949239984391
0.0578145794930939
0.03361199204092022
0.044794505971034515
0.03332721186663876
0.035118698954277015
0.025561958438778842
0.06289817567519049
0.0825208368477224
0.11338068582254113
0.09003813652276886
0.043704332122398964
0.07738610761437527
0.06607248273058931
0.0820633610348291
0.02537592199337057
0.04028271611689537
0.0507414668776453
0.2305167993071359
0.03746626558357828
0.02537748208061261
0.14323308031426527
0.10959111295887906
0.08388096553952393
0.07249361478498954
0.05652257580848949
0.025377246521429184
0.032611516438687184
0.025378979674502773
0.07781074199739657
0.049882705583226286
0.05017462791949201
0.025418056390652338
0.02538755857159755
0.08876078102028254
0.04728629031455669
0.03759375504752068
0.07909192707873641
0.09241409075691297
0.0553136898240526
0.1019935763371832
0.05097288365501289
0.0253760351705111
0.02537625040272562
0.05146217434979241
0.07627443957084926
0.11368888298620534
0.02588395476884503
0.02537759873722504
0.05623488706664417
0.1027934620927842
0.04163799150901255
0.02546861339080755
0.02633434778913013
0.025381554537777955
0.028528165340534758
0.025375351242932092
0.0583700952342627
0.052311337051411964
0.02564877528613333
0.0569572105844581
7.618650056203932e-13
0.08433222561633884
0.0253791918592146
0.036806090838006525
0.185851415652843
0.06689117794591684
0.04978975023668003
0.027831294541810717
0.029166942355391693
0.056723990862744926
0.07604928095424886
0.07696424546569194
0.025376511889523525
0.025366766294155425
0.139535821493125
0.05219674688389698
0.08272849290939661
0.0508208883329692
0.062174981538809314
0.027005256426249544
0.03061746136391107
0.026968951109104997
0.09779888277896652
0.05117351774125233
0.02537616404889944
0.05400577848944628
0.15851439133870793
0.029155083143634818
0.11520902880740885
0.057489899187910164
0.02740364001313347
0.0507878148969071
0.025378158426035958
0.180347660567974
0.056868230367396584
0.05824122265287553
0.03196901321837935
0.10452575543480423
0.025383597776373338
0.07639846291440716
0.1778453762491463
0.20002772010740108
0.0762532972637559
0.05195473580777248
0.025492601809130096
0.0512492311012819
0.05076761468947527
0.07206457707233352
0.025376014721391685
2.470955876315196e-10
0.07666842185800331
0.11699005365586874
0.05427159726509589
0.05828366273743329
0.13338880055549307
0.05818571910894605
0.08213127395840511
0.1170035906284159
0.10902696429238376
0.13884380680976502
0.24842028944077205
0.12786448190151525
0.11393171795055955
0.19207212806214669
0.112997010708908
0.05280993168429701
0.0932315630067936
0.1813717907078656
0.09919356323407562
0.025375942881288367
0.15633278914996762
0.04862578444172713
0.07643580206692714
0.06945858590020923
0.07814809006863283
0.07870154532740782
0.09432678797844074
0.02816878323072435
0.1050779166735678
0.0966742111822464
0.0710055830836022
0.025671333284237374
0.20229513961351853
0.04293356264970273
0.0583607694538543
0.049593074343900936
0.03292956806403929
0.094444422150055
0.104447473197669
0.031040308846075487
0.05016533766079255
0.1494060834080044
0.08633666805861975
0.05570159767038347
0.04755854065753403
0.16339073843662538
0.06720413692845999
0.02573227429536049
0.1768953052092719
0.15831038167914355
0.07554451436682598
0.03447354386083396
0.05681220446225381
0.02971458674768506
0.025375943025537275
0.04827123479777253
0.03065313814320655
0.08029803282167902
0.02611008264111034
0.0254472591949458
0.07416221533014633
0.02537626924981906
0.025821478482264817
0.03660955255955469
0.10953604720029927
0.07545158272238701
0.050557462555567985
0.05794466777000579
0.07705995487674074
0.05713632091833878
0.02551976207565493
0.09658452009518508
0.02612181304582266
0.02537593974283208
0.06106322651723607
0.042866567543916365
0.050951099182395834
0.052087530572696855
0.12695819265002434
0.06014857231288428
0.025383113372313783
0.024308399625066646
0.05822486658237206
0.05857474191949812
0.058218288492112275
0.02573615850150078
0.09109609131138192
0.05839709843184069
0.0318790111056076
0.025381513763594415
0.2031035257192769
0.04654960565066374
0.10857388608209743
0.04417364224786289
0.054190945982359545
0.14563590659099446
0.042901364525902194
0.025408862348902862
0.04008774971227535
0.02546372587223602
0.051599405016564265
0.05821199454128026
0.10956842142425803
0.0253770206547507
0.025417860024834142
0.025375938679084862
0.050763579261769665
0.04901975803749668
0.027157766413292667
0.051560217269825695
0.057634598866056076
0.0377712268222547
0.05826003202342276
0.054327521208501164
0.0906978094768199
0.025996184294949654
0.056354927973543176
0.025381174193959282
0.11325766067157222
0.05502916668571329
0.07495823797868591
0.025620342465100057
0.05809207194007925
0.05763557949105098
0.058280971078592474
0.025498664546354625
0.05809656472232956
0.058254650510590915
0.02561256966318306
0.06121294028501646
0.05068203731525262
0.05765665836999169
0.025441876046664872
0.045284291372870884
0.025424021146071
0.06272976317294134
0.02537980728119577
0.02537635690868609
0.05714921966206014
0.09263747633223704
0.025381781773583145
0.025912903158797237
0.025376704709305833
0.0262262985141676
0.023736415864720625
0.058016210655543674
0.02630885933423727
0.02538080077076516
0.05097418990715519
0.04973447895618592
0.1049285073685476
0.02548567273978848
0.05113638151461266
0.16290600933667795
0.02537717343621304
0.02543695668318416
0.057221326576925566
0.025318447642860342
0.027227417578718792
0.025376184387476547
0.14861834944011046
0.17520544620011444
0.05173725158416145
0.07674391149222297
0.1255803129649772
0.03488599679076644
0.05819731559109104
0.058223224189683474
0.02672165348704304
0.2041349731438288
0.03993813493368463
0.028538459659059486
0.05706577307924321
0.12233304755155085
0.1059053100899223
0.050364099537478384
0.23020630494242
0.09616467213628334
0.058085544552915536
0.02543574486659216
0.1712688565625257
0.1944675862911899
0.05743696663077559
0.12130893723672058
0.07760484011169944
0.029479079182326506
0.050232319509835255
0.15672969497664793
0.07701315013504077
0.06394061043273211
0.10475227234091346
0.249080694323108
0.04306937497130352
0.02537595069514226
0.025555821475189658
0.025378821160126658
3.2377384971123747e-13
1.8437673365127986e-11
0.050680708444119565
0.05165901185003298
0.04996619357986014
0.024896458270903952
0.08713775461461036
0.026449191370376667
0.05744706160063875
0.042928183222518033
0.15041321755747028
3.1154999651537456e-13
0.025378858831836937
0.025376599347145413
0.05321318502705905
0.05634424602014871
0.07027825957798528
0.025897020076306246
0.025416729467357086
0.08026366340387348
0.0992528570427713
0.14676127801823086
0.10747321336861276
0.27209014984014884
0.05546386968629732
0.0592499696474848
0.02538071965412881
0.17567938613181094
0.050719928889477774
0.058311969070896766
0.08655266944652051
0.10346541693399176
0.0322717985147398
0.03768488336424362
0.050475587425898166
0.0769767524580529
0.22830528524135035
0.07019727337312402
0.11556932530568942
0.060252799372598226
0.047257650232790216
0.05721238042441067
0.11445519217070235
0.025375971945216468
0.025375949867931968
0.05048206456514205
0.07688852852109389
0.05822534405538
0.0602049421325474
0.08592774999075119
0.0608406972206905
0.09581816652250527
0.16173399668121755
0.17142658960891205
0.07746612935754588
0.02679542892583878
0.0581885825523691
0.08686181218329883
0.1430832285817667
0.02538349107029269
0.03870770708008935
0.2348229156070257
0.057412851653700685
0.025376070885976352
0.05494729168491412
0.062269389235353426
0.24252668464993105
0.9279751496680364
0.370189255851688
0.1761475749516936
0.18039170841350005
0.16137740186827426
0.2869687005030576
0.1624296365916666
0.12224497119698582
0.6013688467024885
0.0590628559796305
0.1441227122584865
0.06319087142325286
0.2699035827000564
0.0407012570133443
0.061447244120691566
0.036597746408737634
0.10147621303256572
0.06864267242902303
0.010707692972882259
0.14993130220739748
0.03933272453510785
0.09665765740910147
0.0359564133765752
0.07178312872969034
0.034335236933059315
0.0791273797080245
0.04622831213142535
0.013314880212473186
0.0927859606194876
0.05822903747077005
0.030037817058623118
0.058239980804969026
0.05673405539216163
0.04953919531035805
0.0560724875856236
0.057840062298614665
0.05775384220044829
0.1214612688297121
0.11129439917143062
0.03396346331770151
0.05952449127221759
0.05940804664742332
0.05531829175090855
0.05824396444136438
0.05721353740836869
0.0274005282429557
0.03018153938608008
0.051642832320015916
0.17408460159928227
0.059194106758839724
0.10411578692806207
0.05928367525808381
0.05342573379356043
0.11106309183710696
0.05431648486563856
0.1204340339850161
0.11164943152104256
0.06466946314017306
0.058293362785541564
4.348196979602529e-18
0.11799743457334555
0.08300405149536415
0.09059843184763662
0.05812042948700931
6.286604172347406e-13
0.05825699841113599
0.05811804922038405
0.04368926517196549
0.0553223984383114
0.3070836596733117
0.112627585267981
0.10726189522969323
0.05377560317949664
0.03319986130645924
0.05717321127250035
0.025555585102355637
0.0597931097462518
0.04583762907434597
0.05823038982847852
0.05757094666017635
1.3236495964433674e-15
0.058223520260241565
0.05820765075659608
0.05826172629493066
0.0582230722798437
0.05948847457979811
5.796632584799051e-13
0.05829007394183704
0.05813204408423092
1.9908150312941196e-18
0.0361916615550913
0.0477131854981665
0.034525868962348695
0.05817467125587239
3.215256554099522e-14
0.038816813661047264
0.05583696834130202
0.046815457765197216
0.05832784485489637
0.09751688334753472
0.1376239156389944
0.05904532594920645
0.029742481642272982
0.2655993516779407
0.19070484421295647
0.058224316699243925
0.032341358825865175
0.05821589427614464
0.10141147813287887
0.04223213888537198
0.05821808411839561
0.0582342738906257
6.292612714559043e-15
1.4326288503839484e-15
0.05329918047643337
0.028516969541078362
0.058219703996237986
0.05768595091875705
0.05096873968021233
0.04494820398826396
0.051171061160466866
0.0553194156254084
0.05822277495388404
0.06471327267902449
0.07677670445053525
0.05847386586601892
0.0540783639809747
2.712579652523329e-14
0.06174438404704096
0.048393386839502416
0.0971657600280948
0.05130917006543799
0.15474691801252727
0.05218036746053418
0.055390578124210346
0.0976792690702182
0.057954875018866786
0.058915668628562026
0.05825250254003804
0.05786234986241162
0.05855417301100504
1.0405290091329208e-12
1.2356618424989215e-15
0.11773874383295067
0.043676938193890666
0.058198485880659824
0.058218180249041726
0.05820272745023584
5.566714916335574e-13
0.026812645919582618
0.058232392627186214
0.05639231261516224
0.1614194376625111
0.05868257836048105
0.0565139453245512
0.05446159533648382
0.05892612807553616
0.10532297371109688
0.062228931348425325
0.049213517592806434
0.11051848079945173
0.03519451365205625
0.1711866882117002
0.13117567172469108
0.040965293175314665
0.08796917246722218
0.057454900417713735
0.05836904300009109
0.05824303981597612
0.058232916606467414
0.05826311956851923
0.06719828558397459
0.03171063598849656
1.0344840661029603e-15
0.12302180202931405
0.05135908880114358
0.058269148809509175
0.07787027928899594
0.05206196387232001
5.566714916335574e-13
0.04679536948461768
0.04096976197746778
0.09871142622403238
0.13806735950487306
0.0692896634126446
0.05749370235833491
0.025375940725910186
0.0582185114389339
0.05842811318326972
0.05817793752090095
0.06029059018097905
0.05821515343472813
0.05071543931044938
0.08583616515616069
0.05671690686892882
0.05821429131807529
0.025387280435691616
0.058251974317198266
5.566714916335574e-13
0.05372367724481149
0.0571248220322322
2.9958132649817763e-18
0.0505167160512323
0.058004849500727124
0.025375939935530487
0.058504470429129984
0.025393102967489936
0.025376797346580115
0.02550168778321121
0.050713062169264564
0.04137591017587012
0.05075605598300599
0.05740673637367375
0.030460258404388624
0.1502398704579571
0.1359095054928272
0.05771280114336218
0.058247943617224435
0.041865464759305485
0.05701950895771182
0.05814308477129939
0.06294964361713787
0.057658817762917584
0.025886456077244418
0.11085013320677684
0.1135647664239325
0.05055242664280642
0.05820606136197365
0.0562046753052243
0.06844364593647012
3.154864758016853e-13
0.06234929114349265
0.03439113638517575
0.11903670898823365
0.02542381398042004
0.058239720068038424
0.0556152411072497
0.05542695593803248
0.06136719430076254
0.05362775441269125
8.063841802882353e-13
0.050835378190899436
0.02537594001282508
0.05325766802637818
0.044588188183895705
0.02782765801188944
0.02537848205356327
5.4806673569594975e-11
0.02537594224824891
0.02537008729136769
0.02537594033398744
0.02547309706171605
0.05609218294788641
5.111484528221452e-10
0.02537792578882253
0.12921182317197175
0.0740549683737668
0.050702790154199415
0.09526385405320537
0.02537630833633612
0.10488652593838954
1.1151328897935136e-11
0.042675404660380736
0.02537698905771766
0.042430820495185234
0.05470496080338223
0.09720338755630094
0.025375831231946904
0.04309230135607644
0.025376007053798173
0.02483174354412965
0.09682461950106687
0.027607011519682596
0.4701142968774234
0.054505397647717765
0.02661708133214379
0.13184178802091098
0.02539775410163029
0.08788728823231924
0.04965088959760195
0.025375967949976097
0.0621868646248208
0.02550391367030957
0.13194653674064102
0.04730756374237484
0.11993213742252762
0.05926511992060893
0.047013597030588494
0.0673131732761563
0.03728008005115931
0.15932465262285742
5.111484528221452e-10
0.03808008650193623
0.1168494640825456
0.07602286419378368
0.05927116891377905
0.11594980875768453
0.05808406898574853
0.04420062225816802
0.05778380173215841
0.113970016593013
1.2975538219212467e-10
0.0266613057188049
0.3498527390329173
0.08439936938068895
0.058002051287564214
0.09472285642678603
0.05820960920064173
0.025374749092292842
0.048523696534862194
0.047703345281732416
0.02760277516856666
0.11234229459776288
0.13361382771048982
0.05464638925438839
0.1260082760379482
0.025385491130485195
0.02469883866822471
0.04908193398668159
9.522319411931413e-11
0.0820385879352344
1.1614887944923856e-10
9.962412577506843e-15
0.14420314049267868
0.10421574468445548
1.2936902848024625e-10
0.04936046511022134
0.05588803133914976
0.04690789113058321
0.025375941704975445
0.05239945521304954
5.111484528221452e-10
0.029658477873425876
0.054611525335390994
0.02581073698565194
0.0296365057818932
0.025424294620139908
0.08097934994524232
0.07116945594522035
0.02539272639806954
0.11348908661596092
0.025925885307392715
4.303033589383417e-13
0.04852703242197719
0.13147440680903422
0.058312961038273416
0.025376736557833426
0.0460856064804648
0.05822227212008145
4.1031268030574776e-13
0.025411703381517003
5.8089097040353624e-11
0.0910776563946656
0.05084383519998011
0.09385504957588224
0.03297048697047146
0.059523976129436135
0.11666361052399547
0.07541283491698897
1.0073310302767566e-14
0.06651476519808333
0.05506033796166435
0.05798425487168255
0.05813398705129365
4.180615988966433e-12
1.5317773429964688e-10
1.6103666740447342e-10
0.048555982930754485
5.111484528221452e-10
0.02542299729835386
0.1825501234184793
0.08176579376073914
0.040498333341467165
0.0472742886547403
0.02542508239997606
0.025378193050004383
0.02859117463593927
0.05201188047732561
1.1223755086403975e-10
0.058628563663721024
8.003517979255617e-14
0.056333487323408364
0.029303226415584083
0.03181982192973182
0.025389216010943974
0.1111693705742254
0.05825200049988252
0.03346438761537149
0.056860448849289015
0.0526834214743228
0.09131699384164058
0.0979872008094832
0.17748288477294602
0.13989381738712775
0.032347526375143584
0.058282685687886214
0.0737701325750476
0.10328158612430892
0.14401089130759445
0.05132500215087083
0.026665601886371425
0.11978432564675648
0.058211089213356215
2.7484752047519844e-11
0.05813068852814659
4.984540528746727e-12
0.058212864587215175
0.11411746177483728
0.07483502178905091
5.111484528221452e-10
0.028633409810801064
0.03528919420734502
0.0275087930183381
0.02597787472690791
0.030416821224021562
0.05149076784442223
0.05086253513979792
1.8722889039979244e-10
0.025461977385974697
0.12680343710781156
1.192489259965205e-10
0.05827780441458218
1.113615841661089e-10
0.058229436886180826
0.03404238168815291
4.3233272420465973e-13
0.02542219051339373
0.09797993087977976
0.058311137106380265
0.0256683725219961
0.05058253475339383
0.010188675424315976
0.026180981699603343
0.029123831192857837
0.08015734947421223
0.0503754545939842
0.0336317720517758
0.18280456540630527
0.07520701125582878
0.1057092406077667
0.09027347270617052
0.05133589992598598
0.029832597300271112
0.02536649846913361
0.025738560800406082
0.032528671931471666
2.07780484339315e-11
0.05824563944581272
4.302119896018547e-12
0.031481216549831416
0.05821851656092448
0.09925181844148404
5.36851714373412e-10
0.02851822196689425
0.05079579904269238
0.030030574416696668
0.03376416420085288
0.04610414721837593
0.02822071197509685
0.050577719920064115
0.025402335973702627
0.02554911014956749
0.02537397217242458
0.058527708676572934
1.4517932047900918e-10
0.05368548946351676
0.04062588266401453
0.042386672268576064
0.057471647441584735
0.02568746572480055
0.026314525129256618
0.05041571121298686
0.10686270263837028
5.111484528221452e-10
0.02551772101785526
0.025394943217095137
0.061617235788676075
0.10861998716922433
0.025333604250441042
0.0742357993951954
0.0579862871739462
0.1175705524961928
0.054445426357855264
0.051843381027128745
0.025390257079321774
1.1515387812412363e-14
0.037235338583103766
0.04447153719917028
4.760429460629258e-11
0.03025473410343725
0.025375941135458255
0.03636062321679481
0.02537765061623207
0.05191925013576083
0.0253795084286662
0.05073415431443965
0.02812544711524319
0.05839603129449525
1.5691717979098983e-10
0.033322479548943684
0.034868883612303586
0.031809348644373264
0.058213274981795814
0.025605778277402288
1.2417821276207708e-10
0.05822719031284682
0.0582340932842524
4.1248414683050794e-13
3.622417818720814e-12
4.873163920325097e-12
0.027180323324251087
7.355404419343937e-11
0.02878849961257486
5.111484528221452e-10
0.02993294204314682
0.04788661206015267
0.05883532220935316
0.07457988481046249
0.028147819838054013
0.09741469829213224
0.050967521074118304
0.3038578761414989
0.13030866989749482
0.15268518427289335
1.1699626482449035e-08
0.3737203289523998
0.08424907320513353
0.015085146606345644
0.1726613345380162
0.08982499734775623
0.025554666035024824
0.3292233932659703
0.42245057983336415
0.0836967627077631
0.43440228387099616
0.027901324769278518
0.025469527762244225
0.0740174221621021
0.3241096277034195
0.21563950617851046
0.4358023320038428
0.025424659989453702
0.02712773788884997
0.2375505608144868
0.06477534993692716
0.04526139350893059
0.061468357691264776
0.0989153198650792
0.41886736993389856
0.1394469807180501
0.4356220947800414
0.05420872083613852
9.494817595701508e-09
0.3003638901451405
0.16136230814504168
2.52510769307938e-07
0.15835810091134295
0.09053840924832188
0.02672002072182564
0.07774377626192917
0.033719897069238496
0.08237811363687432
0.4220631578675553
0.31273740977986764
0.4355325852795992
0.04970983563079614
0.05797798187940974
0.2518967349157047
0.1295447442566982
0.010008751024083188
0.07761389310636306
0.1293301757362957
0.02543067377260564
0.14262378732363898
0.02362445579999524
0.3191419300539155
0.1183368425003886
0.11470694989314024
0.2310404898434647
0.1621522251016554
0.3012789055479775
2.1743434647849667e-08
0.05810897011837655
0.0582461451309577
0.2975155815549671
0.026047002064952446
0.36548816331902106
0.1443990568649395
0.1601247528056372
0.13334527435714236
0.13586239413555026
0.2952432636426639
2.1535522445665308e-08
0.16847163515493688
0.058229812641064124
0.1392744987128228
0.002952637423903009
0.4223998059065069
0.1366178610964124
0.15842514038826835
0.3198200460747247
0.15851452963692347
0.4000803756078633
2.1742324741426608e-08
0.02539641633469516
3.260122014276551e-07
0.23288002280459466
2.52510769307938e-07
0.2495345367491585
0.06632698374712145
0.1304225390088174
0.2828181372981521
0.09534379883361348
0.2960205718619603
0.02541105847207852
0.025382773576904803
0.011460649334707744
0.21713817281186867
0.13800537527850334
0.14213513681422932
0.06438020017571236
0.1283929750670855
0.02537603997962184
0.1731830159638117
0.09621252448947198
0.02537643996916152
0.036573465644242034
0.19079955028161305
0.02805375136811377
0.02624514598450539
0.10419421218566456
0.13123418256868666
0.025376986510226438
0.025397128612822072
0.19190782703329384
0.20657944074612497
0.04002911358411222
0.024712457035613672
3.422284216355624e-08
0.025463733809351616
1.8208353781316234e-07
0.07782759481465286
0.1610688277924437
0.025376402741026614
0.02540759604313133
0.14542529000525506
0.048906508987781774
0.025371034097589076
0.048830393057405684
0.025478648313507175
0.15685530802106734
0.06256228011767853
0.17294804196518335
0.232617903045001
0.19063058685608106
0.2102607884188552
0.18605663756087695
0.28472482908655594
0.21655257004692105
0.11961208450307935
0.17280994908413275
0.1695647700521225
0.2991296211120729
0.1928265312813149
0.2419718144458313
0.18519187488463726
0.1734559399492293
0.22031445158557253
0.11594637135491767
0.03994821577422161
0.2703170433543233
0.16617631661900653
0.060692618940059874
0.1712092894933932
0.035696204200758884
0.09324668809642574
0.10542539142345042
0.3615132115291933
0.06702348000829274
0.0625960371078913
0.2382154482775149
0.3031477501540207
0.1034472713121008
0.19940964382114126
0.025384732160555343
0.2888030889668905
0.4357073668630478
0.03647402294110191
0.02051494232255717
0.02538288483014781
0.1821035877473044
4.876155143110977e-07
0.05472342613068931
0.1202453439558606
0.09573163610349644
0.05945347489868031
0.04824100259814512
0.227072386438174
0.05956348495065049
0.12958162198893727
0.05053339793516684
0.10243938390286277
0.05861581914407171
0.0527054633732369
0.02537675782668886
0.09624306535830512
0.02538276274321817
0.02361510237492102
0.026101330109609158
0.034800048273866624
0.02539239877178816
0.0958353317344702
0.09261859033910932
0.11333533938423992
0.029015113545665494
0.09489501665528427
0.11710815927651146
0.120534664721882
0.20365735132886265
0.032714701375843216
0.2378012596394345
0.13984619780508667
0.025375245719503958
0.02537887859136809
0.11670715175447502
0.061715481226122484
0.025377808876982582
0.03558138946368534
0.2326930453238107
0.025620812776114384
0.02544747105118941
0.08163356793742299
0.06317965434556863
0.048961372875863836
0.025417003982751686
0.19180055732119697
0.033671576634049384
0.02564576128705481
0.08895560469030647
3.33470356592166e-08
0.05683145301668575
0.20086375031765666
0.03526284030232785
0.09980757118833798
0.04459621549157355
0.02537753132282137
0.08438443240224162
0.025246534241549125
0.025377138424204956
0.036219033696971686
0.1275401223755034
0.1203960390065618
0.4239529956100012
0.2826245034457486
0.3161990225143096
0.11054164634788602
0.2964939798098095
0.2896967830464717
0.2112487269967587
0.4066016155147285
0.3707686192994383
0.09959958868828457
0.18507151360295895
0.08043785821686421
0.2623750603923413
0.09557163954203944
0.26420240759145386
0.4329647778523752
0.17532267363964096
0.09655162281288017
0.09084120360528172
0.04764414634576148
0.14607266498419308
0.2494787890552633
0.266449663256784
0.023390611597783908
0.052912705335704316
0.023210251271777938
0.0795526452356855
0.02537616657576876
0.027974583140455145
0.0363087370888898
0.026366018477095854
0.111171452121151
0.04737901522833193
0.09151004807570123
6.608440110305486e-06
0.040967095257792935
0.15719711034372913
1.2313651792288358e-07
3.33508748998497e-08
0.058172387267321664
3.3155876854016023e-07
1.8631174484647738e-07
0.025400648367615988
0.035061249374021615
0.11778837312725468
0.087421004586493
0.04985207216920391
0.05395493592567712
0.06009945124760531
0.08550892633544467
0.2978930361681958
0.28116890135374195
0.025533992861938914
0.24972637647274315
0.05174429727466524
0.3050926747254915
0.08634290360265846
0.10121919096793937
0.025375673048655813
0.2886228542385705
0.021647316315696948
4.553098422539391e-07
0.053824002313028516
0.2562504274717586
0.12289209844375122
8.013325231857904e-07
0.0499491422607825
0.12280528058860372
0.025376642657581085
1.8626400703100488e-07
0.28024315339519384
0.17603394540519632
0.025376282876558773
0.025554748025740277
3.3290686953618083e-08
0.0291278239008316
4.3066194611297343e-07
0.0674087453930836
0.06931847413022196
7.902980991049936e-07
0.07064922083053962
0.05611174830139507
0.0564294795069512
1.4123716144764827e-06
0.09824692048272207
0.10215043153430237
0.30711163061434377
0.2635813213214201
0.21845802339084208
0.0914408067840924
0.16980521372489624
0.2401023506930877
0.0254540786840235
0.17168986565276714
0.1489818314796373
0.07818825713876255
0.04196223619627785
0.4356170422559173
0.1408430786145822
0.04602925760185428
0.17273852038341872
0.12168826763992965
0.2724407276169447
0.05170658631426432
0.033415074065867675
0.2970603211653748
0.17174422880382426
0.10779918464225983
0.04025984816102192
0.04873151466959643
0.025876545400050195
4.5273969279779435e-07
0.1770037152425272
0.16638219670628746
0.025376251610408605
1.3976647154188914e-06
0.08977715943102131
0.2422813848011941
7.996352601093424e-07
0.025434857186820682
0.09078454024063368
0.08574216414982881
0.025434956358978064
1.3779965955187598e-06
0.0253759037323285
0.054696088233747525
0.029543303061899364
0.025308091645289903
0.00948433195238258
0.05760215495185236
0.039224870472982426
0.02563627183295809
0.029092285237276437
0.14565714633614688
0.09164886425022001
0.060179734998890025
0.1227866370387242
0.1269383792952929
0.17471094263542214
0.11032141342924323
0.2082576549435422
0.2504048543423378
0.1474595121207294
0.16034817965482318
0.12264201308897445
0.17314995855868615
0.053250963289265305
0.054390769605049835
0.21368795426816467
0.20613420904341626
0.0769793816662925
0.025375969271583875
0.07824772982442793
0.05225345666146043
0.10056588475089127
0.18334973788092584
0.13224857549418184
0.07251007334393494
0.07275530917667122
0.12819167750920554
0.06855290993891383
0.16655406571282572
0.03730179182974725
0.02724769522291349
0.036806708308958255
0.10231967101215446
0.07667710199033169
0.1275430566949275
0.19204306073059388
0.18735911883132314
0.096085038839547
0.13657613080072728
0.10914538020992827
0.10947631563282813
0.15400558196604766
0.3279715629417722
0.25462721439815417
0.22632181359896966
0.050545412490679065
0.1413655524053088
0.14845687168231464
0.08227785026342113
0.2081156060143938
0.19485350359796688
0.02537599116262169
0.11546862148600592
0.0768112954076808
0.07645924367409128
0.06321716525319099
0.04997413008807107
0.08934017325809587
0.048964723431902925
0.07743639707631847
0.07673170085213206
0.05785094520034651
0.032317272987538184
0.027960522173797898
0.10655824529982516
0.07942180064447597
0.02540407416110864
0.14279857875870827
0.07005085990468618
0.03353386877774592
0.03304738154119668
0.08579041903590752
0.029160721547350325
0.025375987626297287
0.02537596091731162
0.06071969666419565
0.05927825124443471
0.02547572499767348
0.05095130384041768
0.0255026813289874
0.025369405819756472
0.025388436944976923
0.12401109271613565
0.03544271935624329
0.02539478291595884
0.07583006859040899
0.15624043049694222
0.01601136275988184
0.07577120369889849
0.05670019914679949
0.035163105620455916
0.06332023849244417
0.1442168125082285
0.2413280906757576
0.22861656409836534
1.4089845050308416e-09
0.1552724258025528
0.07921513489676091
0.0895006686345531
0.24451666234063535
0.02537595085388036
0.02537594586165113
0.1677366621533854
0.07906260247940503
0.0805130542895132
0.07031775804693981
0.16409726323580506
0.07103468636635983
0.05217145569316059
0.1855096331847034
0.05176372952905383
0.09967663868638764
0.16327585401379316
0.21952043169293264
0.08045192918645559
0.22238499742584253
0.3070962648793508
0.33899060027757844
0.22592709350141385
0.059240610844640586
0.1306897993624896
0.08350393975466358
0.14128249617609615
0.08675239305580584
0.3491057822921668
0.271470171710652
0.10389775087634984
0.03861968983199657
0.2624843928374084
0.2439846507412963
0.025409389155124088
0.04159384965443683
0.2210461591969613
0.02461459886099229
0.11081445295595037
0.12079876790292635
0.16687304075058693
0.13593312860375298
3.891014200797265e-08
0.09467600556125803
0.11111933255067112
0.21505223186784755
0.06147562294642338
0.11285884080274472
0.13009505333088325
0.13020299971332208
0.05402142149769056
0.27835926943011025
0.21267509764093276
0.18102066424750352
0.07739725299433067
0.13741465683408785
0.2359149001762211
0.18226384703854076
0.08975808150481619
0.0878471339622925
0.2503919346777009
0.08881542866789115
0.06964236882757956
0.05144709041099469
0.025714029260224976
0.0833257541685135
0.048856949341075616
0.02538689105247585
0.2170391015734533
0.0706516907437035
0.16602189779344226
0.1120083176193095
0.12142788628426016
0.02751703868239289
0.1861152885718148
0.21280005768021332
0.05499456334251932
0.2927464136058849
0.22638565130752986
0.2978804732354778
0.07700671940102426
0.02538958302244856
0.06982006615255165
0.05219554514360402
0.07245758057248135
0.0661917910940393
0.07746182152540068
0.04917446289977967
0.07953767822582965
0.0714634867768973
0.025357045769885882
0.061513566173549965
0.14497579430366134
0.1127855619995484
0.21661879833532646
0.14121763610569915
0.1312474630878316
0.08928363225395043
0.11361454604491765
1.761500188765421e-07
0.02553185793623973
0.010030917823918812
0.06556385326862338
0.050583428790819104
0.025376188203310925
0.031261036053616034
0.07596324080759131
2.6660467941926272e-06
0.054594641911106495
0.07598182342521699
0.21363578493937516
0.15405053909557434
0.043030067423303967
0.053041624877621936
0.0542329338046413
0.025483551765969517
0.02537645736209889
0.02545473185499591
0.02538182641090422
0.0143653056299587
2.4470035713596256e-06
2.3894315534652747e-06
0.02532504494207604
0.02484159380676996
0.054345399277485794
4.3008826212824755e-06
0.01980703460080454
0.1131574851072896
0.14573865072578826
0.3065502885449412
0.3389294263375113
0.3101324620776416
0.1455980019321768
0.15534539174576892
0.039039796844855104
0.022885043234725226
0.04999187887592562
0.0254456991231481
0.01002825753066081
0.1022821022487004
0.10151526343369133
0.04297095829531113
0.09411681646747637
2.167736816232043e-06
0.025452571430824585
0.030192899418566226
0.010114399531191065
0.17658716604780164
0.02178041581455485
0.025376984375896104
0.02595123641883203
8.877333379661416e-06
8.877333379661416e-06
0.03325544879067504
0.017017127596609918
0.011249930538742068
2.0424952380036077e-06
0.056408673371169275
0.08036752543964472
0.01015144028049342
0.025547526276497676
0.025376437659353147
0.010026180330430273
0.22106311233353032
0.03758678274496922
0.11143024111602973
8.877333379661416e-06
0.07550576190942312
0.026320817957990798
0.15711597443817632
0.010178759715888724
0.3900483346264142
2.7996776593061927e-06
0.05388531470652401
0.023881182125313358
0.02539314060598841
0.010097240786398455
0.04580462948660936
0.12373228319724293
0.025658992193772788
0.08425492145754054
0.024109157097055203
0.026241620057726227
0.02541334782481566
0.10044181572233117
0.0902616818991544
0.08585729154794028
0.052290844193232516
0.24934009668366036
8.877333379661416e-06
0.02537437954792906
0.15618413487272148
1.0027977403738092e-06
0.1504454289588982
0.029550553269350206
0.01042890047705895
0.014379054276427003
0.10220865740200956
0.29033893544737593
0.026459047257211238
0.0465413815592772
0.05452806186041635
0.02538738066180713
0.03601391025127468
0.0628004689113023
0.1099660142838674
0.010172293837844643
0.025331176734595444
0.025507013194139932
0.0688074675076057
0.11883855991385375
0.12726489246763165
0.0883057109849035
0.010362443919094768
0.11564511978367713
0.13506071954068852
2.560836709314972e-06
0.4354288503661888
0.0048330655441921715
0.2313848813844044
0.16382395301051306
0.16782902093730834
0.16110003169877068
0.019095607780255115
0.11373778418378705
0.031497969141625067
0.10367967686076317
0.07763014450488935
0.12005929080912428
0.025383986197155328
0.14850249597314674
0.10373719807320236
0.25558353996788885
0.1511395537220536
0.2115700678374688
0.07793463002895669
0.049820175851150734
0.04390316545521327
0.1561956268051594
0.12106466918325275
0.20878384116377136
0.025885904356152067
0.02557651295997268
0.1296648602389743
0.17574502876718415
0.18330102073292814
0.17957185986885724
0.190747779002036
0.14216520778741856
0.03605963381009875
0.07585089201400774
0.08647083887923178
0.17946353084866493
0.13454382820991392
0.2579147829129437
0.19079171419424906
0.14204721441452914
0.15987553468288826
0.10234667798505298
0.10788566365314084
0.02537609213347208
0.02906624168392772
0.025379905884107275
0.10178535209326446
0.03260748961735182
0.21750746045685898
0.10816650187423567
0.0594896089987749
0.17686711773780722
0.32921597701360183
0.14628475191764145
0.17179274937362826
0.17408426550755995
0.2655309569837647
0.2076940760060681
0.09816207044311867
0.1746188383459198
0.1557935214205462
0.3597531707585215
0.1924234344495541
0.09947254485654952
0.09896227951446512
0.09732378150471764
0.1560370951542569
0.027325867486482497
0.07453320216509596
2.6670590631803508e-06
0.0253779133887038
0.04123229319130557
0.1638913743990689
0.026511960041881163
0.10972269406657496
0.0518840297752578
0.4301349498266304
0.0005891801777386822
0.055164139598056064
0.3124204485685001
0.0005826604812040865
0.309628116808682
0.02580045189959134
0.4329426355344837
0.03491134413182199
0.2390246674206771
0.0009011001954555405
0.19254443291542706
0.3002161257180445
0.0003464242240554136
0.26050158338783924
0.29221952735110124
0.00047367459274921033
0.0005683715296879617
0.28661848416802554
0.40459676347062795
0.0006404434520469192
0.387833434733828
0.0008972302252422601
0.25538011864106297
0.0008546527330533866
0.0005481590878280208
0.14255696627856868
0.3368140395004985
0.0006378308030466537
0.3362632300290169
0.029760124866484893
0.2569542926639733
0.06663877537786296
0.1207770076933522
0.13994049052452967
0.16829810138153514
0.2227093311399621
0.2600771465299133
0.1561044530654533
0.36944082933369343
0.051139249872148386
0.14497841801367112
0.23962765595925897
0.0944994858797188
0.06862493758048167
0.2178603192589812
0.11047813736254952
0.025367558071173902
0.0718988743930116
1.2395042735273285e-05
0.05540456657847388
0.12109241727567292
0.02631985947952886
0.04056880111531266
0.12583483191312655
0.1011511201424648
0.025690348751788158
0.026648620570859517
0.059553659323900526
6.454683984022459e-06
0.025517079900894163
0.026931102770313898
0.01008672909945986
0.010120925988905669
0.025575904673738825
0.022612188553815138
0.0001114891412874242
0.010098436336173073
0.3033184062977954
0.02982125259491868
0.078471698846733
0.02537616421478095
0.16392672126646346
0.15973494452099796
0.05683890577908578
0.08501048196755813
0.0254737394581515
0.025455900406661798
0.02249174789962269
0.010192011119129957
0.010530487009626062
9.75365698749918e-05
0.022897109594461486
0.12882990325988303
4.92863336394412e-05
0.00015937431921052056
0.1020801348037364
0.07156277575817872
0.02539835403749309
7.235013923264871e-07
0.0002750347172847283
4.5899658824597e-05
9.284462016360536e-06
0.03887496788220272
9.284458470652825e-06
1.6274167578381456e-05
0.05181052552665103
0.026531893984561874
0.02560171852845404
0.4230066814794493
0.02105340319525812
0.02537731669323413
0.16166835023259574
0.031280168558529706
0.0535453731611193
0.025386727913106862
0.03450721887130483
0.11180795863253334
0.03710814136227002
0.0652300038586848
0.025403698092857682
0.12045176811521907
0.010220596062452823
0.13050564271037926
9.42951786086942e-05
0.03479474503166677
0.053290433896909815
0.056294263604218735
6.882793935275415e-05
0.259218653908112
0.04491991574167024
0.02538533419525836
0.0253870819539316
0.00015287187995040126
0.025508239711888384
0.04999876977099276
0.0491782713683143
0.13983051850948314
0.033594098194685784
0.11720102841025955
0.11852077454068158
0.02546186152592995
0.05802220748018135
0.025565414896625897
0.025377328743422498
0.057875738938992574
0.1825444820108912
0.1392843765717897
0.0984520340246141
0.09172704276668413
0.3823383708143998
0.3950966027835567
0.08201990303545335
0.06297401658208837
0.2372991473210093
0.09408764172654747
0.010978479990021241
0.01185815102161823
0.10158535702189794
0.1721891430249252
0.1034027240205742
0.025376894319118225
0.028279720525503857
0.054515121430766825
0.022002122807612125
0.06751049746547133
0.08375089848773848
0.14688154570366982
0.026027297276760498
0.1373620182033389
0.13410850455042053
0.2331041584292241
0.07889390280144015
0.04075618152053489
0.07436084393487045
0.036003494360519174
0.02541830202312769
0.03188107091756591
0.130878792810607
0.4343617250660343
0.0497564770005481
0.10478706575639576
0.10187847616622253
0.20505556070582104
0.027135899501502005
0.06845960180770598
0.05329167833708171
0.12618635106770454
0.09847476576474797
0.05798736330625516
0.0246378771859346
0.03892076352328542
0.010351605099070049
0.08188758279158673
0.04796730259956564
0.12633257600020112
0.025864855332182333
0.09040809238479264
0.02566698654744744
0.05024227694987262
0.18685979241069925
0.26603426438929983
0.029018680116532226
0.0377042469467597
0.030948607152326963
0.04145083902414543
0.025382186845776655
0.025402387749051302
0.07590805658776917
0.2064130150647231
0.15228336060996775
0.06490958931306946
0.3936791246158276
0.0245326670907536
0.02752539003610719
0.03676951787446691
0.06681959772514796
0.03390867506660385
0.047934470284025664
0.00014462204239057316
0.05052578545468833
0.031042907325866568
0.07889639976270595
0.025389598892832425
0.02538462209674934
0.16232964836185496
0.08679305641546606
0.10274215473010513
0.0749427413302904
0.06447738908468828
0.12090046029756407
0.03617237149020267
0.04608627330718332
0.18264220577523507
0.01430441828590959
0.025448232863619958
0.025709457657773844
0.037374381071110636
0.18057342403307208
0.02539998912136367
0.12326282537811607
0.1016974903472251
0.07113101877532035
0.16697943704627874
0.027275836823071168
0.3794846859097169
0.0684613146597851
0.0001172262986542405
0.05000115689588177
0.02544618603475719
0.025377964285291092
0.1465571015807098
0.06794286912468969
0.07234015208727461
0.14451873259565307
0.031047091567028593
0.13950919671539733
0.1830286636412414
0.03012100694331686
0.057385408123831215
0.06558854081387863
0.01200800908475326
0.010107336555157649
0.025430310084474616
0.0254382635903425
0.025618413742979927
0.03881090113401193
0.025395460104030702
6.276299830589076e-05
0.03572359248417937
0.13526503770268808
0.09001682107174587
0.021896366829676026
0.19894572903865015
0.028071143660762552
0.02663846459035683
0.010343684836406271
7.23398595414515e-07
0.025394083474039528
0.04775559007123123
0.16993351800180415
0.025389708973471405
0.02916863407799138
0.02539665130815349
0.025542897298496767
0.1453151235763993
0.3045332992562564
0.09407401761440497
0.10756389525800203
0.024809062364780816
0.025756926870625748
0.025411971446905098
0.11226132569168076
0.010461971643079907
0.060250322436106125
0.00010467325422592592
0.1055685782218854
0.0684038987053478
0.11989071694238228
0.09319386697024676
0.13239136969020446
0.17777814293484231
0.09358593471550364
0.01566340282301635
0.04447751010607243
0.025625487280127483
0.05393517922729329
0.02089871105376088
0.02538977616961036
0.02786509181456812
0.03742187538151494
0.02706172128177653
0.025382968296345457
0.025529061887252114
0.08885079596427978
0.03781823228094195
0.0318986840923665
0.013478321182215052
0.13821238962729646
0.0253984321080708
0.3840694034553101
0.025902068024322742
0.0619735005504684
0.024277240020554185
0.04001291007416285
7.782487970443078e-05
0.025408489870429155
0.025544517447414074
0.04209060979555981
0.05638830937695305
0.010259620781004305
0.17266995917363562
0.12186409087641432
0.02669386056286831
0.1728990672728418
0.10388371519673713
0.025481707752196558
0.08553084175055059
0.026543984966969768
0.08067123763305067
0.03979317997919475
0.025448477096418103
0.12238376483111275
0.3706093312191535
0.16400633036106174
8.070779362476908e-05
0.039257595023974426
0.3375074357951817
0.025523551401604727
0.026278980317248058
0.017057326577388125
0.05878454678262919
0.025381932840766463
0.027710516703179814
0.025621960795614032
3.3956972358068376e-05
0.025484159672482385
0.03802973122007526
0.010287642344805413
0.010072255028633523
0.02537615803498207
0.10200196575947353
0.02508168328679633
0.02125871765196561
0.10036292738509878
0.11846073822369868
0.010496971448035741
0.19364480662927225
0.31356674351479824
0.02544991230587549
0.2615339833359959
0.1203177037435085
0.1272486688074533
0.08739108348202752
0.0724735060191464
0.093174732230562
0.4849062252200363
0.025916049566980032
0.03272321530640893
0.025454196037442603
0.02537731337183805
0.025231301403569162
0.02537857292213079
0.05836319110717885
1.7498830802232664e-05
7.38255354693922e-05
0.091666842857029
7.076605139788502e-05
0.02544203342020269
0.11037424184673973
0.02537604858301129
7.481336466778111e-05
0.018204735051606
0.03300952621979016
0.0001804484823057184
0.06049416218238916
0.03769730473015274
0.010511380902250345
0.4207873970483177
0.4331474619514887
0.0002744472671974892
0.0484863814264351
0.06111229662461992
0.03994978052007815
0.4733272555295244
0.02577667155056137
2.073440779853368e-05
0.060629999776512976
0.0004146276654870995
0.059513366374216635
0.022478850597426662
0.049359782335170035
0.02537820165704919
8.220973179619176e-05
8.045509250824167e-07
0.07576883143218457
0.0001175056357978688
1.0086504793781378e-05
0.05804757720130184
0.058262484864067224
0.05809301683741031
0.02541711140026599
0.13159944216311356
0.010098523752193587
4.7403929092292325e-05
0.17218939981429648
0.02642272453359956
0.038281569072432506
0.3943987773087811
0.04096183181082085
0.02549140256313977
0.10482439161928077
0.3027523268056527
0.03684813289183788
0.02538407930352205
0.025500325653793596
0.09698837124918154
5.05983105952532e-05
0.14697296522005138
6.528945098177842e-07
0.1707795746188233
0.010074297779522614
0.052698787422702176
0.025459728278284344
0.025387659263627637
0.025381302519263564
0.0002744408395522563
0.029110484640130087
0.02977687473014456
0.17053151143533055
0.025446272605229383
0.058373983737615126
0.04860345993226978
0.11891577397349865
0.4435616569619891
0.010028036394459304
0.01668609447424758
0.43163789160932026
0.14826845308908498
0.010030251243804278
0.00014043535241037124
0.9981627400735134
0.17231476479462227
0.3743192016388077
0.03144635112191626
0.3058689688203897
0.05840090597526103
0.0472073941021701
0.04756546337355574
0.08821861860928228
0.010650172886881769
0.18729502830164435
0.0440627490726112
9.10625201996687e-06
0.14998229248433634
0.1616312413050263
0.02538308660672541
0.15616113398880493
0.056117811477170564
0.00015968135197671232
0.02541564605580078
0.015490128926815243
0.00017414990728195886
0.035560313328392795
0.05384287967406196
0.010031632078188493
0.028289759111738567
0.025193773477912032
0.07452545891351725
0.029313127147457527
0.05434022540640053
0.07644781227996766
0.14079270637320987
0.09633942711977302
0.03268496519065714
0.025599262403608183
0.1750959137084223
0.4094304863035809
0.07016420804875731
0.16489103418144535
0.06859675213639066
0.013837479592173208
0.020306875991732854
0.1385746250941613
0.12030858825593893
0.11913830686460836
0.050338618302415546
0.09688258021781276
0.4139508372357638
0.03668052547197916
0.05826061624695378
0.04825900001275884
0.1667125671451918
0.07272270427710661
0.2368197127499989
0.1528074854161972
0.17514981450566594
0.13873970219572268
0.22303686679728568
0.01784846606503966
0.2555864549755208
0.010271002104878323
0.02538718399640654
0.01002541551306902
0.054675883619077964
0.16514381878311435
0.0938956363884888
0.04910298944150406
0.2113029653694588
0.036784561386564364
0.1670843893472404
0.1420898578445038
0.16931549473928265
0.27268163564852754
0.17249204727486214
0.16143630128638795
0.025378742472535614
0.038366327969061684
0.15560660366243514
0.025389537123864082
0.039649960542386654
0.14216308122905807
0.1138630543911478
0.13252819483819475
0.15367810673785615
0.03154501823252098
0.05584375609630848
0.010030849161171272
0.0254585431393006
0.025377605735626942
0.07162389822647032
0.07079455841680166
0.20230685530860254
0.04850521987131411
0.0545912373813657
0.035787927945172215
0.031752205963188666
0.21320904148418585
0.1350510479541028
0.15483216371208994
0.054230331703003495
0.2398833515177156
0.047014896096139035
0.027585464940546547
0.1466454497157034
0.14711385069681854
0.01003944139147265
0.13916366440408529
0.2011110800004108
0.02555826472119327
0.013064392039868849
0.025537485398274717
0.0821140920531114
0.02962579897625049
0.030024014389147213
0.012244044290345316
0.1115495868606318
0.17610672277233713
0.10793893804429176
0.08732520322736953
0.035768955757635744
0.018561898250604714
0.0381685878632269
0.05536168525717353
0.251658164544546
0.12499362652212008
0.013719900760673476
0.10765170116444524
0.057158055002391565
0.07500599844891992
0.02565503298787097
0.15976155683563645
0.05488084374998073
0.025382676734482152
0.04292418988069822
0.02938078463907438
0.02538885165965044
0.016018287627714227
0.10729315824457478
0.09255556867515816
0.05442503631936036
0.038861040044519776
0.010994309656059516
0.132825417563633
0.025061241629139648
0.00010300483976469546
0.06236583488842961
0.045874789505603385
0.010030656353567684
8.609394590513565e-05
0.010052372217268712
0.00010572357603253298
0.025380910990802696
0.026890591987329758
0.010041667947077568
0.021049621539802863
0.025446265495952487
0.02546530876194036
0.05614578790694113
0.025529182746304592
0.07018345467556135
0.04160279454545423
0.02546883542773828
0.4242477857939423
0.02799271751188736
0.029236125403394563
0.19851199501031927
0.055447139193393766
0.1080677191636434
0.12152193974873644
0.215167571505205
0.04064036921830925
0.05842890269904229
0.05911036452633341
0.1104040106442916
0.12284265355451822
0.04820784139256581
0.12930446676403354
0.057964382343357386
0.09777739199526067
0.029060572912867268
0.15777319541415294
0.04008873774030495
0.11665696742906312
0.025387285797126652
0.17934826084358887
0.19399052854317395
0.12714207196002242
0.00016625670988531315
0.1626045374866337
0.03336081452026612
0.02684123653224772
0.025384237372952208
0.11250153977538796
0.1545720660769181
0.1083096392176043
0.011547227375883923
0.010131109699910242
0.10851607768926676
0.13904114698240996
0.10162313428410204
0.025386925106489187
0.09476854706951532
0.05755862760788486
0.10557610255590376
0.07278905539884667
0.15935516269707842
0.0960897576275794
0.11176039042555604
0.02537871026803068
0.16549745836341395
0.14114190782613698
0.37485967407959386
0.08811131898072247
0.03667446400836525
0.30665289167507026
0.07686149416936877
0.07938192564139589
0.052444262232259335
0.18729759833751308
0.07651460572703613
0.017798264267031454
0.3394730489399241
0.2424028889523059
0.0645100562856686
0.026996026900795143
0.1074375617590518
0.0253982317321041
0.1397380385142991
0.12324610094522735
0.12402607682636806
0.17708775306701235
0.17734449752597745
0.07135094444564477
0.02681776942966931
0.07072558654964753
0.011845235725419652
0.04497727061563258
0.18532615396028732
0.4287540207310688
0.12487382373468478
0.15039093534307424
0.1403477767865186
0.07891376173420331
0.047509293694148434
0.026860300591682047
0.014519768522595131
0.10745099451679968
0.08084208763705741
0.14198088481993495
0.11582580348728685
0.1754806495161141
0.13518199778741233
0.025482480437380075
0.0334997365710191
0.03000814160280488
0.07716127476192351
0.010049254074038222
4.834067800223982e-05
0.016548274405538046
0.061114471371560036
0.025953441864375818
0.04486394075408105
4.58964875075247e-05
0.1325891800309195
0.020603755492116262
0.15807471057918507
0.0386378266855384
0.033264833355156675
0.042715180564728325
0.29983052605230603
9.284555046628133e-06
0.02540156129405196
0.0589132855617004
0.11076980552227686
0.02537732865593744
0.025392564804759862
0.015327202032574832
0.010027432119657191
0.03635901810872698
0.0526077686829438
0.17789117620235986
0.3915348100432648
0.025382731746950462
0.00012201670691457212
0.013945813524506363
0.03727530929594143
4.589746983448751e-05
0.06480144056014883
0.2562473410661961
0.010775781456181695
1.2290794876282318e-05
0.060296235178627575
0.20323044141358795
0.11286336362453155
0.06269968913206019
7.706418101375343e-05
0.0534967952791072
0.038224577638132834
5.928413524900354e-05
0.025379608616321096
0.00010423024615100488
0.028412960025292342
0.02540670353704427
0.04242868626252879
0.10719632438497838
0.026863256676465618
9.284558031966376e-06
0.026400845312769528
0.010296993281717131
0.010054993426173707
0.09368266829226014
0.07094999351984972
0.010064604840593835
0.02583331398710791
0.1722419643083084
0.0632996266109315
0.00026606530572730974
0.025226124439383317
0.4303788626257929
0.09296394355929408
3.234904497057777e-05
0.12531650405358594
0.025578099766314918
0.11463499471862285
0.04344313089989425
0.05103657004353998
0.037587043770703016
0.11584534849091035
0.02547405553454339
0.02482093063410371
0.025367762128530362
0.12225192104258235
0.05823733627205241
0.011128272775471196
0.08822328078421249
0.02476404470565813
0.0001233013563650699
0.025379957979155883
0.02538765052600189
5.843211254425555e-06
0.019185303907847968
0.04276645712508905
0.020103273021826983
0.025376184944769013
5.7286768237063825e-06
0.010661500146000374
0.020433596084254976
0.03961505920334717
0.1797938223840702
0.01362853815328599
0.026031358460616025
0.16365996542095446
0.010056873944231885
0.026008772528427083
0.12238315134488133
0.04237566429421855
0.14722641892176053
0.09962897443200236
0.0388529594973106
0.0385457343467795
0.02226076887452764
0.025378813804205126
0.02542221277947908
0.011218680885559185
0.024434835041864892
0.061610957333588325
0.014957992616787059
0.01997977165349945
1.7771444474246772e-05
0.07618702699504758
5.026536014802882e-05
0.06497232539954018
0.02537806624383487
0.010950162230917646
0.038956133802115
0.04986454496239237
0.1361982726713232
0.021711936086461683
0.11350198127962273
0.07135979888381397
0.17184647504883566
0.04172780809191677
0.025379400067452474
0.02557938155557123
0.025353137912898973
0.09834766972126899
0.016536952060960376
0.04176989978521327
0.0479823504393845
0.0584811312040014
0.025419516697734342
0.025534813140653045
0.06861759911951126
5.674610257731621e-06
0.02552830233494553
0.025570598558504482
0.02541423035388861
0.0294482417103223
7.060079821470265e-05
0.02578898307829129
0.03486541239256041
0.03006171622757077
0.02558609164642863
0.041156954267717975
0.05097243029704586
0.13524259605559946
0.1154303998760032
0.057450648302016814
0.03648913315433089
0.0519782502216819
0.21989739895736526
0.05043715308798145
0.044055603472149735
0.09486927080299323
5.533694310122276e-06
0.17673538213870582
0.0651489137151296
0.05834601639400789
0.025422631537278667
0.0330624246667178
0.08572609027700029
0.1855844401264478
0.044613568649054
0.02543807471330306
0.028151178861167237
0.0818794994173343
4.978499398319508e-05
0.02555043030248582
0.00011829461930971323
0.01094160806864978
0.04394285852618417
0.0776803619770452
0.04526830576772207
0.025396606582878487
0.06113112891514965
0.12218027252863355
0.02541986469478376
0.00026621220629039155
0.1330666365174256
0.10544959648346902
0.060060393194861124
0.0881732159005039
7.233026015132206e-07
0.07982790426004731
0.0246907514977597
0.05505120347283423
0.1561215583411537
0.12092365058304033
0.05303217965709051
0.03851455410366268
0.02580777216043301
0.09989179572718723
0.10128530753507356
0.08587387873797611
0.07930591483842574
0.03676327157031986
0.09316204791480284
0.016171682937606298
0.053453059665784286
0.06841534687784945
0.3526672695279953
0.025274227011069225
0.17159591666650978
0.2082764703377037
0.17237132031516694
0.22220570207581847
0.3029137992321798
0.12787186552340826
0.13543446872513726
0.20902270445714544
0.07178897620726099
0.0655683135582615
0.3057292930442692
0.04286614015867743
1.4552962995028958e-05
0.025591817887159755
0.1361006313632583
0.07374922057630506
0.07614895288893812
0.05701376050011427
0.14511642464457292
0.025518565179646603
0.09227096623680776
0.07226672476549525
0.012627242095351628
0.3153188428295437
0.07168926141240359
0.028060562581689468
0.18150435237268697
0.05301643657423826
0.025827716519472476
0.035320518316543426
0.01980040304888756
0.050523272358521665
0.12178771950148533
0.025386061256001017
0.06474056184078791
0.04882101736081712
0.040480709559905015
0.02998241931188298
8.878976086076938e-06
0.2325984120751459
0.03496302420095153
0.06976611075739264
0.02541808188963044
0.041609911115110185
0.028346638489235125
0.02537624372870747
0.0790085991416588
0.13600913582567598
0.010063982582171142
0.05468755424934995
0.032949841635043886
0.025778986667075024
0.09195964972868192
0.12532238141792335
0.010214648474061774
0.02623014082827529
0.38755257671250026
0.05703201240949485
0.02586023510366275
0.10426973280470106
0.07531173921108801
0.16404815156736366
0.025597929656129108
0.025382947873396764
0.3435147760552828
0.01688556108410461
0.03804509547521818
0.024997124449014318
0.09741996118556086
0.01192444894210468
0.02588857304072393
0.02545837667833115
0.00011780622951549944
0.02545858133056344
0.03947989463659005
0.025730938562006256
0.22650803607120984
0.09881964684512194
0.04828302772956181
0.00014676693408027566
0.11106329529605366
0.2514259917806237
0.13773900256875687
0.08055837652529263
0.16026433101823606
0.08524002849919117
0.12447329427682607
0.03318709232944392
0.02030909563440949
0.0557620887807222
0.025417634485968562
0.1292648624083803
0.08391282816986845
0.06692085151220482
8.328567707316321e-05
0.025377305331273036
0.11359803724360602
0.029654814931446
0.0001065673545438492
7.434897200127084e-05
0.19883267639632451
0.02561698957252989
0.19349637917304185
0.03004744224469072
0.08495216027719944
0.0580121173458078
1.1526185238224671e-05
0.027296892097961486
0.03127526334628593
0.03185395891471457
0.026824638258560463
0.025381534784467048
0.21145942262597445
0.010136478038550379
0.09679855384831568
0.11019576478235192
0.0979687875915822
0.06254700475743356
0.029155594923304638
0.01003502899875798
0.0784948845375807
0.4352048595663043
0.0423514987941397
0.15273435277308034
0.02587410085895187
0.10530516850070014
0.025562093025086014
0.10879729966786957
0.025453394101863418
0.05210808522893666
0.09752968490454372
0.058027295550101124
0.06396175150072543
0.02933549348479171
0.052702045186339135
1.4849561002819908e-13
0.061357978615527865
0.02557196953256689
3.54441344433296e-11
0.025376432770081864
0.07353474223612833
0.02644264484587777
4.6491204158652327e-11
0.05769897341973153
0.05091641236149934
0.058225628360682076
1.6676437078897907e-12
0.025376076746556026
0.05074436646986761
4.108720839939919e-14
0.02537680639286236
4.553979833503734e-16
0.025432923721852102
7.764409983119255e-13
2.4051265855492843e-12
0.056608059104777474
0.025375427928994127
0.030207926774232837
0.03969316024063321
0.025375939879254742
0.06816991801497041
0.05806556757270495
0.058257034746819675
0.03914186085367145
0.046914677755900205
0.025382723222656643
0.0751135179219541
0.08838763762638181
0.025458434651847425
0.08437865460359717
0.0516318814332592
0.08579866434215659
0.16695822611357586
0.06477209735978458
0.19235267274272147
0.19450021585297406
0.07284224885520088
0.12342900706167255
0.1436784079331995
0.13712423448050695
0.12212923445696168
0.10155078578356128
0.11116400772399676
0.10703415432393207
0.12010979666367833
0.12369124624349305
0.16754634044334213
0.051295733336112516
0.08129858297768396
0.08700646511031113
0.05088840484984653
0.02600981708002026
0.06354334100172015
0.14107474816278998
0.051426741203110735
0.04722115735846456
0.0690751830030063
0.07718021696801068
0.08084319985461291
0.046510185702008884
0.043592849347205004
0.11620742676674052
0.05961215051028654
0.059139700654876864
0.02729851469793667
0.12528748050945224
0.06398043189398409
0.06249123699545124
0.02872716167489537
0.058036346364441035
0.05822237919712118
4.513994014386967e-11
7.045299385521562e-14
0.025375957504438485
0.025402308354813115
0.052555124343096615
0.11708358038285027
0.1318072254211102
1.6291197039092308e-12
0.048610721865657625
0.05325536810566837
8.122787091430343e-16
0.02539862575589761
0.04734069122520551
0.05769927086290836
0.028885954687541363
0.025708958141952315
3.6303157523655454e-13
4.0004218670455894e-11
0.06311787312695058
0.05780225593197379
6.252593312659527e-12
0.17280662152165746
0.056496172326118525
0.02534960243594013
0.05219303154277787
0.13096803024512335
0.025389078319581457
0.025581817928440033
0.05069762134273908
0.18182442461497328
0.06499858407579202
0.025394711542635968
0.025372359981248482
0.10193677131242672
0.08209842567098974
1.54342428180629e-11
3.775203638107226e-11
0.11320903198025385
0.05826316116449212
1.4134137641129273e-11
0.025402704458892998
0.08730290756222353
0.030929370654748774
0.02577819621048306
0.05462177848122386
0.0740242933166836
0.0544783951003576
0.03247877448722456
5.383249621022052e-16
0.05489023142069169
7.017300329131329e-13
5.69154325162651e-14
0.02537595396686508
1.8277604847516033e-12
0.05808246732177452
5.560151953271075e-12
0.07142271778644724
5.013873061064106e-12
0.05831607693691845
0.028064681576610784
0.16257158693310686
0.0483437180656194
0.07427280594098905
0.09586109135675028
0.20304357196059206
0.17357612156671196
0.1187037016091956
0.11309866423581508
0.09988511919894418
0.1941607818827637
0.02552106925230377
0.02703341991296677
0.20073930711410384
0.19280670471257289
0.025375931624208925
0.1086476221942482
0.07728046994961651
0.1607320252358187
0.025353236025267987
0.06362235324772761
0.17523866905879953
0.1508953248573047
0.06011809476656293
0.02537609969237453
0.12452007299387363
0.12273186328468336
0.12164339556012647
0.02715094478058396
0.02841119901001933
0.025384766240622848
0.05823298963827581
0.05210753637208521
0.1716082148884066
0.074826327531687
0.05822943457846427
0.07038990385823611
0.16077234553869693
3.506941334392327e-11
0.050227710901529145
0.0585334067767489
0.025522593575027255
0.0446657321625337
0.02538535258554948
0.02541284548839332
0.025401657725494343
0.058343768298101124
0.025376047305821943
0.058274386471923435
0.029016067907055975
2.3641615393990525e-13
0.1294123707800493
0.05259818053381737
0.02813637954435073
0.025404907302804258
0.0915434157582572
0.08711870087408694
0.5316948063179493
0.5316948063179819
0.5316948063179795
0.5316948063179844
0.5316948063179875
0.5316948063179427
0.5316948063180016
0.5316948063179493
0.5316948063179913
0.5316948063179865
0.5316948063179421
0.5316948063179875
0.5316948063179794
0.5316948063179483
0.5316948063179913
0.5316948063179427
0.5316948063179963
0.5316948063180049
0.5316948063179396
0.5316948063179427
0.5316948063179427
0.5316948063179573
0.5316948063179493
0.5316948063179913
0.5316948063179795
0.5316948063179493
0.5316948063179396
0.5316948063179819
0.5316948063179913
0.5316948063179819
0.5316948063180016
0.5316948063180011
0.5316948063180049
0.056063066644497374
0.026440487592678454
0.058185794299090224
0.11647107443739058
0.04401421212671658
0.18768709775142448
0.5316948063179493
0.5316948063179573
0.5316948063179427
0.5316948063179769
0.07120451797258312
0.04939404261852006
0.08400807679864054
0.05581834391935323
0.128922479818611
0.02538309718806601
3.1538332255930813e-09
0.08270496063055376
0.02536277682321848
0.13984365847150146
0.09634348955941513
0.031635565793043684
0.07662086425076092
0.05640687615280918
0.06725172499717348
0.11318848217904708
0.10695167921288674
0.06148868155634313
0.10395933658422972
0.11236122696010856
0.07264292585408408
0.1480032024742885
0.07672387560269332
0.09593372569730856
0.013332761522871838
0.15688124737383075
0.1849638267814637
0.19765176067577214
0.08744106802376073
0.11290110558355194
0.16635809145617614
0.06236153298171281
0.07259349273703915
0.07861087915609499
0.08809059577555563
0.025284696966363814
0.12858715597472625
0.09662350179791752
0.1545001761714677
0.08587826765727187
0.030534645699742964
0.06833884273967666
0.09569336528245677
0.1177223758783836
0.06383517268238159
0.16817164357034872
0.15994554168136388
0.15942947101791038
0.027283188322358282
0.2004834754612212
0.14083778254699642
0.025375943461097457
0.040168143370315074
0.14089543989928194
3.794698396897875e-09
0.021689111919039702
0.025536002328003026
0.1468224180453147
0.1102430015273954
0.058568897190280224
0.025375929449430863
0.11984829652020106
0.05252658564823216
0.02500140208814049
0.07583782917483442
0.10213439603321232
0.07004132038187579
0.08058787307291734
0.08021811471883511
0.0792585288199898
0.026108419818736732
0.02423626052895483
0.16138988244728136
0.17915525927324938
0.1572707516574318
0.3100841386482156
0.1767292607173154
0.2325053238454365
0.11470503921425007
0.18071854657457195
0.15677791634041147
0.271692762579827
0.08087247295360955
0.12528545150013629
0.27298441462915873
0.18765999877453327
0.01829175235806559
0.17327029395382704
0.4201650986801117
0.14203141809050912
0.07760412326214977
0.09010160282911099
0.06697132128295853
5.494506432862983e-09
0.1285467396312406
0.09351044694679098
0.07521998730528047
0.05094218667014596
0.02329952840122215
2.839014054053253e-09
0.0253027918156298
0.05634952797159304
0.061948841878771525
0.035929101196840306
0.10604585359813336
0.025194446827100547
0.0847424843771599
0.19213201529226004
0.10707038411556573
0.14834845028078686
0.17219998425021646
0.17386690175820832
0.05077563944775918
0.09087574147699837
0.13539681426531594
0.08707094619996518
0.14429108709089014
0.04972421700174253
0.08878244018645591
0.08030783716088888
0.07674710656479118
0.05992127677211845
0.08598166374733207
0.12179023212729027
0.0768554099236374
0.055630420475513365
0.05029012868126104
0.12473583404322512
0.0263343818778838
0.06098986077819259
0.07904970315521605
0.11861971144227275
0.13903050614165569
0.19200624927601748
0.14165726842727133
0.230636853233189
0.2351435431949763
0.04119232760561015
0.042631755919868966
0.07458688792698387
0.08515400119115801
0.048783211962964715
0.10589218101380148
0.16937536851904464
0.04033568331830208
0.03650173207267387
0.027599813373844515
0.02537631267342268
0.05873776493274584
0.06567425357252031
0.027015765990055958
0.04909246591028128
0.045769428014332966
0.07691916916463139
0.1456184847179741
0.2363798136663309
0.04748384806900048
0.17948952443199992
0.10969655663979763
0.09153510586167384
0.06132392590809671
0.20635071239588865
0.07150583826400868
0.1496109841261804
0.07384682127010501
0.14976390099950998
0.12628110526058686
0.15840221432575186
0.2716495304238977
0.2571771783086893
0.22425282154643936
0.13445808335579348
0.13237090231403406
0.048294015266421735
0.2353250063845085
0.09629535739005923
0.09640298854357504
0.05113289516843547
0.13126689935433908
0.1028954034687407
0.14168267995337805
0.10050934828233246
0.09173674036538372
0.07404485096770295
0.213280219207821
0.06828598027140956
0.09662323137960556
0.2499287198623356
0.11219373057105414
0.11545325294167733
0.2923511676786315
0.19815097850047209
0.2031512612549516
0.025391806093273264
0.22582027499312934
0.010804813217144708
0.027076807364794616
0.009633040429508414
0.12976171876321027
0.02775823010345653
0.025376530650328917
0.025137246620873854
0.1176415733927188
0.03625622689114697
0.13653879845529748
0.0298259946127896
0.36551473596237294
0.036708792671465235
0.1986666888270822
0.1355403179369734
0.07282978679992656
0.13010003001538198
0.02537603780497912
0.13521201000869446
0.12247705138681099
0.15211381029448495
1.840063585219693e-05
0.15636495883106472
0.03981568434888315
0.05322540381618705
0.06449237313095309
0.24377014379739045
0.1781591998513222
0.18482656655856752
0.08313286929169036
0.2991802582654688
0.2339364756035251
0.03562958502232439
0.055265029120220785
0.04991198426103047
0.05744101842557034
0.02645632065058719
0.03175981168672755
0.03495139040289503
0.04515984147641984
5.543882815715358e-07
0.05941042475578402
0.02537659829633221
0.06946526057403922
0.04745454002114728
0.10248529803745014
0.09181210143647003
0.02448069924432768
0.0536910137662728
0.047817478712570236
0.1454438317967122
0.07120692977279043
0.01196208116269338
0.15941711029857042
0.11381524707426648
0.058007301681611625
0.1194686810261084
0.10132140281428777
0.023908403059860268
0.21947496291034488
0.072759537622836
0.02411349627647426
0.2056333683053816
0.2040226576359772
5.130429216021054e-07
0.011126236572200908
0.2474313080949282
0.024747361285145264
0.02521017606944019
0.07183916542698715
0.1179138894514864
6.89504193476276e-07
0.12005925289708312
0.12965212269179305
0.04635881328103107
0.013450432207796856
0.0798790969151761
0.08746548137646906
0.1200914193240446
0.10793959450575907
0.10065053607119907
0.17857319154322868
0.288409102220091
0.2255674910487595
0.023462910285452717
0.0933373894660742
0.1258566531250317
0.19867685399613694
0.1997524009107807
0.1916726839183032
0.3754695667276742
0.07008555061739527
0.10432118076190038
0.12791853926278873
0.14356213280378796
0.1537466936464017
0.2113959931769729
0.12862270062210746
0.3126751034384473
0.2497399560542287
0.027976013418629462
0.18368163976481525
0.25920263873414223
0.16857705260682562
0.22739179738118065
0.08228291666304396
0.09354082483141153
0.8405311663202727
0.0726109914478213
0.2307867940882776
0.09961762966863663
0.2504562145967271
0.08886344648346736
0.2689434694193389
0.30058387574318823
0.025383090407377924
2.1470577961862357e-08
0.04793163526350014
0.051485141886589585
0.1293242926721135
0.025536017378541137
0.025378156324382426
3.145051109179264e-07
0.025387328295380828
0.06886857358999554
0.03179257098396339
0.05213317218533788
0.025375964944780387
0.02538192834044614
0.1037031701634012
0.1915169446636891
0.3702552341423333
0.1539981764197514
0.13598709747482093
0.09380143784928363
0.04671747777674133
0.1408923819594232
0.05478071394959084
0.03636513947482823
3.0940131375143215e-07
0.115545088244416
0.03519434459679779
0.12305101657805904
0.14188523272377934
0.12445794043127532
0.032248605775851806
0.10342939565262194
0.025427572465133327
1.5437880924016123e-08
0.2187866998093533
0.026399922634891788
0.025375062265862558
0.038093145298480326
0.025376520800411008
0.027776607061735046
0.07750259529877802
0.1031052491675838
0.1721103206814913
0.025440931397617567
2.6212476815495323e-08
0.15395630959112971
0.03443401962539462
0.1655728274151776
0.061155916351744825
0.08115874304483385
0.02559586891711124
0.025491700568313874
0.05654651697489198
0.07841149108414999
0.025705280608946588
0.10738325616274803
2.957142329677653e-07
0.056564745011257474
0.08587084589373918
0.08546732789227615
0.025875684428312187
0.0774326936454307
0.022659673611551842
0.06342417551688054
0.15557404280402312
0.028278153811354307
0.10791579645054984
0.02767938993552637
0.05148274923365349
0.048454322274080905
0.028929646255147125
0.06507713419301979
0.04592541412448813
0.16707524536332685
0.06002024064138616
0.058016934170549685
0.18035748644552896
0.07973967405298699
9.778891202060108e-07
0.17615553428185665
0.10338021544537056
0.08995309592174695
0.05696643666467757
0.025398930935589942
0.11664157518390955
0.1177135212125196
0.057673646416413066
0.025390342452423033
0.025464856336164243
0.03964903386562308
0.07702104975879208
0.025376020057861538
0.06637875559589111
0.023245795387939527
0.030041649748100543
0.023640353573482813
0.05305086224903177
0.0287933474947382
0.025327898970617598
0.12008648560819435
0.1240528144507349
0.025376059073958342
0.11381065074521693
0.22205830311801095
0.023493125595201083
0.04759692389652777
0.0566972018302072
0.1309119417085369
0.16640142050911658
0.10372713966933568
0.02539083765703637
0.12698480271213128
0.13823063993160295
0.05817324570383984
0.037018551552436066
1.0857610938763302e-06
0.025377489378151832
0.06342120957767768
0.08692955176363573
0.05233551072280326
0.0541896203044334
0.025412220926888263
1.1233924197702043e-07
0.025376447942244685
0.11022802244523056
0.14260870564758454
0.08932510795961142
3.142305901926982e-09
0.05829339657021616
0.049735524433193186
0.14416966280875135
0.058238442102227624
0.026083830833210846
0.02537686193681357
0.0584615524288792
0.12001980560065655
0.3673890133293599
0.2634124246051825
0.342727270791406
0.2772828843731907
0.1694008355846896
0.30136572834685577
0.3601917401846863
0.22649107162908144
0.14671455722563367
0.3350540489493641
0.17212387251104036
0.28690315940959576
0.2339508639651069
0.17329624327474033
0.16582946938915408
0.2284391991782129
0.20207744109318912
0.1702930719898896
0.34970219832988564
0.2560611826710476
0.1545819551176463
0.2638825958796659
0.2462700212356051
0.29919142439950536
0.1633508191237905
0.3946325817738213
0.1909592143644386
0.22570575349418145
0.08091666769611726
0.07596916165195729
0.1288382596876532
0.17038974556021672
0.2365733765153205
0.16272166734678287
0.11509741944321547
0.1623145204980611
0.2135080711883643
0.2363863018020336
0.32394068227251205
0.32334466278840623
0.1659401094930593
0.045008261759631615
0.17677093292055915
0.1516241695967237
0.1577415977009174
0.1529179638582905
0.025712213641197416
0.05341753369729863
0.0908193212921366
0.14159599425484742
0.1734600499045737
0.08969361630791428
0.1973127520646412
0.0254034012854296
0.05818344342188055
0.17331169457703502
0.07263146381512074
0.19114272207477692
0.11747666528423313
0.07579082659579801
0.17483842151216186
0.055826344962657135
0.15748836631220145
0.18543624286787844
0.09182415426034317
0.19983454637212286
0.1553188537777238
0.1542541822726261
0.2219316664199681
0.43575311446863146
0.2581583186367145
0.18928661105389535
0.17322050242231746
0.2965900470315301
0.3201970456728587
0.07000210072292518
0.18542351555673767
0.29037287216776897
0.2459251978636407
0.09418488905660413
0.28407242981544223
0.3081901425512549
0.08159021396996452
0.2258835231094889
0.333175190141512
0.1488154152292233
0.05903035214767019
0.2805078550365285
0.2996842266251645
0.2195672463219947
0.21301276164606167
0.16224793014271288
0.29881928423505083
0.16365038007092522
0.0258637827769462
0.042622493170380235
0.15864492757892965
0.02537625513109256
0.025365264496245557
0.02537479498807731
3.5186598818171754e-06
0.02538747199797909
0.02536294196493664
0.01029710216268041
0.037613727490546096
0.08622842594770629
3.9433310454967e-06
0.027163567626351644
0.7918232570261793
0.17550966932622147
0.02537639280502344
0.15403199626122194
0.019581353346820603
0.019442295282382102
0.06075560324473755
0.02568070511255067
3.0961463972978383e-06
0.040950079595607064
0.07603389600228748
0.2554263077282104
0.05535009672142355
0.02519515312769597
0.07465598165232283
3.9433310454967e-06
0.051750826418831525
0.025955469690979692
0.11933795930693987
0.20976843312363536
0.02532946969930824
0.2888820556497651
0.025383294944162645
0.25485540188739514
0.07196458036120651
0.025180078303937214
0.15133330760838046
0.13007945896979548
0.2473093353489562
0.1209266796159554
0.2307112629573256
0.0747225829437159
0.1216814236405684
0.07916572392653194
0.10323657896222428
0.16164149422180635
3.9433310454967e-06
0.06261824811077654
0.18005557510350684
0.02536469701510301
0.08576466915340951
0.12587029216451073
0.025604102587732797
0.042115938234208464
0.09004612929449711
0.06919257196381848
0.0254070744785006
0.0869692348635585
0.08149711546938435
0.08937111018532087
0.02537649064272113
0.08954563259106109
0.14956556118674827
0.023867945931225
0.02548339258686892
0.021400970525907143
0.02537549799645676
0.10236592998312244
0.035442005700652535
0.18074222569860565
0.07583278124044181
0.29311190263484066
0.02406018175775429
0.06265198274182131
4.096063554980277e-06
0.07471760685132328
0.13429890413466947
0.04591038096436883
0.28997687472929656
0.13319679167255824
0.024856029005186013
0.06896319157441587
0.07488803000103547
0.12885612584513922
0.024975018204409647
0.23295489835445796
3.9433310454967e-06
0.1409592306245228
0.2476335905115531
0.03569690171610937
0.04155693307090212
0.08274682948116402
0.08061991193458487
0.1177788898369741
5.748138014885677e-06
0.1804435146555932
0.011482722023292587
0.1572780749241125
0.025377768208526018
0.16714823004104512
0.06227704068409
0.13172782506225414
0.07244957578140727
0.030774218929736863
4.318636330605614e-07
0.025377549627084637
0.02537657711056005
0.11409366897249106
0.10520253305585747
0.2926093292043875
0.02538880083435526
0.04883343967154551
0.13187379996328452
0.3789711431581801
5.4021792300240144e-08
0.3915907370185669
0.07642154309401414
0.025376176534792662
0.07658985476192506
0.0324775278121168
0.02537733364063219
0.022635454945155658
0.11726928676649365
0.02540962498499048
0.016120548611779285
0.4111660700891963
0.02537664561061524
0.026397206264827004
0.29172437532068324
0.04839357906831726
0.04974688923684036
0.06642663905949876
0.14081937263024655
5.807713151380485e-06
0.02576519832208657
2.2956527689841328e-07
4.257461633807594e-07
2.2903075216694197e-07
0.05799551025350511
0.02543003008783109
0.08347919316640331
0.02550401359047025
3.9433310454967e-06
4.326692943496541e-07
0.1153219993720522
0.02537797950979525
0.07884771524437563
0.23147649470180184
0.08655728406778425
0.025461106969601657
0.13168896932775292
0.06741420914395511
0.2411588699765341
0.1255900843661847
0.15897985412239546
6.697962603696251e-08
0.059802329242505226
0.025390906687072102
0.02537673480548712
0.025383106601054795
0.024564641335095862
0.02537684210427813
0.0882951304484889
0.16931415128655186
0.02019529338252626
0.06666403282228828
0.02537621779744714
0.1316830329220941
0.08125136298744437
0.4123689947412316
0.13179544789015216
0.031008100693832894
4.534373870924196e-06
0.025495693775020284
0.07108152244900819
0.0253773469863002
5.231387722674359e-06
6.084149611789577e-06
0.0861782700462787
0.2089973141749791
0.025375831363827525
0.03326655363299151
0.1420530962753785
0.02537948711200608
0.025931236128088432
0.025376716073195246
4.084505085773816e-06
0.02537663771072288
0.10081231308090148
0.11919415657532526
0.0553300070039418
0.025376850383235883
0.12485761438519995
0.05045126727198442
0.09466556515316386
0.053945718075907284
0.1331432335434852
0.07525638946226462
0.09741199127487064
0.05598555144557287
0.07550956787860319
0.01055955062752502
0.05449041537999808
0.061733124157933986
0.050929713302098105
0.04518462443608616
0.032075391230450494
0.06315346406754578
0.030644235190609357
1.8915242822875889e-06
0.023914437712126996
0.07622581878280257
0.061416361041330275
0.025377979895212538
0.11182164653278594
0.02137321286232234
0.020422945674038316
0.09882720395266917
0.0838607173344302
0.17973376988557666
0.20182380104022946
0.21931068599943826
0.3762816131798644
0.1543182157569036
0.30788860002466123
0.2572787889984334
0.23614752742220965
0.14628450903196208
0.07710764483008535
0.0539502205796372
1.0176435282496424e-06
0.02634330188450315
0.06647770840680993
0.04554843379822605
0.05907669784461313
0.05425418956014975
0.025376365561610763
0.10070845017724936
0.025376305015790246
0.15379724414024204
0.025372821026628467
0.17878718721263842
0.05645058477023921
0.1346927660408252
0.11609748070519345
0.02610684569640161
0.08618682511074434
0.04565896245118693
0.02543806001668917
6.716101038519889e-08
0.05932881952296391
0.1103276090804092
0.02537636701388686
0.025939098742533816
0.026052881447417773
0.15615494921569542
0.10847706122259372
0.09490712853250777
0.04488292812176593
0.05754615246740037
0.025376217664436283
0.025375455640405192
0.1304238896366472
0.13232439899589898
0.059872696807939066
0.060114398577387436
0.025402914412959485
0.025374864600534158
0.07524675144358722
0.033617360226570116
0.09215848627663197
4.319332503420168e-07
6.450898057182561e-07
0.025462098955862936
0.02537812470285672
1.5768669074545797e-06
4.885313497306079e-08
0.028817738249179527
0.061444361729776215
0.10540024637988724
0.025396641780083173
0.05121645413113883
0.3015571352720573
0.28806291667549905
0.08915693983433215
0.10058589589206793
0.4165696324357982
0.1296866845897801
0.02010532051244326
0.22328557862644
0.2503351356751308
0.21845271294229726
0.2643255539277558
0.333084632025281
0.1718120048315301
0.18184916696713435
0.3947156484350931
0.13481202362181352
0.025392565205509098
0.2081328828386872
0.1024226291896294
0.03998791076431863
0.06778205422288737
0.24250883955074984
0.06590473796744001
0.1087505012083074
0.2194796376003992
0.07870890627775902
0.028638661799065494
0.19663849188324067
0.06756780381216855
0.015323800482263712
0.13194103342208238
0.2901675230792144
0.025384608977332426
0.05160182227705568
0.21919437503187264
0.22438436480979412
0.02658266813898048
0.40122578136279824
0.1309937419521484
0.07771921872684949
0.08082974255511974
0.025332997525128523
0.16008368194019584
0.08415768001458677
0.1188914321511894
0.0465620823162395
0.014425124778728272
0.10950375116573556
0.16261122432833205
0.09212105607412356
0.07743962947337334
0.2048929795677579
0.3945628501282925
0.24391239289171104
0.2553207221310769
0.10724245872518932
0.17230094109496716
0.11570172787261315
0.1592019152339001
0.02133151725548007
0.02535126339155027
0.0253732869100975
0.0944566273366866
0.053344857921807036
0.03085991570984345
0.058221330506903576
0.05682576740309121
0.025376163542783943
0.025372840510532724
0.05679039052380476
0.0975985101805058
0.04443739420278545
0.018416097367039648
0.05456180625257562
0.01985251930712063
0.1381617255876602
0.052542940325043114
0.022813194231099503
0.14663578893384768
0.025375900294872432
0.2337038569345788
0.08539084161749047
0.07094711035555787
0.03988851091393941
0.13540358443670256
0.17219068681039745
0.22318144572744972
0.05300452758977655
0.11634777576777748
0.20437021029612826
0.17518734544383766
0.0867430827747548
0.023398090021168043
0.1721756074279122
0.05353077011882289
0.030891135711571656
0.11846785560857333
0.06882924658524084
0.0908319929559854
0.0166627318620899
0.05673162316009382
0.2851381047525335
0.018162315496119782
0.038878130023705694
0.17512934092506094
0.1912870525802355
0.01606210743815264
0.025307426915228987
0.23477957580703296
0.025363997051291057
0.07694128379570926
0.025378186385263485
0.0253424609683848
0.030878922462633643
0.047033131073918974
0.08086819699566901
0.14711349590691294
0.02544812796113556
0.025371792544406867
0.048699878512321486
0.12813239019897582
0.025375179011761975
3.0689139029836696e-07
0.025375810264111388
0.08861070272530988
0.07219220881123369
0.025262894436947368
0.06871653812099715
0.3324414365228293
0.0878910966788151
0.013590150892062395
0.07396350120530233
0.1048875012865022
0.296903298341433
0.05619799653098498
0.10113838036682588
0.13738494521673764
0.2254957805218313
0.030191572599323844
0.034404324378337264
0.05799388375089457
0.02996264751795668
0.02500713509346541
0.05084196705351028
0.025381472915074883
0.03131774557247635
0.025362012505039597
0.02858466918500998
0.02538073113436292
0.05784641741281572
0.05167284230107506
0.02539127291352316
3.0418172037080447e-06
0.025375951961061183
0.025366608598332792
0.017547238740701212
3.0117125776212043e-06
0.07218919036508406
0.11229110390111972
0.024749526398283168
0.05118294976757761
0.0986371492944331
0.13750858880484487
0.0279888613993642
0.03995947016520999
0.042876604809965836
0.025327984431622496
0.11693563555668772
1.2623824340625658e-05
0.027158952500404454
0.2280967334564142
5.177952841706922e-07
0.05796602233089625
0.09880802320159678
0.1180984468127548
0.02537401219752933
0.01645749471298796
0.1807053797131594
0.042186093970381686
0.02705978258943573
0.14177412752678611
0.17364122943401789
0.02538181089158268
0.025843785264332383
0.07823342215773256
0.1650480770203315
0.053501634799793835
0.08435531457475456
0.1365482074363989
0.2827904036351419
0.118041501295856
0.024909696522484613
0.1721038711532142
0.23265630249933025
0.03891322523897777
0.3711312589708325
0.22218781606494745
0.20878731248263646
0.1722030656331024
0.17214492667232534
0.12182900538741699
0.10804993631518743
0.1024815167638834
0.1691632566732623
0.037631660427210535
0.17391625495123128
0.092887693733345
0.031944020486838316
0.04863066646677943
0.07115124875303022
0.09423878677111727
0.0916807408765702
0.04977699720606446
0.029201401713751463
0.02935210732751037
0.28562436009199405
0.03328401220540058
0.05832455918890556
0.029701786557067532
0.0668551992222073
2.8326406127702363e-07
0.031069632705157373
0.025376137374821525
0.02543631690478016
0.02537478310643933
0.027684345826198786
0.2230126476881214
0.10017223652845987
0.26132857297922113
0.22462949453057934
0.0997515696128424
0.06624615227406826
0.13894050135649175
0.025486644566134063
0.08949557946703836
0.12006210398525337
0.04626234926037025
0.08501921646523919
0.025524445582866727
0.08606078512139356
0.10789367050163147
0.06869368940098253
0.02512131345010896
0.025382668629899786
0.10571885604394672
0.04839990005212884
0.025376532280538218
0.025369174245750442
0.09150590070545644
0.02679935448436964
5.404370477677333e-09
0.02511588238254494
0.025313304920365067
0.01669882839105368
0.025377002265033297
0.02537367822357549
0.06692528516843227
0.055006093024620416
0.16760999400736495
0.1775558679768887
0.06356112389749373
0.030890339788276325
0.1412039369252114
0.08441865868343364
0.051799185513628346
0.0275220575754904
0.02628439177415536
0.025386922299418312
0.025654330607219517
0.29459381076188623
0.09251599739387556
0.3648558778258212
0.0686523658869066
0.2213891259891552
0.0893667823872386
0.0574925698385543
0.1039492423260802
0.04760406757914458
0.1413755148967085
0.11812365057184995
0.1257477257802889
0.06996032341780015
0.2518298657873586
0.1177108450222917
0.04239646688559001
0.03841336238484761
0.025381037993900776
0.08143339155044223
0.07047602965600264
0.12549526790704424
0.08295488904478816
0.17500813290773914
0.1372031823135181
0.02537718254518628
0.0626945684020532
0.1402986926934569
0.04652592651411492
0.13102138194181792
0.013152328778069608
0.11856120998377165
0.062996435034054
0.02538194154337904
0.17081048485914915
0.23792278024715294
0.2273204412961533
0.04493580072297068
0.1113159726730307
0.09563813394712836
0.1598815269225823
0.010198460351982836
0.12015781693095362
0.025375612905811862
0.11099978185990228
0.017157098104621498
0.07661348420342709
0.08198500259606706
0.0283209465022004
0.039929464721776865
0.024683891673486145
0.2059229107714511
0.025406092816523063
0.043275972137563366
0.03132403735275227
0.046475866970524214
0.09020004342531338
0.1256426451807586
0.1063479170751696
0.19178878124866955
0.16000103714212666
0.026125207718215863
0.034572192111132466
0.04794897081380831
0.05194764840403525
0.02538215090020876
0.06300340705873697
0.06964391538175442
0.0676166758445726
0.034763703024872424
0.2286978843982204
0.08396057329337292
0.16938996288540742
0.15228623542105993
0.09984714248222012
0.025426953553347318
0.17068080183908554
0.10197392661257272
0.05467861534174395
0.17229242583421453
0.07865212307272948
0.03445312094465408
0.07528776100959426
0.10834249524024496
0.07677786224188883
0.08795721872919225
0.1080656590937222
0.04576328399778961
0.03359464005974401
0.054746812937554255
0.027302834196558653
5.4027654148556064e-09
0.02537371205765429
0.08765651418411062
0.0708804668152076
0.03841726896676104
0.02537691701888103
0.13813267890301226
0.08537145843511551
0.016930133693411672
0.08326945187619697
0.025374558931538064
0.05131462052048071
0.025195441726616804
0.02537387232815816
0.02537970257995556
0.02545054798159085
5.400945948171898e-09
0.025540019674304016
0.05013459164416146
0.08867954643016872
0.05587448041509405
0.025375951840146842
0.025692078070481808
0.02537808639227764
0.02563547243614289
0.025581764480634102
0.025376320666930702
0.04809351466051005
0.02537257279570165
0.04901303799366871
0.025496519755284858
0.027899713262572314
1.35657758567504e-07
0.02620908920779428
0.030039301864277564
0.04162213313606011
0.07525613264948394
0.05673268295711914
0.03153050644709023
0.08552374524737802
0.1891829823799027
0.07982766945969402
0.07968835354349749
0.02537481551127532
0.2895077573997002
0.1549400560296253
0.10428111314651414
0.04142797476820592
0.21786268132608
0.029374545579244682
0.08346629164924484
0.10408929088765677
0.10675708153529444
0.031089193052192786
0.047214759911296256
0.17151069267947222
0.13416379473162646
0.1129163406648555
0.3771742540611199
0.17365811257818753
0.10328293971371033
0.2017741410909431
0.36062107468408494
0.43157137600691
0.15542010703077153
2.9572755097773014e-06
0.09034126538929894
0.20821304028229934
0.02524593381375367
0.02537807415411089
0.030641359188348673
0.052323034881089865
0.12220534305231208
0.027370996343384645
0.013333352423632457
0.0253728468742368
0.0846504251982491
0.0942862551802538
0.06545289857886949
0.02537608437860724
0.12086305538164226
0.05706166258825965
0.028654819640296862
0.2227019863702964
0.13404231375132392
0.025523478378772637
0.06864753043513422
0.21325354155076828
0.056696603625713875
0.06056052429566172
0.06826650414169341
0.07198950866489744
0.0568871566674671
0.025366221459196675
0.07553871803757413
0.03274647804492159
0.07601732500046576
0.04408951972950387
0.06291427633207404
0.08473110652063323
0.23131085970931697
0.025376008619871424
0.0253759284625427
0.1747201942194347
0.13887931872702236
0.08607135005012334
0.07621482308025468
0.08169195592916617
0.16935629971860858
0.025409862737438626
0.025378696245483924
0.14089681758652406
0.16518242504774372
2.697698160874983
0.3870064743073402
0.23133889910218244
0.1454820851479321
0.10189675936982398
0.07562179746333653
0.02570414127640391
0.02569255086891
0.08511552950599803
0.05489767295375182
0.02538237806461771
0.025616311481540036
0.05824892659344354
0.025416771099348114
0.057687381231365076
0.04668203028948471
0.09957652327736023
0.12243115464489925
3.039180976510911e-07
0.051174644428469
0.025391855934707545
0.02537654091208769
0.02541324847869407
0.051345657329987984
0.06497030165342946
0.01144114886669603
0.025571213943378884
0.0853377823348217
0.044554042729458065
0.05525162358793032
0.02541667820419213
0.06989108690687043
0.02538141719519744
0.014365378404577647
0.031113882233964364
0.0289314632560632
0.04825826423873345
0.07113804601514857
0.036997249464441766
0.13254398959950214
0.06786123034879532
0.0249953036641166
0.2998481644170969
0.048508168429906885
0.010047128864935952
0.2359645960645423
0.08616836968676612
0.10334769577075012
0.0964895747274556
0.051363220269139365
0.06307709949673147
0.025373959828278485
0.14130554595328326
0.2825256184452855
0.0530413635960206
0.030938184272051233
0.3946116621381903
0.09450175037526873
0.17303737776389866
0.0597613653775324
0.03606893887498329
0.04206659673525276
0.11408004912513407
0.2740361636057024
0.18998373314562006
0.11435755273492057
0.16466198108547006
0.2189778150593879
0.0724828520280567
0.04565382373573925
0.025412420020582683
0.2934896916708897
0.023529761686148686
0.17220910096611794
0.025370715121502532
0.08085058548942227
0.29127281218861456
0.08068406539495522
0.1538654347755537
0.23630591836017026
0.20434985789405252
0.19083527098773154
0.02004516536662129
0.06631681189968705
0.11479830693726005
0.05089059926254337
0.013752140995292664
0.04873336868614491
0.43041052020933296
0.02880068697012988
0.029719854849732923
0.21414411732538824
0.106670134042974
0.20240790425640726
0.2710571527087741
0.17122702645116375
0.07621490216259663
0.02452094656870653
0.026758806945091862
0.0249919931759568
0.011466619152605668
0.029357364692441826
0.02537488443757721
4.0784613331341796e-07
0.024615829676236326
0.011471670259412934
0.029958653214550518
0.050512500576664975
0.0490994342383294
0.10327443339915643
0.1523829249916224
0.0070165668404070635
0.02537783155127793
0.10480974632026914
0.02999141949340647
0.05773988860425688
0.08765080662297725
0.22962066521578264
0.07895349450490076
0.056750733235849615
0.2347631282654787
0.09896558229602624
0.430103611243567
0.1305412404322553
0.1846023830171219
0.19039710476346453
0.17205253400225926
0.14329498022554166
0.08501653583234872
0.1445447108612603
0.16893113478633734
0.08488515432431629
0.027448194388823868
0.1094101727473019
0.42784095302908026
0.03088793796650055
0.1608703516123617
0.2635558333075159
0.07092633041601815
0.04730110043751504
0.19760092382450706
0.04534936124875325
1.7857069748892325e-07
5.4029191647722665e-09
0.025824963738670697
3.7696634396044133e-07
6.55054304718039e-09
0.07884417243009936
0.01250237633012958
0.13043588417039687
0.02537551425196334
0.05892530535094161
0.06088874947294744
0.02536974370942189
7.399374394849832e-07
0.13120766869773098
0.11261307258964415
0.08398849997321058
0.13584139914947416
0.056359814715773476
0.16109330437506994
0.04496445658275774
0.1763695336236279
0.2180158307434099
0.17258904890905294
0.1716525733527563
0.1753589131721328
0.11681600090283625
0.07407458648133552
0.11986746720184226
0.056456201529586775
0.051784873160770975
0.17273672476615226
0.0777265453736829
0.018098577948777138
0.19610995064236048
0.2425972583726017
0.031462850149190945
0.07616144705650851
0.08287976013055272
7.432888439675306e-07
0.025374019788797515
0.13321679873829234
0.025377278294931624
1.9150952390221427e-05
0.13352319357254158
0.03651929342249752
2.7963078469181144e-06
0.038430175263138217
0.08976057035761087
0.0806989944747714
0.18736710105508747
0.18769588897049586
0.050195600027606285
0.049133316504332336
0.13693972184338749
0.17218823073689798
0.17217381423960784
0.3445476549955611
0.3147481184227446
0.3939190670401357
0.4325806449340129
0.15858765628856716
0.19167742379839772
0.35726101924501
0.4331832317017712
0.10788612014196504
0.11076217371757556
0.1284142148463449
0.06800568999160858
0.17584485323055649
0.2861018601882765
0.10758494650697907
0.11945019204783446
0.10449620320972798
0.010812071754169835
0.17391038811890114
0.05791236645686462
0.025376066452840632
0.07840761844115457
0.06504606623528521
0.12179162744956205
0.025377227399090225
0.3052901310665596
0.08545978550834353
2.9572755097773014e-06
0.04775174645075602
0.18179905550244707
0.03711745249602081
0.025376134954909858
0.023704478539897492
0.10616274429996396
0.02532001355574839
0.025429052658412117
0.0779908786516685
0.033503332409999066
0.04552132391262055
0.0106356075164805
0.02870648364322685
0.2127186133464802
0.1372098549794188
0.08256369016970452
0.05018830758520011
0.14099151940130086
0.08949089381503161
0.1164886213924331
0.13815748743062864
0.17227444796677274
0.1112975779042487
0.055874024786516915
0.16625871591530672
0.1947511436048686
0.05342303764544105
0.1880186914998124
0.025529262428159814
0.02385146727772473
0.010346227345955366
0.03383673558396905
0.05150710197008115
0.05820458721896424
2.794945293462944e-06
0.027334231368426776
0.016844374579958184
0.07234509829061612
0.07333105665029684
0.027738338498460826
0.025582013709525026
0.1881601402924828
0.0799696850768619
0.03206454382003253
0.42156260528453904
0.13334200356491105
0.02547968490986304
0.035439628947448176
0.08268304500900375
0.02756001731428297
0.02829998280851708
0.06963092281055472
0.15739393105863095
0.06503722106226455
0.0694817186526036
0.3688299608795435
0.3324569141503533
0.2287843394021182
0.07162647106850124
0.08996906078211539
0.025375713803110444
0.025379063318695324
0.06103663385465221
0.15325673901539474
0.05460865853317399
0.0773313957850714
0.02538336016674976
0.12282558733941933
0.07475029583964046
0.0962613991249434
0.1318197883568637
0.08958050028871131
0.1186479055155702
0.0868276115551433
0.19166689473790624
0.07877436495901682
0.03371591635388052
0.09348718007096826
0.2359737240718325
0.09478437411268646
0.09622017979665114
0.08416410521836483
0.10728040579438107
0.23397452420717896
0.05931257991396429
0.08657634308763114
0.13099990840063494
0.17205013772455405
0.17218941794593812
0.051490646447019305
0.17234759974017674
0.2640438370251241
0.1097235462905009
0.22146264527434212
0.17569465304712795
0.12449060198953694
0.08025001552491998
0.10462882120911016
0.10447794098048473
0.0249920311812974
0.025819969538074625
0.03030325822878377
0.1261258195232097
0.11780809119321495
0.07410555261635962
0.22869792618867624
0.21191343387113126
0.18221509126487967
0.13537999186242228
0.11250975566740846
0.07693369897029816
0.12081977419764503
0.08513748104308659
0.025438648577050558
0.18247447327616312
0.04503838930333744
0.05210571784810683
0.02563621565066153
0.10889075873274433
0.105083704748913
0.03622822986286081
0.07652740606373336
0.17640101514338574
0.2101086104881804
0.05632325929820716
0.16186272114459632
0.0566352984560552
0.12476434334634914
0.07095719319088098
0.07700452524728382
0.2696171464753141
0.09135373876444912
0.11656407403495307
0.2008766787223435
0.053221482475653115
0.07272617681164371
0.10372080945450933
0.08089230238236049
0.042813258014616634
0.010030470771460806
0.15184900309871655
0.10985089993812824
0.21022779942443667
0.2258976541524303
0.02537597700187693
0.06123370457216067
0.21312347676507426
0.09901155077395636
0.06322406169791686
0.20764717298297375
0.2010145535668372
0.2991550717611213
0.21533625710443816
0.2598942678747182
0.07558188842793907
0.17975696576813688
0.172601006348597
0.2393564515034492
0.1723257440092633
0.06392923620725449
0.4266387093733605
0.17258315066206995
0.097814845921204
0.11377197679720125
0.4281415857732317
0.28412864666215604
0.07328083167159673
0.2559289469375345
0.13854939708114228
0.3533131086257658
0.05290162325134955
0.15787152246960698
0.19578536136932256
0.07173184854310158
0.2262635323749223
0.1691724276991296
0.0771083563193142
0.07447492324844687
0.07262257484635816
0.1327459660880691
0.20079679433143813
0.2699594428108613
0.17257027300340824
0.17197068191262782
0.1292442865494679
0.12442457463571878
0.36886220406258863
0.11009594535789104
0.04930902967867702
0.0941336579981532
0.09404696532575647
0.07904659878515917
0.09784098179894384
0.04984212803532847
0.03993762787491356
0.08732280207176009
0.07877593861375712
0.19169678914089505
0.025408960378705717
0.025940074898904583
0.062270347824869426
0.09020923719286207
0.0741920066827563
0.07435867779772859
0.1332809383240816
0.02703921716986209
0.10428270327631928
0.09657427530868128
0.08963196643110682
0.20623107529333187
0.1725529356206477
0.16144376077121392
0.20861713979637045
0.2466236584199316
0.025328822204752056
0.025381144733710642
0.3061430152107986
0.06995080726807527
0.16988802277500165
0.07644951666626246
0.2032916953787884
0.0825662276782386
0.15689958251822197
0.2151746725601878
0.12145990928571175
0.16155460149388665
0.10596568618413267
0.3288938963533947
0.20810187238311986
0.15688470108818492
0.28205492305532576
0.17200512050997196
0.1359419457784056
0.07564427818371694
0.1666231545681886
0.17433335709413453
0.1288254120859076
0.11619869079988655
0.17209117837540164
0.1722555366367482
0.3124934521393777
0.3330466765382016
0.09352788978746586
0.21483884288801966
0.08320596703669271
0.20113657661408516
0.20977501139101296
0.1717597153748749
0.2912447880451443
0.17301600259416616
0.17252091973015646
0.36147235229522107
0.08049002641319968
0.246232775617753
0.1878220403929876
0.2269461977979037
0.2448942910073245
0.1005234375247145
0.18084286610349884
0.36031798974897744
0.13221724130559434
0.4023281255212939
0.1721835515226762
0.1088807792633098
0.3566965450627632
0.20142268354909745
0.4459446144414401
0.18829668380094414
0.1073759990184753
0.11711980711299196
0.11146077312922947
0.022339796425970348
0.09394527539435388
0.17285754616507154
0.12690446843978678
0.07049376833794742
0.20490715877667384
0.02159251242164904
0.013822682969496066
0.12601827924681444
0.1949946228881172
0.09234943960811227
0.20292935737198026
0.18087732159497408
0.27198213591689874
0.42133437884153824
0.1422510267263177
0.07707901678349639
0.20336022097363013
0.16295102046948048
0.06266317161916128
0.1341031841058943
0.33526761245019426
0.08271608771276302
0.0665507073161454
0.09994911385233517
0.2279500957983803
0.29714160743717616
0.10559706461440893
0.3301154761286861
0.35085386069784275
0.27398104287142994
0.2360853904339301
0.20174497420404475
0.16211874949784685
0.17853196756752354
0.03656485271161776
0.08044210056722699
0.08844267219514038
0.0500799508747958
0.1289661934454336
0.08571937018142081
0.29968765622214777
0.0943678484070428
0.1564865099798737
0.09019664452808683
0.11337281570943335
0.21570203908509544
0.17181414134625694
0.1027579525384987
0.1963874668808015
0.04438102939019207
0.15107781215924335
0.15815473273089084
0.1890579594921286
0.0766526660125631
0.08713386492834925
0.10820401058077007
0.06997291321529024
0.08364349967313364
0.051480924452252254
0.2426879777116141
0.2512679909772507
0.19296841440791254
0.17916002733280098
0.25616686045212433
0.05266256723773981
0.19284800379497044
0.09634517902590084
0.11413399216121188
0.16209089541453842
0.025388407885414292
0.13760116428527502
0.04590157314815585
0.051506766054511634
0.044073982534066
0.025375996531860182
0.04750459442491441
0.09970652016544372
0.058496435122863635
0.04303861842944494
0.1852035487119772
0.06629219570060924
0.108766240846618
0.07503772672163612
0.0516602376345126
0.3111292057649597
0.21210836731622787
0.06271899650826819
0.025376304963177155
0.07707507044731453
0.16722897510199788
0.02559341788077976
4.016034128252052e-07
0.052028727224154095
0.07621067665506191
0.025350039427049033
0.16195454212749585
0.16549244671773455
0.04895058237988429
0.02537588066161838
0.07844227152505508
0.1208782990238812
0.025375887241984203
0.027074573846462755
0.02537647384157844
8.648792333570194e-09
0.05501309315650295
0.05682203635419127
0.060974075390786836
2.1608977370148886e-08
0.0726866338676781
0.0253830189545449
0.05100977143533682
0.02098888561541355
0.11809856820635704
0.025382419445724384
0.053240035948610855
0.05221805711060504
0.1177464475096114
0.291818578194726
0.048437979913792666
8.209015302182997e-09
0.2615940299879997
0.2923099971159725
0.0750344643271399
0.0257483196794266
0.2436052306763341
0.02537591410390217
0.14992499648286772
0.08861331382056957
0.14979734555306531
0.10772365176201636
0.15040642932344844
0.0911591713529368
0.43543679638210825
0.06184411839882605
0.05301196039872099
0.13797835931783925
0.10296718677594116
0.1457053776849588
0.12673846471354966
0.06437920911195362
0.07491451915322922
0.1231815598543777
0.1421006031870369
0.08545671196749867
0.10908921124944412
0.06397125853454605
0.10309920898695794
0.0598705554969616
0.2378678818406212
0.2725162626837784
0.2165511591593281
0.4265452694112038
0.11282723111321236
0.09893980981231396
0.2459926168927044
0.1021076396807401
0.08319249131933723
0.20091693953899176
0.36350863381049203
0.09911515628943207
0.12041441532047052
0.20028361655795746
0.2659602395995456
0.3878713321840768
0.2501008086425209
0.20432392862819426
0.3819722191551282
0.2433563037032981
0.24256136005095424
0.07584189622717573
0.13250226642388904
0.09719520500883456
0.10539683414870887
0.05322336463139268
0.009849744751274259
0.12878084760249475
0.05246813921335743
0.025375941490764654
0.08731607245663868
0.25373841785909224
0.025818105339914663
0.3313561537368512
0.13359143164995335
0.17593945871309388
0.1046915794201334
0.16452896718756174
0.17425172125555966
0.2551471232211014
0.05208352592814966
0.08568684976326922
0.2208428086899838
0.2614609505138468
0.025376499122669302
0.14499992771418976
0.16646450997656922
0.07563418283766522
0.12549721258750132
0.1466736867724396
0.14316293499847635
0.0908416267084434
0.08841330224051454
0.2725782136686793
0.06650331518019598
0.19762628950058292
0.07838891529262987
0.19524995501203496
0.13318041315709092
0.2509301955867073
0.09283013084063473
0.04441476760360198
0.028477692502741007
0.08264651961920641
0.07734036852111742
0.06796169496093296
0.05928657027679405
0.02551373045380589
0.1842979170360676
0.1097179585922636
0.14753236799868588
0.13060915328047834
0.2671839228088013
0.15970218825764096
0.11752807300304287
0.13257444131653953
0.1435776052314785
0.10443062970420727
0.07430490502764914
0.1189799403257256
0.09556786190339853
0.025391535961077613
0.11257183919813198
0.05185498994128559
0.02656944988755407
0.09248847782586704
0.057979384809294564
0.15916892501522664
0.08072564234554683
0.10616286102504363
0.3551328754225864
0.2246211745652578
0.1687405257679707
0.4116262056978079
0.15173882412065368
0.4220487650043777
0.166022054373896
0.18703387474128325
0.3645417676538513
0.12845397760403593
0.2306247329256711
0.13490301438182636
0.2010834287652844
0.16623877170930168
0.24975303315327754
0.2913084485493147
0.37905752506470347
0.1014910189804022
0.06736408809462567
0.10299893672193444
0.3771909908417663
0.08132585474483013
0.02537909176168587
0.0743343246122404
0.08305766368095703
0.026937771779779872
0.15691331865630928
0.15161591023896867
0.08414994096850277
0.14458191952682153
0.2480758122609224
0.25281730567423105
0.16529567649036778
0.1673970044186205
0.12794415179889282
0.06288078963697648
0.1181657531928666
0.09731724827573987
0.07751773923341759
0.03648351417781783
0.07865295895474653
0.20555480967460396
0.020626459707640942
0.13037734789021224
0.026070296577961984
0.18444022216692588
0.2372427119275138
0.0908489525381212
0.2786419283409301
0.15781044214752005
0.2294619076092843
0.05815416624821525
0.08189527060149147
0.05348941024171991
0.2520430557927594
0.1828787352328501
0.02534526478053943
0.3196598053268905
0.062364941108181575
0.07639591480007707
0.18360088110698453
0.20542932194155294
0.2163574037214624
0.1621087970700927
0.15031739456480306
0.3466424371609113
0.30774824029838144
0.04477033020258235
0.15932192073448434
0.1659967823214173
0.12796064726534395
0.15082650890179725
0.34936541120815
0.3311478285612495
0.108849674073943
0.07710800858642969
0.25107191919264343
0.26493240808863666
0.24414393261832254
0.02677747801599487
0.3195928505861417
0.4321718190411534
0.05003144349056361
0.11137404249082794
0.4281238954512359
0.387100202522641
0.1429548857738103
0.19715448355270151
0.9896647059042926
0.4167290074911708
0.19308115444581608
0.06572356007098695
0.04485032490290313
0.13173920924293073
0.025374205455144502
1.9184669208112468e-08
0.09273887349023467
0.0740424356160611
0.05001066066099565
0.05601168469716684
0.15767335636773225
0.16598811173717495
0.07278385403585448
0.10925277590406222
0.2813995607050659
0.15716949045542078
1.7846764051567493e-08
0.1710587925311817
0.04232583835100171
7.016134453441386e-09
0.20413260932049207
0.12687923759931713
0.025388877267992136
0.2775607183712729
0.2666060052479726
0.21937296153930388
0.3192408442016601
0.17205985845077634
0.17773033945511005
0.09260542858621368
0.2678669594872726
0.2936819803422713
0.2480850848235797
2.408329680147752e-06
0.3649885420694211
0.1719810722712888
0.07265381169546879
0.10542148918845637
0.3918133593139499
0.33496753012559943
0.16437678213062254
0.025377090750344517
0.26841816397181817
0.025629743087278847
0.2474456905832658
0.022059625348199198
0.13042076915941572
0.23491831552524156
0.30158816811419936
0.2718037561837787
0.30787443893418465
0.100652100429439
0.17967680245167758
0.3444385303551041
0.08451971160445843
0.05375454933254936
0.04052035439831343
0.11767354835912007
0.10526263097191944
0.0867448901815217
0.05055721836821988
0.16031537219250452
0.025521315923306327
0.026497045798545518
0.08907884036386278
0.025453288129296387
0.024435422572595216
0.03452637634770113
0.0917841684032028
0.025381423007921088
0.05067153364796896
0.02539608137771212
0.15120941579259964
0.12384982656111905
0.02543908014980787
0.09827061266764243
0.07839297249223885
0.017245344348355337
0.0495944408040578
0.02537858795163284
0.025375943230896446
0.025404733448552312
2.1302156777844412e-08
0.05423172933255404
0.02537618412234023
0.025376705977272103
0.08593176511369205
0.06481872226845141
0.03062922687314553
0.0357528300393566
0.08426603265420418
0.053833366308255325
0.05596369354173099
0.2417388103937179
0.17087315703175662
0.06751185883939928
0.025652009518332592
0.03148125907335712
0.1161679828943186
0.045721760077058235
0.04312685800803223
0.0903026884365183
0.025353531501180214
0.07603533930313378
0.025378228644090728
0.025330517877521615
0.05376133207021906
0.05363765873411828
0.099064420834545
0.040289282496263436
0.11469607741851034
0.07732997360094895
0.0769045974367356
0.07225557522579924
0.10530898816215596
0.025297784060121373
0.08741941235863071
0.02679782438190061
0.025385037407850183
0.050683267344429996
0.08141012710079128
0.14325843471704022
0.07474074226735702
0.06429281073442662
0.0423362017101845
0.07656636658077902
0.1214923666194668
0.19907426005893009
0.01904230255192456
0.041805325658989485
0.0610548571558911
0.02538043380512664
0.15949343493427878
0.025383013484522914
0.08740153496130748
0.14165154933430496
0.051575172795501834
0.03210308969611539
0.2685998220949164
0.07552468744113246
0.08267694179043665
0.17447867036492332
0.1951725072062961
0.3160240428988932
0.119872423550355
0.1584246818655166
0.1139078617484812
0.14819423871109647
0.09827106189431743
0.05042313266848133
0.025974291600765653
0.03310774161634613
0.03820336225068182
0.05582696583033353
0.022670828070874432
0.09654767712169893
0.15696943048173032
0.025378446184163458
0.06305785007070737
0.2986296086246359
0.30530228111839136
0.05118546448666774
0.13969369491688774
0.11595880293196015
0.08487308284168525
0.31456402053100885
0.18068225157158987
0.1178185344883817
0.2002383518845259
0.14684810748179775
0.06299189581407114
0.05104732460071973
0.17901561775829475
0.16054527388072545
0.1560867777708168
0.29213152243838725
0.10323969180518124
0.05575065704294383
0.0257536565532176
0.09505740210857826
0.12102220723297145
0.133329413903093
0.10469632052661047
0.06997626160109316
0.08117404641066771
0.16721096868597302
0.28932409144773424
0.25851756517865626
0.2160093771076385
0.025376313568186426
0.18353869027905012
0.2598000832204495
0.27069805005284864
0.17962793689423878
0.05298933377266184
0.20063380540546244
0.4312085783048571
0.14865005248237526
0.12000894252997507
0.4358558746508392
0.11912915603589085
0.04565086865917077
0.32020074007878874
0.24834178173978316
0.05770499424266744
0.06062122247768426
0.43119615200236056
0.3135285282767389
0.05685629763313894
0.2337049351055641
0.2974488057718697
0.06292039220583069
0.14674464361997744
0.030471276396761775
0.06098838957599985
0.064321925216202
0.025376377292801514
0.0413906688689312
4.753075391059616e-06
0.02801438397478892
0.025880831061987724
4.5359977564559834e-06
0.0731699054499401
1.0606321956573328e-07
0.02537595991570703
0.09402792306118776
0.024981193291143268
0.025376191639739417
3.043417590085827e-05
0.09879836148093994
0.02537592915636088
0.0834757154566644
0.025386089498701168
0.012447189480391632
0.043912412741833315
0.06372832413814693
1.1960124794475105e-05
0.10647806786301116
0.14538421191797976
0.03862038613566725
0.025382411179666258
0.013771206960326566
0.0616324593937632
0.038023617378609466
0.036039651971596684
0.0718859052610046
0.11257960991204
3.9595877030114936e-08
0.02795057304367232
1.4177782110425959e-06
0.08406151720120111
0.05842132719915034
0.038313588885807874
4.5997377449070253e-07
0.1075107591459616
0.04689358910193741
0.010069464703532007
0.025420115964903667
0.025661100212606563
0.019093792861854145
0.0594198185819227
0.12431546772991316
0.07493152903714345
1.0141349617486991e-05
0.1525450027237615
4.648521810713434e-06
4.527542400184845e-06
0.11850996353984727
0.11578389776272854
0.15417251650080893
0.025343804274975054
0.05247577720591847
0.1203432202314085
0.025475518799945144
0.017272624513854327
0.019108397542862175
0.025387594509135605
4.505901967789893e-06
2.9492539410103022e-05
0.025382373525553118
9.65435477265947e-07
0.15227022405389706
0.07167016257498479
0.10006337929646976
0.03806090247760185
1.0908853878450007e-07
0.02537904550029017
0.1223576968885184
0.09340893002767164
0.03451075756996619
0.06055503194494821
0.1710412300785065
0.0341298899648447
0.04266598126540354
0.13674364432632946
0.13206899595526092
4.8426115109329725e-06
4.643117543198531e-06
0.0944471168933959
0.09434612656619304
0.19633346873276356
0.04949736103983865
0.054145802976954566
0.019622529909478312
0.0254121186155044
0.025392513637760742
0.025375806869630115
0.07527961057064952
0.02541820027159556
0.048233369045685266
0.07131642387615854
0.014518469553032222
0.15016115191829288
0.09984923320628657
0.07714292275880365
0.059594118944689564
1.098022570693677e-06
0.025376016815982026
0.02529655061350509
0.025376904546155717
0.06600319449499747
0.1071941154712897
0.029125488433628083
6.672180707187234e-07
0.02518734880165068
0.026580586711789974
0.03624756780851216
0.07992842077102895
0.02539532356919363
4.361591756300693e-06
0.045345119621394515
0.025501671182412304
0.03353786759692158
4.4812373071339814e-06
0.050081764309467466
2.6588478876530705e-05
0.027412385380137502
0.030807376983200286
0.15290657809268562
0.21800147043286205
0.031707771140549235
0.0583398131395398
0.029007562911141444
9.62120985870483e-07
0.09414744363071943
0.026101610995860124
0.06280122230985734
0.02538958184574283
2.86193386117484e-05
0.025375956511347744
0.04151779138875967
0.13934924899944032
0.02537933145422528
4.522516935464083e-06
3.739132985709485e-08
2.859993043278739e-05
0.061634878628131336
0.03085740811997572
0.025373618442458397
0.08555621220993667
0.03362391220191577
4.501776791289954e-06
0.025378076668373384
0.04404002720584083
0.02886425204806061
0.12767889090947288
0.011148823780776708
0.13545808212396973
0.010006304392253891
4.4103261709183775e-06
0.03617304081438785
0.02551821453724576
9.684486722553108e-08
0.06864201774782365
0.13463764866270764
1.1298849222965383e-06
0.02537734222150264
0.02849891865047548
0.02615141654061657
1.6469683131136657e-06
0.13543729748018346
0.08864210418394881
9.50605557182228e-08
0.025881499160701885
0.03624691074077625
0.01627185778291227
3.7399993599486144e-08
0.1078008571850516
0.02670254160753272
0.09250934501914353
0.026413289292454102
1.1152781283215753e-05
0.07746769228608362
9.43370887384264e-06
4.563755328790769e-06
0.11126479392217056
0.058016508866487876
0.13887997996481302
0.012959399036484293
0.0986295085207026
2.6588478876530705e-05
0.010035418543823107
0.026675732685571392
0.04650779512323065
0.02582656100920265
0.09272493150521653
0.074569955828129
0.02665052999255623
1.710883146732923e-05
0.020927408330251182
0.059266538240245935
1.4498586203405364e-05
0.02574795097958392
0.0521306252944354
0.02537641956069662
0.031815138029639214
0.025874115604884448
0.026647202779014285
0.051705029836115884
0.02537444772341775
0.02538040381512693
0.015702021845024755
0.025392200586082127
0.02602235858306513
5.354707871230341e-06
0.010065792118593543
0.05473759706031688
0.056801670682175766
0.02537092951939093
9.805551568688111e-06
0.07892879462840481
0.023802880191013648
4.998664929433677e-05
0.025376769141451053
0.0256297282908259
0.026175891384653833
0.1406741325218585
0.012187191394627973
0.025504375774601917
0.025426210986699442
0.025409619755249312
0.025444270025516243
0.07159826197192654
0.02554368527566812
0.12954073855990364
0.12310362694983347
0.0498662668712916
0.14768627887188782
0.02547728097447309
0.025335715860803742
0.17593404512068947
0.02538174433871429
0.025376445001559802
0.01800618390105941
0.011176116775770984
0.02334173714380029
0.025378388959170974
2.8629619375970374e-06
7.617147396157756e-06
0.02537894075954669
0.02511083768974813
0.07863666963607854
0.02583333508465441
0.025401263552706936
0.09627653115980478
0.2224990756047646
0.09122825060281194
0.026040367024620863
0.1837928849284712
0.10263353682024992
0.09218954220837734
0.1336035575796519
0.1987602829829535
0.11423261888019
0.1771034356176794
0.07725747529294373
0.1381966614325299
0.17540253048947493
0.2174607721379252
0.09337735145895286
0.05553310657263104
0.1688727795157575
0.02812644543220064
0.05295145015500289
0.11069024911093456
0.17660493102754446
0.043677418282615635
0.06284141988089435
0.13690510367090447
0.03866351209530879
0.02774480115614976
0.06125730864721056
0.02547428130426605
0.028403545056481624
0.015576134287484776
0.09760748926890317
7.635223319829553e-06
0.030190541519265087
0.03447403175712643
0.06906625239340547
0.025404566455938908
0.12786755166448688
0.055560657944847214
0.08930586907582376
0.20927748111047886
0.15095786485031154
0.025700461773828436
0.10313974104378357
0.1721200845069188
0.1246356015171904
0.15392125548891594
0.06224488103650538
0.0610518590312305
0.23865201023453414
0.021768619008526592
0.11046749203718488
0.16740835880259966
0.08327044043701345
0.11929132774463375
0.029538123625645774
0.10332229727639884
0.08008868140386137
0.02541158364904582
0.059945075615331925
0.08292896250339372
0.01991701473534331
0.20037289936947536
0.08733338497181288
0.09025168021340048
0.0221371957683754
0.07961794744125088
0.09373239383197372
0.02539536444210669
0.04089309412107045
0.10363625765694306
0.0570853686149185
0.05007084904419136
0.027287746338274244
0.29064095228095155
0.06312026612355945
0.16408968756052858
0.019718537530157502
0.3740829885445101
0.0143027335061711
0.09491091610216623
0.14655685112201852
0.1700955729062004
0.04465481144452281
0.02539159365292965
0.06686528428077357
0.05115240409334214
0.025426190232501804
0.025393648754864617
0.04998180180640785
0.025406570722278584
0.02538899145423384
5.561668867985652e-06
0.02820934264852675
0.08494850008681272
0.025390167385273804
0.025425004978741682
2.969283094685816e-07
0.025448648162092958
0.0879714419953326
0.025376298231837388
0.02652570266880102
0.02269910672537708
0.08843692066518953
8.502366998861401e-06
0.025651643219089467
0.038153086562726014
0.022193341874775025
0.04274528143233693
0.04252851247155058
0.027108892759395174
0.028251241316456607
0.052411874133661135
1.073186885235709e-05
1.0653125945809938e-05
1.9515562174016108e-05
4.316621065927282e-06
0.06370328035274833
2.6386561783576664e-07
0.08318447501436305
8.59733761318291e-06
0.024674111032730456
5.724787522189748e-06
2.0107799533015733e-06
0.1973707117336384
0.08040529844466128
0.10200774996824456
0.058461907922470566
2.7264820121096656e-07
0.0442973767990745
0.0254539713161818
0.01397100948322477
0.025380434422481512
0.04369204911950094
4.18205855669526e-07
0.07137346827338914
0.026958427525391727
0.09741075077896176
0.0666746317353315
3.9495123522216515e-06
3.861046502887774e-06
0.07576106853906461
0.12350927023782372
0.15094067615983536
0.015503915905426385
0.02542478341371111
1.8143261909589955e-05
0.045051998347772286
0.025381151911543443
3.0976647701445396e-07
0.02558929991842357
3.891551461510295e-06
0.025381143026612343
0.0671288245594117
2.6937020954831554e-06
0.0535911662746055
0.027173637992103164
0.11208285032114357
4.5940958698480025e-07
2.7085187779632987e-07
0.18802752401735015
0.0676695063725872
0.025386113618043767
1.7160089915273016e-07
1.8143261909589955e-05
0.030883739882548982
0.05444924708355247
0.0714999465441105
0.1782697510054283
0.0313063956972261
4.0490725293242405e-06
4.041698733587993e-06
0.025378456950271418
0.025376079731565904
0.025385851907772074
2.527042617972724e-06
0.02537916876825424
1.8143261909589955e-05
0.04860706733985011
0.02767745689898146
2.581684430290481e-07
0.0258788412910676
0.025377707737698183
0.02538037761890879
0.026226220164217617
0.01059455118615631
0.07997245979911351
0.025352018713675255
0.07009185149999762
4.968054047305849e-07
2.7757059743799e-07
0.02540949749935636
0.21690921685479406
0.10259512174911316
0.02539528989421797
0.025378922797657983
0.07027408229304766
0.0255935749174852
0.03467924705781937
0.0559286113998709
0.013637390609052152
0.02551248695732921
5.693668387058308e-06
0.02770686874391385
0.026030658103783643
0.025474898652953912
0.025376270319133143
0.02711453409888695
0.022860432575886075
0.026324409741726798
0.025377115538737213
2.5791593652547817e-07
0.02613462025929901
0.025409923774661936
0.06469632405694037
8.5268972329168e-06
0.02538308851918552
0.039939331945107015
0.025407194708416923
0.15228850132821273
0.07053897473286233
2.861351265257507e-07
0.02537600978093357
0.03207131285755824
0.04177057852088518
0.025375791388014855
0.025394786086965417
0.058148183588843265
0.035241187330776816
0.02546669712361643
0.22027318095718693
0.2377248870860717
0.0253741648247244
4.044497266394637e-06
0.025318477187233217
0.08694076278068863
0.06284799004735098
0.025348142043815903
0.09376602900005963
1.873909853258072e-05
0.02537730935275307
0.04041246979694376
0.04599554214742034
0.19573417246457897
0.10119614458421347
0.0634905068735163
4.706237344804777e-07
0.02537169672959069
0.025376456349053656
0.20631981571665356
0.07610720467177735
0.04573175303726905
0.06025283754781706
0.02545447984335868
0.10782229157236564
0.025587495072723083
0.06945469058738285
0.2479082213517937
0.025388674558054856
4.0496010550583126e-06
0.03059325704226882
0.025377113650468783
0.0303653568453636
2.4753900122911877e-06
0.09265107652975192
1.8568678787223385e-05
0.02537393300667868
8.655129795337638e-06
2.7317516279614394e-07
0.05528880022392355
0.05784144398940268
0.031898673329384813
0.21745557636391988
0.14176639224420226
0.05176690848706788
0.1006582081695776
0.4325271266720014
0.2798436219873813
0.06832255954630051
0.280103725923143
0.13977998749893455
0.08000395091508522
0.03753296083570412
0.4034029446403164
0.331746218949367
0.0571673047271571
0.05033360628294088
0.09225514184771497
0.10545912201045336
0.08597191720206057
0.19869711985386426
0.05226417823531738
0.07919587714207332
0.02585147367731691
0.1407086165355828
0.06129971227942292
0.025348711847196517
0.07612286478436216
0.09986327830217454
0.02018838954406502
0.1795793331345071
0.0947289637248887
0.1011962147535622
0.3937793115021293
0.1608940684617517
0.13063628283283907
0.34082430082656473
0.3518319735166288
0.11588414941712635
0.11600939756109747
0.1779867970726691
0.025391928836463344
0.1447893977447532
0.09381929005425596
0.0707874617569564
0.2544323913125893
0.2690696268887049
0.050046881431270895
0.01173476561174912
0.2890054462581737
0.06219000748154235
0.029751279377119324
0.02514048269561637
0.3152662721303209
0.02545249958111125
0.02562748976926857
0.1073358838653422
0.024563033984660917
0.29006246962300064
0.061100003285376174
0.025652781135126555
0.08349581075306432
0.07077052303689026
0.033847877794585424
0.02537645785539916
0.02542374211879829
0.025378414616096332
0.025376833970625862
0.025376061788895232
0.02540805619666237
0.02537841590828206
0.025378120638213496
0.02538527351436149
0.02538039655654516
0.0933737358839029
0.10839970813653377
0.13718829189207926
0.06684443125261003
0.02682521515636213
0.026100561503182403
0.15309669379279872
0.08517737257726682
0.025392649434838845
0.10949969543685603
0.025396638755293258
0.0276520717021952
0.05280016452402219
0.025525202831788413
0.10527749489210246
0.04765297798783645
0.025619848903372096
0.05474108735205868
0.0496506852639922
0.025420344398916196
0.09139303309626083
0.050206300232504615
0.09971184835702412
0.025388579425414788
0.0576795476875047
0.05945639468553882
0.013498293555699693
0.058817906042909325
0.02538180975663137
0.1263179597513564
0.1852386130790904
0.11043390150851408
0.025409336764603687
0.04285360294625835
0.055239021766356235
3.705347864437425e-05
0.04171713501757625
0.22087403024254468
0.03426957996454977
0.025449672198583708
0.13394448634807984
0.08896678023567317
0.07620638197949245
0.21465941489260815
0.026828160662663064
0.0241350350392597
0.1703468453165369
0.02539350373209671
0.02541455573896683
0.1145135693487777
0.1191259629430457
0.1881888358297652
0.025447108976904043
0.06003789767965315
0.06794881350702701
0.10703776421088533
0.07629835372298645
0.05111143994798705
0.07651929841693672
0.1281569219588929
0.15998663265420285
0.049707747047299584
0.024870021061655537
0.03829727507852265
0.17825697276242358
0.0572224624527664
0.07788113925995717
0.06687108416444723
0.04632014623610807
0.058876489846239034
0.04731255170155271
0.02551464150186442
0.07738340613004624
0.0469001535567932
0.04336562757821805
0.06169596140250193
0.09702141883279196
0.02687604872086525
0.1746839644132573
0.38761669553573497
0.20331617595944185
0.08827761034905479
0.1273784489219641
0.22368742775190606
0.11473666453629006
0.05217276381615716
0.0933469785858584
0.09726572478072386
0.01120717162756455
0.02537462494890012
0.2821178563913915
0.02540051504725005
0.030300195670324295
0.0818976409854279
0.13176103062902356
6.281276964844332e-06
0.33870554334114417
0.0256080170982585
6.172473231004348e-06
1.2730460286731911e-05
8.416512402017582e-06
1.9653023971244395e-06
5.525458860900799e-06
1.6052310798768151e-06
0.02538077657024964
0.10096131851985923
0.09184891687294457
0.10353998218816957
0.025722530030891685
0.09190095897674734
0.033628309917344265
0.07365310485015686
0.25577766124261897
0.33376188519061856
0.17228910743536333
0.40352636359754335
0.3055858749434636
0.19126828791221612
0.10983928447414147
0.17507182522945602
0.025483445749745613
0.2870744941522762
0.010203023066543748
0.02921609087100872
0.017449490744441975
0.31810257922681423
0.10712213445974038
9.916363584064383e-06
0.025403175241941127
0.01317538956653679
1.4372443296874146e-05
0.0600370153848958
0.06195089282915165
0.05612963749057428
0.025383193199580836
0.02537747734763906
0.0925877705450726
0.02545753418553569
9.941891628737402e-06
0.02536534415012533
3.662930698974645e-07
4.1958292978129116e-07
5.363895279844132e-07
5.234811293309199e-06
0.14601775507594944
2.2239820112168088e-07
4.778417276890438e-06
0.025445014572150117
0.02388594496224338
6.599976940322212e-07
0.04259037981673135
0.11759104474807115
0.06162863362570624
0.0390049551658682
0.16957721436555714
0.2291516276040942
0.1510136644635347
0.17217398059599126
0.22233062501619416
0.032528638431718604
0.0919021505766648
0.09688815631790187
0.12013657309269167
0.030729090930181644
0.0907344541810667
0.12157479915729275
0.10632115572587633
0.047271488411015236
0.07691659599082536
0.05966134109511506
0.10447049791706366
0.13914485645345492
0.17371379996530353
0.08884295293226961
0.17369367044514736
0.17338945056927155
0.14654787157733234
0.16794523491968585
0.025617195426412
0.118784864833315
0.2752271149486216
0.06007018975745799
0.025893471757999827
0.031912041037881624
3.2819016344873816e-06
0.012542988510279995
1.3163190506901034e-05
0.0253541133667171
0.08734062340103027
0.025910156155479903
3.3313409151108606e-07
0.010026363145119791
0.07853348377639292
9.522152269758009e-06
4.605548091873143e-06
0.012832035947137057
3.3315912142962844e-07
0.025029085961427375
0.02542228126097586
0.02537760842712962
0.033038601914807716
0.08166771152887299
3.5049876601899354e-07
0.01931967645818255
0.05830655575646239
0.02537317813505546
0.02537871936210254
0.0933633047137686
0.02538199036145778
0.014888158360100922
0.058155362678629835
0.07904263805899517
0.06149348284269216
0.14383357099795402
0.12898763745842598
0.17214237830111673
0.04423549081121902
0.07531848648499566
0.07459185813455765
0.23241707183214586
2.604635047995449e-06
9.736456534851398e-06
0.025419531516986255
0.10979610769468247
0.12895206818835775
0.02537759778570696
0.10178064078440854
3.333049752639247e-07
0.011428912845529778
4.6596011470191213e-07
0.10897229822084684
0.07024225664195126
0.02781691487985139
0.02537943452453469
3.331781046662585e-07
0.010251041658217323
0.01074331390858728
1.5269781478224791e-06
0.11707936133613245
2.456568692919329e-07
0.025378272465566516
0.04497171270848967
0.013225958856583692
5.347850960539648e-07
0.031745208838768954
0.0654116600632856
0.10369173114833638
0.10972184599547163
0.12320129465417605
0.2050447622562616
0.0791373555611836
0.17288632850955016
0.20837968243015664
0.013429449169428412
0.14581691102807354
0.0524127173398829
0.16078186307676928
0.021498881114074525
0.08152595984603928
0.04870950760475783
0.09594162609626868
0.025480975455142014
9.753430810909553e-06
0.10610538389710818
0.2615187634280597
0.011082713738060284
0.016312234045106025
0.025645400431000318
0.031895793198227385
9.43237232815288e-06
0.05279645984722348
0.11467355526377007
0.02540207494952944
4.664644336572632e-07
0.026079247456768463
0.06552222725433253
1.4940147008548724e-06
5.175205698997011e-07
0.025401518099638632
3.332253701036943e-07
9.68782642024582e-06
0.09599362142335842
0.010026168815318605
0.0396477246391662
3.2819307594625013e-06
0.0253822029596729
0.02537944115644349
0.031892975327034216
3.282052878813872e-06
6.758430565079099e-07
0.1653855468098803
0.1485204894942617
3.171732153902952e-07
0.114228096944998
0.17209603382216204
0.059590082386917737
0.08851045803077247
0.03115506495756432
0.22694816790370936
0.07352888854601249
0.08485655356213392
0.06411901906682663
0.17529853407958154
0.027246093872273357
2.028694251097479e-05
0.025379215733161032
0.13817313054831876
0.027106861869982242
1.4387493292884876e-05
0.09602190224018503
0.15114515177898488
1.1782054463541847e-08
8.861759363759915e-06
0.07411275532268867
0.1540795830386378
0.02787031454796764
0.09623616231125873
3.331806985590095e-07
0.07113699962949238
4.825747356103847e-07
0.025376572469403613
0.0423660301989943
3.257996905854165e-07
0.021869394001659576
0.0629746698555801
0.025005930283692204
0.025372599353597258
0.05584611824047978
0.14366848846885888
0.2691542698430653
0.3327912597237123
0.11553106663328322
0.1275121798797456
0.2467607734762815
0.09147774667274224
0.200729271597096
0.12076741167662353
0.10775013286787204
0.08470361620548457
0.1054359803035742
0.33263432257215503
0.02915311819484067
0.041556862863147186
0.17218581097881416
0.1729602641486519
0.08579304573061829
0.1269740139462261
0.025401188026706524
0.2224486346932928
0.03187006472145425
0.061282486969721765
3.5455969996802677e-07
0.10975995876911908
3.426245201505753e-07
0.02853058332208155
0.05416272423111504
0.02583888449139893
0.0218368130830716
0.025375998429708405
0.02566225416990396
0.15402938857708845
0.025376406926386125
0.11932103367201675
0.07752010865206095
3.33289328558544e-07
0.025377577882857345
9.258833740984364e-08
2.664544765367299e-06
2.6645070687208063e-06
0.025341578549019708
3.75234610373454e-07
0.03033902518616707
0.025405491492100838
0.025379033917437413
0.01002409119066822
0.05989183978242563
0.08435273756774174
0.09251457167996636
0.25223344046534224
0.25826973173776746
0.06144142120752465
0.17978671106314387
0.07658495527235737
0.0409770196748888
0.08397693889235783
0.13453780375068725
0.02537889724410139
0.025585289964169183
0.04780455359830872
0.0613888793789699
0.04504153370961305
0.010244679805959259
0.025381638454134374
0.05477799105377906
0.043419466155838735
0.1158394907382289
0.0524480193788322
0.02535222003732675
0.13000328434791594
0.02606261950820759
0.02537573524417499
0.07106342982214857
0.051693893222069694
0.12340098654940937
0.025724307177754133
0.1454046333636549
0.130330797958357
0.06737771936161803
0.13408017872592742
0.041369345994988885
0.11278294137285268
0.12391692566656284
0.0554743581604502
0.05953864792140349
0.13290939673325647
0.056437896944907966
0.09064108238407982
0.0270078272119218
0.02537594638395921
0.3157323399581437
0.056488507052614136
0.10250728957567758
0.12601114347754028
0.1505593473849651
0.09133380019132248
0.21162683067911545
0.06197486625717605
0.02537614580759228
0.17243400825289107
0.08640404506139925
0.02537179713753916
0.0672328383907464
0.07575670267435254
0.04049951881078398
0.08126540810276706
0.025375486795816964
0.05056331386901385
0.04982177940718902
0.13634903552850133
0.2647433939026065
0.08298294629412291
0.03500937604645358
0.12224167916327305
0.1804427001453845
0.035514715317666284
0.2261551641409001
0.09062320882111738
0.05551865444907005
0.025366797955272472
0.11812429624189505
0.04116279123441609
0.22309287511639805
0.348664676741745
0.027862688809681586
0.025375999910645656
0.15681506021543454
0.1025998732653644
0.04761976422680533
0.250567565088236
0.12093724123431282
0.02553047539982717
0.3205111632075443
0.05282138061714526
0.025376070836587508
0.1225972554090112
0.17353186513711358
0.02638365201676454
0.03652481916953189
0.0548209468345547
0.08359772030560758
0.05011173350377948
0.1774496632859587
0.02537603192743549
0.14265466329284582
0.2542012567911327
0.025382228420455344
0.046789049461122834
0.0721568910933671
0.052632838693965775
0.039797011963108586
0.02536918919794973
0.13289625510464698
0.059052380589097474
0.18399251030191188
0.18954216371035404
0.0745346995276126
0.02580591991172058
0.11116381423760276
0.18123472342685515
0.11992213652638012
0.12438931949341775
0.3046633311640762
0.06986738175939268
0.3200976801746341
0.19203698905841532
0.025376456627605903
0.17943163327058387
0.14785125810302704
0.07666619787423537
0.025453073292750858
0.09485899860185347
0.015794197353267828
0.025459588206694483
1.5493515337888305e-09
0.17400471748465202
0.0518264883065068
0.347005986288758
0.17683476247221314
0.04459681592357401
0.025959329261644383
0.4020742158531191
0.2458844703418573
0.11125972116702047
0.13338797567187913
0.2822173355989337
0.02540973463634917
0.3756788079202371
0.04398625869808004
0.11874191781222325
0.0468127368739331
0.07193323603292602
0.09135833026748366
0.11061898448165124
0.09162453127700752
0.060219865915107015
0.022144960871308142
0.11868178097350365
0.05098606483291508
0.25259390323530984
0.19344200870867406
0.05194569037852041
0.42647177579419904
0.1770509811113207
0.09341459769465477
0.2259376338017501
0.4056959044128781
0.0536129108865915
0.34040507945596704
0.16120932907482494
0.025376338605771338
0.08661418111750704
0.08331942574440207
0.0461751761374111
0.027003214063746915
0.1059123162570632
0.04856312580669945
0.08824535769786053
1.4265143358563185e-09
0.16846161770309934
0.07751809725721713
0.2442319251238064
0.18553575953027585
0.09567775788013776
0.08343946221558468
0.06301618106565815
0.06291648821414443
0.07463387659856631
0.11069430168078734
0.07046467169757893
0.026217283485334742
0.12130716468868907
0.06511953011600523
0.1076764758681947
0.09379759936747672
0.09023410294692652
0.0681891731438966
1.435550691626638e-09
0.1783177805099794
0.05185806335749171
0.0939388313855724
0.196595580727674
0.054390173576158544
0.11467731838081385
0.10337038542117198
0.2446868447683537
0.0838279900161371
0.08806501043278256
0.06280419910514644
0.0998347320394585
0.025352596886373542
0.025376021659529638
0.0739669280475372
0.025424613597258904
0.06441703864127231
0.07352596109648778
0.09337263928670836
0.0830724632403913
0.25659236224279897
0.22477961161482252
0.15182270665035236
0.04301453228664125
0.16935960032797792
0.11135651444734264
0.2075147002716821
0.09839639060694326
0.04904142165340876
0.0819314558515398
0.1766199307205629
0.07611172117477713
0.09725726677345406
0.025767826460402404
0.09723940156091176
0.16168160890332287
0.030116198142876176
0.050808295230045916
0.03749078127318893
0.12016835248264768
0.0676035707813267
0.029584824198621074
0.038606066371792425
0.0411192466054956
0.0559541453727229
0.17274957914539818
0.09744901057441208
0.10045112677885824
0.22833354853441695
0.15693488097004069
0.07740974919370701
0.10289530893970812
0.2949550769493156
0.07918245957624027
0.0837394683330131
0.13221975601764469
0.1372763116995708
0.09052842575715107
0.061509922953614286
0.0475666999790827
0.03561113657169962
0.12457891773844755
0.02539481904359006
0.05372498467390986
0.1268024311713632
1.4756485550030046e-09
0.05044794648640751
0.026710669981915625
0.10218405899860562
0.20640910791605996
0.05320286766793448
0.02537335063885648
0.21581542813873197
0.1645253475377886
0.0581689369577021
0.1949597427456683
0.13386114416798364
0.025385288447279504
0.056610656626663126
0.025376106117994963
0.19453378794970344
0.16437053970796892
0.03567459751349485
0.04967280192304239
0.17596412833301112
0.12873463874236935
0.15044365721178393
0.025375113102221663
0.07607535812939528
0.02012425032597895
0.12221554691171108
0.1651684215313436
0.049170227711161606
0.025375413873078064
0.14240030131970235
0.0760072542195052
0.05570714693218928
0.14751893109184314
0.21271624621982327
0.025376412628022246
0.1453081161602733
0.1640210874625838
0.025375987241721645
0.11623535045951533
0.2437475836483821
0.025376692061290517
0.02537554376447512
0.0900984178927634
0.025376879853955595
0.10940063930421016
0.025375531856506747
0.02537625694258706
0.05725515634515582
0.10824730250448976
0.24218010928823144
0.05001047414527752
0.04898447561906673
0.3153886834053273
0.11591267768595558
0.08777079753748858
0.041051900670837575
0.22201076420108007
0.08212800305728657
0.12480908263570682
0.08665682707125268
0.27910124802266495
0.3044044513706345
0.09568836536279944
0.02548532701235474
0.164325039242321
0.3281832715937255
0.039260334302961095
0.025375772834522067
0.052855200470962274
0.06462319478222127
0.033824929652012406
1.659370512882299e-09
0.1046358271561368
0.028575545140511933
0.17163306988363486
0.11966159812448368
0.10090284942070928
0.07509464789063268
0.06959171327549764
0.13748830562211664
0.11409885503606194
0.07789741752592565
0.12492304267395385
0.16448118734129266
0.025375981453125262
0.058607562875205924
0.09773617356704484
0.025377405541709083
0.025391382830552388
0.06902153270373759
0.026660763738990637
0.025391185428112573
1.6446528073764093e-09
0.12216613195936625
0.1059872681854209
0.19422249149978996
0.05821567439399985
0.06493497533696582
0.02771320682419064
0.2697091794734793
0.07595666981223803
0.07964420534882563
0.0709659830555866
0.1302953540137757
0.09406548588964134
0.025381546098941863
0.08714379807813366
0.12291640301925212
0.02509106858060571
0.07713765427446398
0.038601906685466814
0.0406138339632285
0.02627782125348761
0.02532840479601865
0.14907055707991207
0.06153014069038298
0.1304176072274409
0.13411712071224266
0.02573044758119056
0.02625718336721811
0.1191879439600357
0.06230458354451441
0.051579765575414514
0.10321497174302777
0.11651904334354475
0.11345778862722194
0.08104612221469419
0.20560136182243446
0.17471727576644658
0.027423479555590508
0.15671182488655094
0.05718835517565433
0.032811309058527485
0.058436687385591525
0.110801140765445
0.02537574066864866
0.2147460687759229
1.2433327550023009e-09
0.07870165926914842
0.03357647651401299
0.0790238589880703
0.07649222675214266
0.02538868460806565
0.022428245900341558
0.07904394219399835
0.018948108471652663
0.052477043040182976
0.08789657104101363
0.04399100534809443
0.06852219688018192
0.02126170874065187
0.06887996453993042
0.025553341463430333
0.09878927509621148
0.10989661201101067
0.053473418133149125
1.6277307994573186e-09
0.06239571845792129
0.02540757258479702
0.04992796392948215
1.6686442971111415e-09
0.05612061573780526
2.7987461739854017e-07
0.025085560530175743
0.025396503613764387
0.025295849957008256
0.02548162284489227
0.07600981587531301
0.02537056605956148
0.07563440279916919
0.04129065651995978
0.025417259978780526
0.02537682915390849
0.024700570225596397
0.18957166088243896
0.12894052464704733
0.025376320314539704
0.10869520691903813
0.025775536483918574
0.025376022533304527
0.02537411260597908
0.010093790880161876
0.02555010123595173
0.025991317572810767
1.3399760600688355e-09
0.04270697694758853
0.025378410749736208
0.025251872376530975
0.025376167176109597
0.05821562264400864
0.05845675033994568
0.1023297285625708
0.25780830712033764
0.2101735220004719
0.14482978686721884
0.21601843891601474
0.16706900686183332
0.04859042378932197
0.129572221997189
0.13031735252910134
0.1900251088080123
0.058085313973526925
0.18046889167035268
0.0803919721333737
0.2612546037968798
0.13625862672144326
0.32468463604080194
0.14079615774017282
0.1658811203684432
0.18927749348250505
0.2489836251417468
0.18432119228420932
0.14780020217455686
0.14768014865497542
0.05441536860600893
0.17323244668850046
0.07843171701976534
0.1282855989003159
0.05346673854687047
0.17820664212179851
0.18077229558948466
0.12764835137622685
0.06696598747065133
0.1617779529438511
0.025570146686598176
0.15666460423121353
0.05356986393543955
0.2303244967932136
0.2355443505304957
0.29476851453047553
0.25138132856673906
0.14404692089354149
0.1732957111523022
0.246495355116022
0.02577567888310496
0.02537591322601763
0.248630507910856
0.1220934320085249
0.17419323732405986
0.14964539687560793
0.14200444618978952
0.12870699788081216
0.14405559297199494
0.16384532524226916
0.05672545248524589
0.09596064261744844
0.16914661071993906
0.0513285446105094
0.0914133689686506
0.2272244897482332
0.2526984151551309
0.11179154909486327
0.11227931543566376
0.07648279738157443
0.13275382654146262
0.11529969691345078
0.1302140140214563
0.10664007311032372
0.1274325578645144
0.189258228504818
0.065399562120125
0.029640706801351262
0.2576000856768889
0.15447371222242814
0.1331262512129192
0.11915747608674218
0.1202553154784051
0.08427737125497305
0.08443396485169871
0.19661211235358805
0.10835681272778107
0.14803852693553102
0.20056295092033213
0.027806088289875342
0.2320738141331757
0.11974728233968435
0.2377661082636927
0.12607001085049285
0.23868643765050024
0.10955905743813604
0.11995216227822735
0.2183476796372132
0.08569159992762546
0.3273171411751863
0.1731441041303182
0.17668219309121885
0.4075538072010159
0.09010866867481662
0.14381019706331752
0.1370917336750329
0.06737129349488358
0.12268965862127534
0.26018331102255976
0.2003058750237745
0.12237005939199945
0.05308536963861546
0.17174125326341247
0.17926444438510006
0.012852044068401946
0.07412754127705552
0.12563299669512454
0.18101391353594454
0.02832216140395588
0.1687031636070944
0.3221020741336396
0.06778355594512002
0.06348860550533705
0.18081543913151008
0.04421626536463065
0.17181178413294604
0.14408806181476844
0.2766286339924771
0.16283724255934312
0.2948515804725372
0.09493990689965827
0.11993075776912288
0.06584369587188722
0.15894094002776776
0.040817442289007515
0.18925110222814992
0.1588674956157898
0.12696709280019794
0.05085853151862009
0.1819632039657695
0.1220421334743058
0.06140259560722399
0.2597299580756828
0.04556639161715545
0.1181327089516089
0.10728062447513023
0.1950987168646614
0.17392388771013725
0.10172308199137282
0.20897793795198288
0.2192455808245236
0.14983981819155856
0.056956303309914184
0.16820996439623614
0.19047938312392754
0.16729042623479098
0.19069355729471565
0.1757571829893576
0.16422828282287716
0.2885814754485829
0.044820127011792325
0.2470274809479471
0.14528076358487155
0.10585148830050382
0.20877812993606149
0.2556676301810799
0.21023527569290773
0.2593014251908792
0.26210839379124884
0.1240248012327174
0.31410736791703114
0.3041843589005788
0.2866892675423271
0.28249856994296196
0.05030371817129885
0.299755806046493
0.08359431075233605
0.07929449176781728
0.15617513960736204
0.02985643583775689
0.04067792429917376
0.11728080392618398
0.024634541701228356
0.16256485983209504
0.12203221050526405
0.014917664413755168
0.02537607140703716
0.21855034819634808
0.15514470109402612
0.2188414375830573
0.047767904463616936
0.07142940517695874
0.1261118648640939
0.028210952384197463
0.12742130966581114
7.520771139482226e-10
0.17114553815409125
0.05234094495597882
0.052506157826804435
0.12813261205834822
0.19242894442583006
0.14988793731602262
0.1342441998659567
0.16936286842967033
0.04726227888920155
0.12671975420335302
0.16166060357155976
0.19382579084718504
0.20789844522679315
0.1198253821125995
0.15344137785274864
0.2542698599937864
0.2684953961069345
0.17058663857091794
0.12830220508281576
0.05509426254668349
0.08870548803515932
0.08852768372036328
0.13307208758418895
0.03780592691755291
0.05710950360668177
0.0545855251054066
0.10631250960312837
0.07585759147839151
0.15820262473344798
0.030010911605520888
0.04385287621376798
0.058189300801359936
0.1256780901783936
0.1860972411433948
0.13626729022146988
0.07217186388825196
0.050117622947773416
0.0735634909850668
0.16292658633712884
0.22448502959138555
0.07646196357825417
0.05841254822664627
7.579551348749634e-13
0.02773223373784367
0.1934882085758648
1.315086542053243e-11
0.09405109964297448
0.0914239845647892
0.05762254445032815
0.056527502979894576
0.02811658778617231
0.06840129881515647
0.08814833145602183
0.13915257750439408
0.05315485386902755
0.13058200984034207
0.1679265969514991
0.1777858194601685
0.2255721378831873
0.11625642969636672
0.1964698564161268
0.0749795063400522
0.07040576775087158
0.09931127618142294
0.06534868864988347
0.1747096669464885
0.052773507149823685
0.05800309330999241
0.05850652220232758
0.03563439685254327
0.051540103635150894
0.05976981566506629
0.055938722529595135
0.17115464895576726
0.1074295948621286
0.042735561551735385
0.02540386384208061
0.17853250630943607
0.1012421482088287
0.1127452988639158
0.16066375519004578
0.06761964100805072
0.3593363945001655
0.050960936016475146
0.11963557493257948
0.10576728390548856
0.10400911357957726
0.058675001387879774
0.028869539515220137
0.08339870594073763
0.0505794627375902
0.06439024137423444
0.05885729080976203
0.21110557376324102
0.06875371280742576
0.11678174455849792
0.1300069007937951
0.15852890369815606
0.09732146565549517
0.1213154412865124
0.1795028117411655
0.1881038279971372
0.10406091854791746
0.14179699262226353
0.07903933038427811
0.13059065561451388
0.1492885898004201
0.1261248457391638
0.02537981508912455
0.0982424539593599
0.114088460961781
0.03551451237346097
0.10415643766689653
0.10246879424754518
0.07329991922496648
0.24570126316269586
0.14113347570967624
0.1388245300667673
0.103362806486612
0.12261201692856707
0.07046466538351219
0.14759208595980705
0.0797370401729188
0.052494586284829836
0.08970506624495954
0.07401465076630112
0.025373466426785743
0.025375956069889183
0.18527700054826046
1.012613586000573e-11
0.0894414605229361
0.059078052718012725
0.08330526409268321
0.12246883498783315
0.10020936762072166
1.0320363414446889e-12
0.1274531186745804
5.003649780842599e-12
0.13659779177791334
0.14277976263813108
0.19393959539047054
0.2660853014421468
0.2534021849848756
0.1401701618818802
0.12547439926620946
0.0255879926216385
0.02615704402829181
0.06405735592751928
0.0320224893449302
0.04231608422175682
0.061563261345770615
0.05485821725615495
0.05067710562044598
0.05852887083572503
0.2431948054013013
0.1052993296098042
0.027179627167420787
0.058286551503442134
0.18500948450463425
0.1304901732097372
0.1499209627966608
0.11964166696967828
0.028650135142381444
0.08012483443645554
0.08141871086717059
0.03466776676168278
0.030061033993149286
0.0256412644493753
0.02537723735108476
0.05789440811132916
0.05354532062118672
0.05644798411705421
0.09499919574954044
0.025384702861770983
0.0750937978501328
0.030121588508822864
1.2345288160848256e-12
0.06769909910092008
9.087256056630637e-12
0.13276466092729813
0.14761221656924106
0.12586060616429245
0.2744758050256766
0.2399147075550845
0.12629354423166594
0.21736441343761329
0.1365603828658657
0.04774292388316485
0.02538830787767689
0.02537593928048492
0.04519325523819357
0.11206796197904194
0.041272598648118566
0.12219970592396867
0.041460438707356564
0.030590988295662837
0.019988970991341014
0.05685362412898565
0.1805583356157863
0.1536628144871886
0.0959972759954841
0.08040731294510657
0.04722475922756377
0.02579460975003869
0.02537605158147777
0.060169766128167775
0.05819226581449431
0.026316719539184862
4.5632608278773807e-10
0.040414095598495625
0.05394220620342825
0.050905601773386495
0.06032578387500581
0.05104815219143438
0.05103305519968579
0.05850690366270656
0.07393357967467781
0.07577997451603705
0.1683162524398455
0.21384401297993388
0.2959929619170907
0.24729534707184495
0.3168590643084295
0.09806667681628987
0.0954784125975879
0.23643257681512755
0.04762974185564504
0.05798974129575558
0.03239697002379907
0.0574166749991439
0.057242555450052086
0.058003203216834616
0.025464305563558345
0.026745291736086075
0.08809691705833737
0.11579301195813417
0.06031056656267615
0.026536324352146253
0.18636768629322445
0.16120499274863567
0.05819621637994181
0.06559773862332731
0.02592045153759399
0.0584669538020263
0.18507972485373614
0.11002493195171452
0.05860228896191714
0.05742746715167674
0.02828034814947765
0.11800940669498633
0.025423930455903
0.10632874299456234
0.08962125824593256
0.04294791186296707
0.10567028219125248
0.029002212128310157
0.11147803433408984
0.13313015233351366
0.16640161491208288
1.5954471509580028e-11
0.1609037764654884
0.02617410434880113
0.03863695276473702
0.07005722354770977
0.05807201190596509
0.028259561649094482
0.18007547792298031
0.11495817943075905
0.18538409400403646
0.13092514651153372
0.2678462340813567
0.5959703616905503
0.16789113582147325
0.04500905427056635
0.2081567492355118
0.04719418227155429
0.12576718988611682
0.05108500883103685
0.06454072288337667
0.0581947260256861
0.05823125719391613
6.045818768029947e-16
0.03386839494304236
0.05755497925583876
0.13500239221945906
0.1272988093614999
0.09037268987982636
0.057084496969685525
0.03902368434164059
0.05557352235166324
0.10982114450079764
0.05858275627997159
0.00554289804489439
0.15559699558684864
0.117097015714512
0.05769323011705069
0.0583128248388516
0.06050093616314073
0.06474214298837902
0.06285784832805591
0.05822551067515954
0.025433476779164133
0.07711240458986998
0.058776025384992735
0.02538917160497325
0.026634964998544102
0.17450499919187615
0.192834530331732
0.14376478765074854
0.09610753203348538
0.1032018311267858
0.2335801023149836
0.12140272101680552
0.059051059036963074
0.051298009669742635
0.16550416843402416
0.1211827917353626
0.03923397964484099
0.025108192728624145
0.2355340184892148
0.0791024384211671
0.16514203680778852
0.12595068100849852
0.1100326003259548
0.27517690626011665
0.025406182078679552
0.06589821313619472
0.21613871215745145
0.22460387869769527
0.05375551192204171
0.15783633509670772
0.11825234954943427
0.11418074299057132
0.09036158027816901
0.22148556284793366
0.1247009068173704
0.025362025649918282
0.08550707736779221
0.43101179277134505
0.053501138942288286
0.052014088849229104
0.02628269358152457
0.14423458621563598
0.06722221356053493
0.12046570951500905
0.0936035891913881
0.04949290593443477
0.05385910539927223
0.05160474536054401
0.054279158215525536
0.025458198640357282
0.02537650347379301
0.057190872895038734
2.419681742475893e-07
0.06840599026965458
0.09467402605656204
0.22932770978824235
0.4350684689311024
0.13983415134038835
0.025375999004650582
0.22625791458347566
0.2707083449654106
0.06375940562366753
0.06235691458525301
0.4144516006310433
0.11700889890673342
0.048741555897608
0.016640611056750694
0.35565844911760136
0.1115847773530314
0.06346898381402362
0.26208670537257983
0.4195267129841887
0.1382385926488003
0.11443010912191585
0.11117916568023893
0.11026991992482554
0.05511523185646525
0.05875466912940944
0.04464299885092826
0.08511781648568538
0.0543297725118397
0.026988721061338348
0.1531012396198132
0.05077511265442355
0.10323232034043103
0.1198382279124329
0.11113429592614504
0.025347039024443945
0.11694346424856232
0.13313131415685062
0.15207768914359487
0.09790096866739063
0.20000051279979456
0.3070886988155207
0.11473595253017208
0.21235189951322145
0.2888316799500392
0.0881253986646459
0.1417351241647087
0.26206943040857617
0.2528114004440046
0.16367189980439334
0.11822209206916436
0.11419667772696555
0.0754067006860549
0.025439696363681985
0.060262857076827776
0.1396948817684159
0.14093384500616488
0.03668035084925075
0.17795299662327305
0.054586988739986006
0.05900668203741101
0.04047795760862705
0.0409649458076052
0.06899903744224886
0.046731317839486634
0.036308332734992316
0.042156729868101685
0.053917129170263686
0.08353653429683816
0.07935884261356133
0.04543239600306316
0.08796112234423249
0.20814978750564367
0.08604451988426802
0.11895037348973025
0.13690028224864326
0.15442725947569147
0.14263543222163624
0.05234616954577586
0.0701891690800626
0.19973669621667345
0.09225883365535692
0.0489461954286895
0.0574065042112189
0.3009204215429657
0.04636618194859261
0.003674597431524442
0.047599295560737
0.15788614927977274
0.13669049803700753
0.027430702099614224
0.1970573583950634
0.05224384598177356
0.03009830922946587
0.04986618983316097
0.05221677927810718
0.2237236266775296
0.11684651246517465
0.06049403200769679
0.1988278696424617
0.16029946556012112
0.11515500890136625
0.005471340587175375
0.0550052662255813
0.025214483518863226
0.022450647713014686
0.02590596029351173
0.07324546183310263
0.11498760093396307
0.1433443979291192
0.0778575806750525
0.0872320039159235
0.05211137652940215
0.21549457968113048
0.4022682245382871
0.17877465396653885
0.0795555470951071
0.10193946707920387
0.0900668231589811
0.1749988307695427
0.1654396061573338
0.34651709593409225
0.2511226533944037
0.107382647006861
0.1399315387823327
0.42850391545444505
0.048029959558525216
0.018068564837156645
0.08402890697168366
0.0768256319577548
0.04228003513402349
0.2770425337198981
0.3081116665453361
0.15441089755092702
0.1595452510640631
0.2502515827750029
0.06369205616508179
0.13619020702744533
0.09915309858293866
0.17478762692557812
0.14825473491988955
0.11390200620850363
0.03778415551843088
0.05118077856483135
0.05159107306645845
0.09748599612125836
0.012216576925522991
0.02378705953577234
0.18104450146659812
0.10442195223869694
0.20325731065526506
0.05962869838202774
0.19137376943311527
0.1716592633396959
0.08088225348086606
0.17106893450811098
0.11322437864908655
0.056153784497382994
0.05139944897358167
0.011915459867410454
0.09081091208393248
0.056228999001392665
0.027333291723264503
0.05090502083157748
0.04987861587271013
0.05236199380131968
0.029415683897532012
0.0254285246037428
0.08026775555420446
0.025571549583269942
0.12862767251550766
0.06167804312309313
0.15911039228571855
0.16504662324329816
0.02943034551138652
0.062088975976880026
0.0277385873674493
0.08199617516817632
0.07363914368400552
0.028835254754095943
0.04976195102140077
0.11955669281481085
0.04580030068428614
0.15232274381981198
0.06575415927737481
0.2805144064725382
0.02372225285708033
0.05614357853437861
0.038404370748580656
0.07088547928708558
0.4257659747901741
0.059684537141667875
0.0891347253097377
0.16884530785359844
0.13354296757193052
0.2292744913285025
0.07128072113598496
0.19987173732344016
0.3141377252917472
0.056034251707226486
0.0881326538021584
0.3271833600783028
0.16675396102814588
0.04790998284708805
0.09208204472918842
0.18018330569460025
0.1435375259740304
0.04356629310407022
0.05707085595316441
0.237131119145348
0.9990174277561494
6.663896080389525e-05
0.15781615233297022
0.43537345026816
0.04759682749285616
0.07018896829624598
0.08850992791050638
0.010444048171655864
0.06023947502916885
0.0011543719739731367
0.06734816538971956
0.15513962998313133
6.124679694070988e-05
0.02539376944991097
0.2529486272466573
0.03387301403100127
0.00010955282993141528
2.00980299626882e-05
0.034719738524861724
0.025393555167677703
0.025451072351116308
4.228813543399066e-06
0.027889146125535915
0.010035496897930641
0.025412130411614674
0.027142982648472338
7.955001680911262e-05
0.010029503149860732
0.010034184030834793
0.063246080657906
0.00016354561963619768
0.025484864824318176
0.00013246281495527334
0.05318647970849372
0.00011738309309523912
0.016333557795442738
0.2683408870362079
0.01005197256630082
0.04663813098783117
0.0004365399646060491
0.05014034270779836
6.279444816965272e-05
0.3930030594054986
0.17219063829093376
0.05685173523737909
0.06561981213573645
0.9999983675557246
0.12098049254410807
0.025891995069111915
0.9972477091797994
0.2666319985644132
0.2422714952506821
0.13049027610748798
0.1160632298618482
0.00010329471707337676
1.996099920955207e-05
0.2617981184897822
0.1806915487412709
0.4235660485019243
0.01021422007096295
0.0009190343386398436
0.17210203022366974
0.9922080088825014
0.21033656218672125
0.13611613432914849
0.0005721700713303479
0.03221942821382453
0.0011412906312049268
0.00017330186878705334
0.0254979859733316
4.894592657442296e-05
9.824657136508026e-05
0.058372194755971225
0.1354575226139381
9.1643129997439e-05
0.0005317567421035905
0.0001131274969335136
3.0923347072894263e-06
1.9962468283368218e-05
0.010031401901078287
0.02539327158295386
9.02024064261184e-05
0.113454535679503
6.748335915007114e-05
4.894572613111804e-05
0.130021317748416
0.010222907049798191
0.0001862654943979501
0.05193330192582085
0.12864231406695434
0.00010537966838736676
0.17146836007894614
0.01313743581255544
0.17164398684230964
0.013887027310385786
0.07552850495482671
0.2486202794165581
0.23776547419894134
0.00019679605738777425
0.010232643143917218
0.025523764186188336
0.027783966191658672
0.001159674936211086
0.524164740373655
0.10332114614783036
5.186743761087295e-05
0.0010510455734552473
0.2118906897795452
0.07726250340825813
0.010207824852253874
0.010188902855418576
0.1436719832072896
0.0253934639215816
0.00014246311048281518
0.0011120031965162363
0.025394511508226605
9.203728226050956e-05
0.0002721953900666486
0.14107880960293906
0.025504708744687837
0.00014158096195525518
0.02539016465284674
0.06723161678008116
0.02541349102107851
4.962592681822791e-05
0.09160903884719736
0.02553235950623366
0.05788658476678275
0.01003329113878338
0.26485510835075593
0.4355845374077719
0.03130057344472173
0.2341899732975363
0.43553229562849616
0.1824961568235488
0.16414712155763894
0.0254422555626736
0.10886520886629997
0.17898393802813764
0.3068470529107035
0.0008518063679365201
0.010046774198220221
0.4358298713965485
0.0002113918356272168
0.00014242799032924112
0.1215280231160746
0.0678294596220106
0.06090117810067164
1.9961021187855555e-05
0.05612328812971398
0.2343842088082053
0.2782465317372755
0.00019517349595663143
0.0007789424950509567
0.6316163165267511
0.15051362249793995
0.0010757071723285377
7.135249197376314e-05
0.0008337309378166145
0.00010665279289503902
0.0006666503188301876
0.00014463293450874625
0.2316851654781303
0.02550875297971724
5.236197249126682e-05
0.06218762794800985
0.3407962169151091
0.0009596400523811015
4.3223642831349325e-05
1.0630927516189574
0.026211388606756092
0.0006873787819080526
0.0001440366761551777
0.0011057828020562405
0.010038321338609374
0.0010623122130193608
6.0532896086791895e-05
0.0010878971776662142
0.055606621787335365
0.17824904969199812
0.0001948684588001064
0.04600868543253378
0.053696460914492435
7.714298732725667e-05
3.0913234470114625e-06
0.2331492353044289
0.5081999794855765
0.42658132525831255
0.1597064251077516
0.04920197306845512
0.025671994207498508
0.06709603833688682
0.00010368279565800609
0.09042796722002673
0.010030192120402143
0.061062022220745124
0.0005721700713303479
0.9494494441648628
0.02558800305653116
2.678281373560572e-05
0.03963869107344941
1.4714567871669693
0.025970139250823532
0.02695282101535353
0.026436368198045776
0.18187361341330646
0.0693721444135003
0.0006301623276820537
5.721022389130841e-06
0.011645815407257816
0.00020313091838441448
0.0253905223047406
0.16595112377378973
0.00019218568376740312
0.08668994545653483
0.07774842943723542
0.022005074911891628
6.806260690883508e-06
0.00934531903486384
0.025392365082591368
0.028042242344484263
0.0608839310647491
0.10365153237155836
0.0827156115624289
0.07487357942126162
0.03270773436834214
0.0005361109417071368
0.4360729586696611
0.5710659929083609
0.07472609324630544
0.292412008823301
0.02668747755674508
0.3540962335325823
0.619184512229126
0.3810264154274652
0.09713168509738418
0.10185221997221967
0.13641025865318307
0.10129053242834417
0.2402550381468709
0.010108106791903135
0.0008100122124096554
0.4287517434275468
0.1811198318353044
0.06973852518772235
0.01322909319136503
9.88581106993578e-05
0.05521447933733405
0.0007272095041019647
0.1317507761980168
0.6793177208070933
6.647012661592524e-05
0.13086478759937914
0.0591745834073953
0.010041444459630094
0.00014075970530268327
1.314279772522824
0.026627632332159184
4.894540538652522e-05
0.6212723254797503
4.8945180209592217e-05
1.935435537592232
0.025796497591854404
0.062372602602933626
0.06342800832708065
0.09038760206106107
0.0005236463367771036
0.027212741150725618
0.053333699674801616
0.08002604916499041
0.0255631480456352
0.10818991433669428
0.4325746635356739
0.06565104748974934
0.3436990182188712
0.11423941836967055
0.3456270341698949
0.25789804041765296
0.08088814512219365
0.09480442454793067
0.4051044540076276
0.04860768063948071
0.06671404526968731
0.025387030275223443
0.2531770509716048
0.02538824005038848
0.07126732819551511
0.13490071460145775
0.3778345512784597
0.2358747637788853
0.07600457721777495
0.06781671577410106
0.18546537377164687
0.0864858692683408
0.12676787160860828
0.2231925542693185
0.3048779660331004
0.2432955499700944
0.3197124141047659
0.16079659496318222
0.26681622189973936
0.1550933025397425
0.15392641911490007
0.22511578890503492
0.0253759508103936
0.18989876054955565
0.2336327211112356
0.2170251955158888
0.14100406737340312
0.05143554213927487
0.19894783663274415
0.12531570512976886
0.02698351326706125
0.3028820604304262
0.06458501569365499
0.14468719450332554
0.09109323532690296
0.07030628602119134
0.03616044013049968
0.025376612794692808
0.025297719521770214
0.01907459160672985
0.025376273484572998
0.09547332370073364
0.09388423377981607
0.0253757868603801
0.0253757869728742
0.05396963389446322
0.07985510773213346
0.2391620360122489
0.15643262210187814
0.08785072788754736
0.10428207220415266
0.090994437604375
0.049005309864759435
0.2407844310365003
0.025395205941769233
0.02543673624118242
0.02537596695798533
0.02548386274960343
0.013003766696219828
0.02262262611647904
0.0253759510788159
0.07385517423143251
0.025369177191142258
0.08098816004085868
0.025375947153169803
0.05115774672226367
0.029858091204238664
0.0267843556584132
0.1278085004567317
0.06994258282505414
0.04545849851668339
0.14938219993094995
0.025405889554131592
0.10541086891710316
0.20044169958472974
0.12857418222264666
0.1207655218660713
0.02545741394721528
0.05081544662346588
0.10532593993946264
0.21713275915098848
0.17620720416523225
0.025395064114644043
0.06773783791993626
0.05500365349672453
0.0253094197556428
0.1338534161812519
0.025373422009251717
0.025376162420364973
0.043760990989000714
0.08298852630029926
0.08684732641712323
0.02537525249687422
0.029025437638445895
0.02546272496683981
0.025376099704127908
0.0518262168272263
0.042925709649627934
0.032748839080542665
0.051123168803240734
0.13423458861706486
0.025379533789878936
0.13834221331062546
0.049408864108602166
0.1302061164404024
0.15083536225432112
0.11560437891351658
0.09762634207389387
0.28100695784661833
0.060374276849676924
0.12155786896280142
0.2608621229244069
0.1935717355542947
0.11399506282762613
0.025375784999763198
0.02532036396309614
0.10244991547645266
0.02572625540684916
0.022454133856758308
0.013727741406939905
0.025375955767165663
0.06046464729087204
0.02537651559520816
0.025372692665229304
0.025411616345486717
0.0251029373327972
0.15059649291612046
0.06936021921137883
0.106835713260566
0.03452021328354977
0.10513824455331852
0.1595906523135614
0.02537994740160052
0.050489908575582304
0.05106810138717015
0.10612813470195474
0.17969415110432374
0.025462427453657125
0.14057507911749315
0.14310103662042895
0.08383215034782694
0.09187677500677142
0.0507836336959433
0.07537020374989149
0.05681517306757989
0.12090686537780986
0.15230093063802952
0.22833038378363635
0.09979605719030532
0.108643829385262
0.13915066841742715
0.2121449392901924
0.02537331353211204
0.10274997087961643
0.06468035499213083
0.17809373168878792
0.0326946321331599
0.1126074712384412
0.055893785498001114
0.14476999466202495
0.18752788893342692
0.21564894041122326
0.20145696237918884
0.040725319248479636
0.013998581313397478
0.08251082136092283
0.032681048996868155
0.02716214858951837
0.025375372277537164
0.018198926733406208
0.0955048896055462
0.0849970715283115
0.18347322534858496
0.13856611774219493
0.0728648161072992
0.07258035290838433
0.025375944767674227
0.025401238690734098
0.025361482447180887
0.02543011868617827
0.01573160171768418
0.02486763399188944
0.025384825801428645
0.024573909410509808
0.02537737178735935
0.02538427466279196
0.0254622621483929
0.02572525220989266
0.0254699837079258
0.06840388334456296
0.10082302866586412
0.07401311307538602
3.390036517245146e-07
0.019994721513615633
0.05913088599799191
0.02537491564234635
0.024921517997961003
0.04923247636261428
0.010068299078775551
0.04583374539298694
0.046151073320238746
0.02765227195154096
0.02557128901185592
0.031459682648152444
0.05012161705107962
0.018902028487491517
0.010099364068620907
0.02537687040987549
0.045531324388694325
0.08336095970845044
0.025376723299410046
0.028844813771874388
0.010481013461462187
0.1306479729985713
0.010142572813691231
0.025379519120329555
0.14543923749325832
0.025376118690760514
0.010899846388114396
0.02535638201040577
0.06653773131143396
0.06993265659406182
0.04061141683620363
0.0471859693444889
0.028946137749414742
0.025233220850197042
0.02537558968283793
0.01614254888385279
0.0252148963213193
2.3782356382189862e-06
0.010100426604063179
0.025595521077447943
0.06743335063629273
0.07688223909777941
0.013335741477382208
0.025427067399478646
0.1073145438614149
0.06081657990560011
0.011632809613604769
0.07601729865862762
0.13617612198431756
0.025380814351685987
0.15491801321880874
0.020668648751835314
0.18423828226585204
0.1500384033555833
0.025376858903889733
0.02537681779846629
0.2846168394435418
0.10986052471437413
0.025023729779977646
0.025328529561847533
0.04701389458786784
0.020212821026278603
0.0253727454249782
0.08750567486488328
0.03057927697981644
0.025382325239713097
0.060868281348795385
0.1198248736227352
0.02886200032585806
0.034572163584344534
0.04129654494324388
0.17210811041812213
0.09390688977266404
0.16751725677871715
0.4344779702291773
0.11616081607900533
0.08000716176135891
0.15670701405894524
0.2254093987502614
0.1694343638564913
0.08409979169308637
0.1997799483715516
0.06180815879960825
0.11377806048792513
0.0973274471174478
0.04592759332755846
0.08489299365787284
0.08055106147852882
0.12296804147256883
0.025387704364787232
0.07850101420681001
0.053166761775294384
0.02570443863648271
0.07650344222270865
0.1515533159935278
0.06439827556885258
0.025375014719357696
0.05751767926160532
0.2785196578320568
0.3579362708879122
0.29735994318504216
0.07009533614884192
0.16878997350600453
0.03435247958502663
0.07420582032172225
0.10945916184416248
0.08541385817592423
0.15707092115129873
0.02539163613005615
0.1097261945557843
0.11578118106693742
0.07549806484926337
0.13733386417512852
1.1189973413258104e-05
0.025331162576816432
0.057408851883138275
0.05236379324831317
0.015126173265101246
0.062211973157838864
0.0309615198713343
0.14585897005422854
0.07515742340628645
0.029033030494779156
0.02544978163003164
0.06387551184855356
0.07140652846306253
0.13822558653529432
0.15977446621800018
0.10363565054665874
0.4230905032715923
0.05128949172524571
0.14782826839918378
0.20525348265161025
0.15711681546892162
0.11720463429231505
0.2711922409991604
0.2388056548150059
0.06985590498247937
0.12187963918607335
0.13365545271822366
0.011527038714244523
0.025825324153714063
0.12129863146958968
0.07070045969830621
0.08249721183616103
0.10004052705573142
0.07367415965071898
0.02541475368714054
0.2104052571217024
0.16003052417986202
0.025385849891840225
0.08740735887895919
0.04620271696042403
0.025375942274288712
0.017387827772576442
0.025375360749840814
0.025488569529552925
0.025376043413779945
0.08620170598198082
0.061856421602088624
0.045743208410555763
0.12673690416782454
0.15948286145991564
0.02890855249951088
0.02485315492160985
0.172861085216419
0.15508655960346124
0.08149079226269748
0.1914790652180781
0.09173647968135228
0.07502884950153177
0.0984151407404579
0.1721451143617903
0.11698174071943873
0.2022817381910285
0.03439971068381272
8.023416635386609e-06
0.13369302383813705
0.05989722349235833
0.07233250115781338
0.13318785998627192
0.03862862412523636
0.04997269898360504
0.1269879941822755
0.05588955195741506
0.06168425043820828
0.1968094499980276
0.17210500881051474
0.06956826309604154
0.15327993176091032
0.27726941050296394
0.2178608197700234
0.2558132935278201
0.1721332601207387
0.09478921424086977
0.12233242072389645
0.20030805455516787
0.08071294349797102
0.26953005687081616
0.059030966713385126
0.1074716857045658
0.1774882096168894
0.08626560173509001
0.07761211423626609
0.08092825550095684
0.2628202654157759
0.009647713835488894
0.031189638801177037
0.18220781844246944
0.11028807252116374
0.08827877121371888
0.15809319839415925
0.1114669606603936
0.025372246561651823
0.1843863551637978
0.025373174929157062
0.02535745525836752
0.023141597668504262
0.025376531823774945
0.010104551307023304
0.13107172114496018
0.2214974140076351
0.11234264212542447
0.12327967327731099
0.20011753856239267
0.2928789409076738
0.16584094561394372
0.016134095187262474
0.07591455131734336
0.16268433961130466
0.20538619928651955
0.05398854297724444
0.18214004216338595
0.0959104640561136
0.02544763801941633
0.11179061945929376
0.16834604339146786
1.5058196688199864e-06
0.24494755886569505
0.07354259842426485
1.1189973413258104e-05
0.025382805299446903
0.02537821171120509
0.02537606407210321
0.025393356563799298
0.025345573981809585
0.0752943984196978
0.0310793984484954
0.07096611062177638
0.08098543264375888
0.03942964691549136
0.18334178605910995
0.27343696695062103
0.0747550513038161
0.08704055624261549
0.1721953273166793
0.1421300476474256
0.0324518896547612
0.4161119008460276
0.4239188880977165
0.3743495339524399
0.12456689433573315
0.4712059031834361
0.10635553300909396
0.07076059373742782
0.4319711448194801
0.1569035768891988
0.06607345816068012
0.16509296946821472
0.183154623039096
0.11339599481964276
0.05458524484411716
0.1502247974754088
0.2078852675389032
0.026582518098386118
0.05142811835110999
0.08107212373075205
1.5022004523214917e-06
0.13769064971768274
3.304903262187089e-06
0.08281345565479856
0.025375209155684933
0.025380248110926557
0.02537652805282988
0.010360866253663548
0.02580681272480861
0.09593612582144684
0.07818073032291037
0.07637351759226252
0.04152468684889043
0.07428850876779752
0.05268617310993723
0.1088204285861188
0.02553527339747194
0.187112204281012
0.1999731522437776
0.11264168214544455
0.17750501550204473
0.297827817581148
0.1978167528419227
0.11678262899153727
0.17207066516675376
0.31440068168412344
0.08850030542896382
0.07057571889997295
0.0674920108776576
0.042765263547730664
0.05936536067394128
0.07223360789007949
0.05211792587169773
0.0509465093747961
0.14775904980594387
0.07712386927704297
0.09403793142059512
0.3080835116806673
0.1377509855462627
0.05904705457450481
0.4300665225591733
0.15922327771100406
0.08134730684723766
0.15392624296587687
0.02538909093332964
0.2174413372748016
0.11499790934541082
0.15983133444729022
0.10430054655177047
0.025443303060162275
0.08707203140071833
0.12481123467372345
1.462237542548742e-06
0.13623701463704424
0.08424538754663673
0.025493764830460768
0.16296898271623156
0.02537707863744515
6.5361348138016e-07
0.08233193229573751
0.033482292139359986
0.025701729414422024
0.02533714339984371
0.0747526314387509
0.12284087263787336
0.06862967487875507
0.0825227249737026
0.18228497804100405
0.1749268293776263
0.010962358735623566
0.07124093498721652
0.025375938535861283
0.07866541936194643
0.037504605811396814
0.039694421690991785
0.20303966150549208
0.018008474557074914
0.025377298351684542
0.05082540285883196
1.629143848995779e-06
0.07172967602759149
0.08549265980016703
0.025378593891072047
0.08197542406566165
5.411620880821255e-06
0.02537662978307867
0.02537574359181552
0.02539200640335545
0.025401222881941316
8.548290796611495e-07
0.060081120486432014
0.07361496362789724
9.21074201662318e-06
0.09495727360233197
0.08339016453712798
0.029353607468006818
0.025306212222274287
0.1996200018697933
0.0660254148105369
0.06389247788746129
0.025382304801936786
0.05763549494681395
0.13656258655999134
0.042262171718297666
0.024479300290731597
0.04628148373106214
0.12198639717517425
0.08629256789494287
1.3211706104107562e-05
0.01040741393924041
4.23636332630953e-09
0.02521311506570201
0.02537909378784152
0.07655664233827797
0.02557744547116536
1.2400361750109585e-05
0.02537634835210924
0.030587058735187158
1.495487109985269e-06
0.13896194634280046
0.010372678307783444
1.1189973413258104e-05
0.02537600860906517
0.0248750570697204
0.025376007759029758
0.028719390943721963
0.025207416592411186
0.02537891644436518
0.02537635025099796
0.0628122747572709
0.02616139564380348
0.04866494905236224
9.774286015486727e-09
0.019396180492003142
0.02537936945599971
0.025376706303381832
0.1665265038315002
0.02539718504709024
0.010478668168757563
0.02537684023703353
0.09648473074347637
0.20863271133394426
0.025682546806058148
1.1189973413258104e-05
5.389684012338777e-07
0.05996816701933205
0.15765570193879982
0.02639806938774773
0.025403307768654255
0.08035813292120897
0.07849185225944201
0.01016355425652638
0.02650751395855915
0.01881396829621296
0.13678985031173369
0.02176019378598093
0.025353607753770758
0.006178785844167897
1.5504930218669975e-06
0.10481083414752572
0.02537401200577825
0.07859763027984883
0.028525459632929837
0.02537924664203097
6.6093606784058e-07
0.14804296441008052
0.02537671026214906
0.025375657526138577
0.06259615166633394
0.4254176971101711
0.025376651768887492
0.010626209792293522
0.07284910511405619
0.06273429074387987
0.017170373541576564
0.033796179487072524
0.2355531526085095
0.03190095767786983
0.02537710703020451
0.02537794206984936
0.054478143856636095
0.3456898955365173
0.049554089959073885
0.174013226621144
0.17369454957679073
0.050896901080525116
0.026093656944745545
0.08226869433204707
0.16545461060736966
0.08324040061009866
0.04390117398867018
0.08340819960422324
0.1724971121045262
0.1841371025937556
0.18069606400692284
0.21349386111845128
0.19305485225214386
0.1733110610107938
0.10164618535575176
0.16098939121156622
0.025409279209283996
0.025372891624485142
0.05707467070663905
0.07681828869314876
7.2456237614718e-07
0.06881840836221209
8.615799020989811e-08
0.08403179551273048
0.011176527256345341
0.10080517683119553
0.05568725766341268
0.07949458889272625
0.03456252819206796
0.18735640394346847
0.0234556886009745
0.1673007518071766
0.1365081063587065
0.08412812639496077
0.1563430493687574
0.21812611465619647
0.17220921339458672
0.1753219920520808
0.20967074528496
0.1872912906189652
0.12094629966450385
0.4304168564941032
0.09094059727076112
0.0390155693682092
0.12058501886327118
0.02537659311687442
0.026599941872802003
0.16650185363747258
0.29208383634659124
0.17313776459991026
0.06224683420311434
0.0999747970513153
0.43373511665433423
1.4330287011717301e-06
0.12162911943260513
0.02537936920590109
0.058246979687494226
5.97628465895277e-07
0.02537665371198438
0.0253787469611858
4.24070617977851e-07
0.025358913076817008
0.10014210083418458
0.025382150009643167
0.029112506473513367
0.13831555823054842
0.1194465295627874
0.11451073450887705
0.3101325661581347
0.10554486268028886
0.1972005292930818
0.12281039941560065
0.11947567467828035
0.1101114867706884
0.2306372666821299
0.2129804907506543
0.4323722676893073
0.17228064242810945
0.837877149141237
0.1939892054518683
0.4341702393045632
0.17218170060981233
0.18271002212060256
0.27943744090177786
0.1618596556864633
0.3148536824716392
0.18020852965889628
0.1720273656167107
0.08712957943254711
0.11732338834894684
0.09102027947795413
0.1287797087349796
0.02570866724664566
0.21201953513677535
0.1176234439871627
0.06368396769698001
0.4319777396685336
0.17713927741694835
0.023882409173189387
0.4333013667501005
1.76159987205156e-06
0.2123567966425612
1.81295228645793e-06
0.025377116355949
0.07982606411301939
0.1298378700014863
0.05560670752485368
0.07485254080885079
0.3250497921204697
0.2621035050443843
0.08375670459502182
0.15540724892144792
0.3759390950248024
0.2935349718589063
0.1416662572004053
0.3677490613671397
0.37637178272356253
0.10810898162890713
0.025376237755230714
0.025586643060998376
0.025377793170974498
1.5053996409554609e-09
0.05981645644186344
2.23899515902731e-10
0.02537844645958447
0.02538052850491465
0.02613020584075493
0.0253807588852076
0.04279650914766702
0.058135494709260715
0.1737644454568714
0.06492222836422484
4.369389955977194e-10
0.13421313570914406
0.054187626941826716
0.025375940292584002
0.058323911183028314
0.02537601187862669
4.751330260905565e-10
1.0811799693263371e-09
0.0253827455826871
5.446274825860462e-10
3.8837840061212613e-10
1.1623061692854224e-10
0.05053653686315045
5.425135874672198e-10
1.2002034609657354e-09
4.3190713433695506e-11
0.025396013315527727
0.02537594103480305
0.07416764090004188
0.3895389867718184
0.5107393557888832
0.03814758737926143
0.10290223211095123
0.05980143117787061
0.025375920741993973
1.223910830438625e-07
0.02538188892333306
0.08339619949062807
3.889657860157753e-09
2.7287894328680252e-09
0.025374616316093588
0.06344693079252657
1.0294830156643242e-09
0.025475784915247237
0.062444350367275726
0.025958824922275803
1.892452782354913e-08
0.02644854025223151
0.07408283196344091
0.05080680881473005
0.09295232585267736
0.05888885869766754
0.11410500267409635
0.04859227471853966
0.05535767831367277
0.05632705038894945
0.02537594280907961
0.05340150502979284
0.05294405890949799
0.028150206843697907
4.574606691398943e-09
1.0414353940434071e-09
1.410332404099077e-08
7.297332610357789e-11
0.058730257553397135
1.378468134316716e-08
3.892587111749694e-09
1.892452782354913e-08
1.4092613896614838e-08
0.07720757434407904
0.13143423723886985
0.02601088291321356
0.02537606068729707
0.06266334082002444
0.058316362315308276
0.025518953123082496
0.0283600766762184
0.025376167278192825
0.02541800836092508
9.785608032951605e-13
0.0363239090237048
1.1480066062702814e-07
0.05804132974047721
0.06496090370601648
0.05927252152134144
0.02541831400870203
0.05764153764995297
0.10082099806407464
0.1495765264062171
0.058941362508669236
0.05316174389446416
8.659196721564202e-10
0.04879184132022248
2.6176734934824003e-09
0.025375936486944698
0.05647965624343549
0.0422824796887917
0.09922641837259703
0.06549595892002996
1.2049165278111706e-09
1.5602910259593179e-09
1.8227434936761256e-08
2.1510235031468064e-10
0.05830677862691502
3.859073601343177e-09
4.092844976127578e-09
1.874229815298909e-08
0.0564716804314185
0.025615955846232125
0.08265172005062847
0.05771069572303356
0.0438884596918826
0.05880124763006845
0.025911047636060853
0.17291233253669167
2.6578905862156192e-11
0.057329430082406034
0.058330944613150214
0.04665098253050155
0.057620277572302925
0.025376075099029918
0.02537599794723316
0.055308265921145384
7.897164808860893e-10
0.03751173526904225
2.4655820856452624e-10
0.08053067104142879
0.049518589982953054
0.02537595048667857
0.02538104151064166
7.538343681641519e-11
0.05830721638420772
0.2584992585582045
0.02537587918118338
1.2021007758078622e-08
0.02820772262020132
0.026706846723698
8.391894833636142e-10
0.058193069230252525
7.221663014463507e-11
0.17803597265888518
0.025377127815590067
0.03733051008274598
0.05981840901972895
0.059979676203527586
3.7903775383338586e-14
0.26744483448520634
0.24697223278355784
6.091885452558077e-11
0.06227537808943364
0.07829384235527022
0.06153796060936506
0.029674733710343494
0.058934388416586186
0.052794952961610235
0.05007624756797165
0.047875398613035434
0.02537595625266392
2.501014359372465e-09
0.06566413565295934
0.02537593413692262
0.03089963320465193
0.05075362658029882
1.5459405887715706e-10
0.05202762545900029
0.058863319798513274
0.05822522300926161
0.025385106746165183
0.046929307479141535
0.172846416484903
0.17060296956910975
0.07331607251488385
5.49549281007534e-10
0.025380153585890457
0.05848577878219877
0.10189603075600058
0.025407668871070304
0.0655343517643317
4.972092936655846e-10
5.13919773934613e-10
0.03426115480256603
0.025374144792759984
0.02537635020189611
0.025546661614766233
0.02537555240097896
0.05835422388317608
1.874229815298909e-08
5.670940895983817e-10
0.14781730883507754
0.12280167964251387
0.01517802460742839
0.02583775179922642
0.18845651173248348
0.05041892087599157
4.008335251948407e-14
0.09394462934417393
0.025754032477306992
0.3345326511846691
0.18729738813344413
0.43316959945642797
0.0253762522978393
0.05870753207995848
0.07070219979057164
0.057479708932814386
0.026274375518540508
2.6486126692539872e-11
0.06747764152877504
0.03582478467334452
0.059786828665769336
0.058180187048538036
0.05799353915288433
0.09317449735398496
0.05474154662833248
0.1742669458784573
0.05824707285689114
0.05909359433554508
0.1099859909129542
0.1185943382271314
0.17008346040573938
0.11924182620929208
0.025181513291824352
0.02537823739771217
5.451785507096697e-10
0.05864039164588774
3.934212269581511e-08
0.059136834388744335
0.05866421541829291
0.06281317635871114
0.0583597944213977
0.025414277828685914
0.0582921373090483
0.0604561533531523
0.058204119718127625
0.11916134720274388
0.07375884462592727
0.19376392802782724
0.259398375415
0.2197478350100248
0.3244799807274346
0.05837120892759823
0.025442932190130302
0.06017044933565595
0.05801826237532408
0.02543399731203873
0.025604187199609114
0.06416296532089605
2.349662319774008e-09
3.7542991584315036e-09
0.09375944009234444
0.05802906861716384
4.41322908034159e-11
0.057623100556240425
0.05827702961228965
0.06004070688404885
0.0631236760443919
0.02537920006583264
0.05558086527648798
0.17717487124214393
0.025895089269409862
0.058166208267309866
0.06945014319253552
0.044902212895036486
0.06356825305025518
2.1167346299636047e-08
3.635659936225223e-12
0.05904724977055448
0.1448791361848952
0.02603388317601201
0.0580951718270968
0.06553530631212555
0.1892722575852757
0.05239819756851772
0.107986971236529
1.0242017924786089e-07
0.09989007557414543
0.03678019979139495
0.09193490514621427
0.07257496239702887
0.1299875827224594
0.14299861304476896
0.051059158877268855
0.05749300484780497
0.1790680514700086
0.03075348895011149
0.2882083194961929
0.1591894305491598
0.0646593064007214
0.07464445949955989
0.32372756740916697
0.2296638676982009
0.025404819815086927
0.10603566181973913
0.05226855307830972
1.2034934829651784e-07
0.0202546526824912
0.09306990119101152
0.05822558809519576
0.1429847831206113
0.0954393853338028
0.16137492355097147
0.4600179835694967
0.4600179835694572
0.4600179835694666
0.4600179835694837
0.4600179835694676
0.460017983569473
0.4600179835695013
0.4600179835694784
0.4600179835694724
0.460017983569481
0.4600179835694904
0.2225989794636827
0.19071951720605332
0.11782445549107015
0.0202962679977476
0.0253760560775994
0.056960666057471986
0.10570284989822733
0.07483382903165021
0.025377812300738576
0.025239914132709824
7.316510290165632e-06
0.02535976422647316
5.874339023194197e-09
0.05122435788209829
0.020658011861731426
0.05487335311558005
0.05861207530609285
0.08555166345366053
0.02543404012618894
0.0365270206337214
0.025381298152493587
6.855130373716568e-06
0.027870221855483938
0.02543386198303821
0.014063468767060943
0.01866725703186263
0.3030256724560589
0.30370874938394865
0.4283994476024909
0.1251058688110224
0.037956352337392314
0.22309947573924102
0.03495312292665827
0.04279087161107821
0.02537658675221301
0.0356269257709303
3.558502487098414e-08
0.025400449815728057
0.030309088689092906
0.08165932129381819
0.025395823699191838
8.98443170324433e-09
0.05921892394265856
0.045988949593017636
0.03967076102402396
0.028469619429206918
0.04924931733382782
0.12541183738498227
0.08496788223517412
0.025527844438826826
0.2214909292864056
0.07882033401983289
0.08403389954986189
0.025380819808362064
0.03652209458214173
0.018621677830678033
0.02580078385298637
0.055544837212684016
0.025376288173665117
0.08049295968604321
0.02562181930522994
2.988217743177433e-07
0.025374018365308164
0.03672477613004657
0.02537832892276444
0.1039143442999719
0.06758536065834196
0.02651847131007372
0.19820255579708249
0.0251707292877279
0.09723085721294854
6.551682436685832e-08
0.07826159390059756
0.3532838254022128
0.19933959064102671
0.4466552687063441
0.16564269696842615
0.1789591307997918
0.1736808625315623
0.40198972002225
0.1520812876259464
0.8617069775695232
0.8951146746486992
0.34959788605707504
0.3059604439414648
0.5717429817309797
0.16827038791431834
0.2504720739028561
0.07944345136391276
0.2664062446082964
0.043120272764867865
0.03746666363982624
0.0060712519298507855
0.0130221124938844
0.01953270414727169
0.025376166670212925
0.0775307558435405
0.010284323667220405
2.4776994531665804e-07
0.029432961307588407
0.024833725169255114
0.08783825040294553
0.030633358736014936
0.07546249372351453
0.1666127051888076
0.026349262061410732
0.02525530430188696
0.025706863615326776
0.025376017246854597
0.08514494546120473
0.14778660136439936
0.11745483593757368
0.12253242553689847
0.06421324526504335
0.02529720260676169
0.06821092167891463
0.11349743476519478
0.05312285202656046
8.643528034360199e-09
0.025376151710067785
0.1340773566606422
0.05652998813617681
0.05481927854287389
0.09487581064929136
0.027418954036789192
0.07078488940999282
0.08432140997495731
0.050662703116867935
0.09472218304475206
0.17046133728829144
0.2652664755441877
0.3742906401475983
0.025570091279989042
0.12977714533802656
0.24575356071705495
0.02561718082134057
0.2169025744502944
0.05749910621809803
0.08136016878193833
0.0651815071647725
0.025377894553881904
0.09099923025449663
0.22028276650420844
0.07232458276649803
0.03547540863665241
0.07855787073157416
0.06303274388929192
0.14310943859214376
0.22067729368142397
0.12883223423484966
0.10739938733217796
0.2341758804494838
0.08551420589020102
0.05889730429043818
0.2022035519471886
0.061390059427427535
0.20202199268067025
0.028768436640706236
0.1483805224204889
0.17339403568012485
0.2101518818997485
0.3837780710681216
0.1892013116603584
0.4078622450054724
0.4353274768281548
0.1926809285455397
0.20167903312545946
0.15200654828683036
0.07751223336790262
0.17834751627843676
0.24997876395091975
0.07450483073293254
0.04910713258858406
0.19779659828402527
0.12835264347126113
0.025395876995049086
0.3062349025103361
0.08609217595700018
0.39112455450437933
0.07184976990032409
0.21569323047964692
0.429787683806529
0.09211256542540897
0.1782499683214416
0.17230969344935362
0.09655788461518036
0.1603096731140393
0.9633962817335984
0.4185772696972264
1.0260644535124592
0.34313772537040443
0.04338577726853978
0.052872579465641334
0.025360325289985563
0.02508826124678244
0.07553922293820049
0.02517930408387514
8.057615794829988e-10
0.024426075523763826
0.02537564034936456
0.020934159580158585
0.04755829656391746
0.02476969956601091
0.02537709430154009
0.07838619090018839
0.07269173289055116
0.16207469642666875
0.0769758370515655
0.11281295208540434
0.055606155922405295
0.11547188909970925
0.025376979725496726
0.1401987642629545
0.2270083394218437
0.06962712883461925
0.07429924835343434
0.07618783002286629
0.08863874546113261
0.19260965062824836
0.16187398509230594
0.19071282598166225
0.16202207998121312
6.963131158409953e-09
0.048396868053751055
0.025376214925532402
0.025551338493428017
0.0289060245713502
0.02470223947338729
0.052806520644195165
0.09102711473882412
0.07684326502251326
0.056713375265811
0.06910232296098975
0.14310648463168135
0.045280708861864735
0.10793227173861053
0.10178393453915127
0.0662720211888859
0.16870396241033805
0.046806464705261334
0.11171630627391607
0.014944927687197247
0.05241175937033845
0.2261065096418351
0.07780828809699655
0.09118796046904123
0.06515737794920116
0.1280828973881566
0.15186790552726268
0.11093215010267674
0.07918114033859708
0.11973764752540585
0.3756104524271237
0.11381810119362475
0.04867002853206312
0.14879477927185647
0.05780445717532207
0.11626992667392667
0.10966174031021657
0.05943734128222244
0.16568025530709396
0.17426889191090758
0.13011496505502626
0.3890309381124332
0.1132555954216116
0.08768014224024644
0.14423158686618698
0.4278557423106595
0.18048258048426935
0.17791996988971384
0.6573719229218283
0.024582405926799056
0.4536069546880962
0.16242576062149722
0.1979157942935044
0.1835264469491127
0.3748784201044781
0.1865920442692232
0.18688232769367885
0.11510135641948753
0.4318723676192238
0.3903155747892544
0.18643309075473227
0.18864489878428867
0.25274482055491765
0.1780709642690336
0.28809420503629685
0.18465059896500188
0.4323716210314884
0.4433503982570787
0.7448244017338427
0.050533341942609375
0.03523945961532098
0.02537059150633081
1.2622334052504875e-11
0.025458476238591224
0.02538150035913907
0.02637932489497414
0.027761947853736684
0.10144596304214687
0.0822924252420094
4.562954437384652e-09
0.1169093776814778
0.02545569161178908
0.08223540146485442
0.05831496854671017
0.02537650478246691
0.025500519526741445
0.025455088939515032
0.08990463037305038
0.1033516888112722
0.10370047020624623
0.08119049329228126
0.10019172422374674
1.5308990775467413e-09
1.236207896028682e-11
0.02537551647232888
0.11137273264332877
0.06143020142519276
0.025441808397822858
0.025390252066667604
0.035766006825030214
1.2404941022447693e-11
0.09329398422964004
0.1168297776624092
0.025659772835089054
0.11561479981152074
0.021300316053421243
0.15146352705840274
0.025372382630809823
0.04325837707729408
0.1702638920873371
0.02665501704818109
0.027325447721288143
0.02538228536929385
0.025627061319808818
0.07907770253105344
0.11327359809610513
0.13605914191631902
0.02318406542756155
0.027542333576766127
0.060673989687765474
0.0725844000364251
0.0781652196346326
0.02556159710724774
0.33090741794933953
0.14578548063710034
0.028394658066801675
0.0954340108935372
0.053655798060703024
0.09798999427776947
0.07736621630912976
0.030753692148516983
0.04867527208676345
0.050673942809597534
0.15959421811501887
0.09890113828245883
0.16501448244913444
0.10406550306289934
0.05310129750679167
0.08336546267411471
0.058145948956796124
0.0862476800182112
0.05899513050749153
0.15187603750273054
0.02533299273241293
0.06549049834189563
0.05411361755236832
0.05818313213233715
0.11649915548471353
0.11656377150029723
0.07810543410359963
0.1450729729255848
0.08667445694518966
0.10862166876153023
0.0790961498103459
0.07987294415277915
0.11580119817014375
0.05026267022100328
0.07539949524872709
0.03231134002431161
0.07549491868842713
0.10477974398015724
0.03231707385597088
0.11342764221396333
0.031268035288805035
1.6842060777729445e-11
0.04743182813177383
0.1518002058446188
0.02550739445834893
0.09551545981440183
0.02537415426662536
0.10859410897928046
0.02537594033829153
0.10530614852031772
0.0803546929752151
0.03660463292485154
0.025986632757720025
0.05823687858221632
0.02537648865032149
0.057913510234173314
0.025607227211655183
0.07361811895367569
0.08868755630913197
0.07733844216082082
0.08564123454895403
0.025784189714659712
0.02542375920031456
0.1066102084169436
0.058303017995826975
0.05802280445172999
0.02607268553462401
0.02545890112933257
0.14770675830363114
0.11889649687954128
0.02815289685247933
0.07763784000732975
0.02686270376932156
1.2982534903075846e-11
0.02542064994260394
5.814772045981615e-14
0.08652058287481497
0.02642090446855617
0.025394447410084262
0.025787660763422933
0.025378473028599042
0.07727434464000378
0.06370381636800451
0.19733079951883595
0.02554947556564616
0.05105925168865765
0.025376937417827868
0.05825096378770026
0.1535030021178184
0.11187640091468527
0.09269675234574397
0.10294288749804004
0.02546554590645887
0.07421205945096296
0.13332106714054212
0.08539638334394603
0.050306932937660497
0.04198589563110959
1.2147174136381525e-11
0.032502191576031965
0.0254131686814874
0.08656109404467234
0.02685246447884803
0.08788985897887544
0.026494540046877502
0.19098956788371055
0.2289163425671952
6.076350295528542e-14
0.08136556182224366
1.269966753944509e-10
1.7526149164883682e-12
0.025441655608972144
0.1547968128812276
0.058209972767258825
0.12260119773783408
0.04954423580678285
0.058668063621104126
0.11593034641973594
0.02537656046838377
0.02016616266412261
0.05752947600140473
0.09477132101573736
0.05803197827498668
0.0253759518533652
0.054792577684486206
0.14283306757380665
0.0902585616416491
0.060012634083811585
0.12749374436006586
0.05826863794683638
0.024826444353434576
1.1771390494100315e-11
0.02591888530023452
0.02510397811804516
0.080570220325537
0.0753927422221383
0.08462327673462344
0.02594020181667529
0.055276730956884144
0.2713723315366776
0.2342999492264875
0.146460188645555
0.16764095793078373
0.08577128228787635
0.025905056296277037
0.081059499814193
0.2549205411234554
0.1377729507688771
0.025375952800808826
0.025590888070314368
0.1785939289853406
0.027619287218386208
2.893371914475304e-08
0.09736869911948308
0.2482134734003897
0.025381142778357936
0.02536548259232192
0.2582411934992606
0.07471102865922692
0.02537592751417921
0.028187031527049163
1.0067347257822971e-10
0.024376536783298496
3.58879193445849e-10
0.025375940041709656
0.10080801956936064
1.1322506500798933e-09
2.555873367606956e-08
0.025375983778923628
0.025376025886231727
2.4594409731808526e-09
0.06982000359016335
0.07960414359061517
0.09550213127228238
0.11471480706963776
0.09709671761152852
0.3015262921192405
0.11399360529871205
0.2991931924141271
0.1321906339567238
0.03887963339289337
0.2148889131842769
0.0963213303788083
0.0658296572157501
0.06246059251380377
0.12980394582658653
0.19616931284382305
0.02781911190482729
0.062076344719718124
0.3151631468196176
0.1262420640297452
0.02537610676512837
0.02537595092244664
0.16038363219651086
0.4337110877939451
0.2043369727887115
0.02537603451510336
0.011332240753016124
0.025410787299144342
0.04024463394127872
2.0880755284376507e-08
0.10561088223720833
0.15861051551760025
0.06921288063998296
1.0067611154843872e-10
0.10157972788291553
0.2325457739435061
0.025375961456940044
0.0250490633931715
0.09625972920013233
0.14195802912117672
1.8668592705864704e-09
0.07899250846806544
0.05156076245358181
0.15386054801859125
0.01002536626275117
8.006083505333062e-10
0.17617350501925588
0.19107581669367515
0.02542962834449875
0.1073550648693463
0.17305868973990982
0.153229509220405
0.06820859057594263
0.15656181694897828
0.17223067054381028
0.11054869221484637
0.2919436444959749
0.07110502909934259
0.17410633587325294
0.10931572443721954
0.0852204588481789
0.07054775806930344
0.35803417308777125
0.1301640102287695
0.0582678993899245
0.11252103887152498
0.16535768086787872
0.12208387941287292
2.440345358073221e-08
0.14529671904548472
0.16743947375028234
0.03298161085777733
0.08000112944495824
0.0724214039471542
0.10193021329283486
0.025375978065497986
0.025336415190872076
1.0066116742005156e-10
0.05491491008546463
2.0547850347680325e-09
0.02526885692799754
0.2828959078554672
1.293681999498029e-09
0.025376000501736842
0.04466896028544213
0.019996666350097617
2.0148638264773745e-09
0.025400426925048986
0.1558048633432769
0.062142014637977874
0.10656448558334423
0.19150853755540054
0.3102196559470345
0.337871176078208
0.2235173415015628
0.185857038074386
0.33776286962282537
0.16865753850554133
0.3812521135130294
0.1567066368730783
0.17168953774376486
0.25005897947052674
0.06283028026874772
0.43489997940756864
0.30351505401474665
0.08314903010653972
0.15824225550481275
0.13737629080354571
0.4358381329695785
0.1284521944481716
0.1065966463273626
0.14023719429938686
0.2220827583279735
0.28674283850389004
0.025368090431054226
0.29536759254346884
0.3812690460304242
0.025312985229880985
0.07469911297871687
0.01885135435748748
0.1035871764522884
0.025375968438944976
0.02538099993305495
0.2293039462019673
0.10690694902642298
0.025375940260307504
0.056657643465097815
0.06939370968290688
0.02537594206427376
0.02537589512919969
0.1758216054936341
0.10432711617634573
0.025375962691853837
0.07984857820868382
0.08186454550661336
0.0962509265620956
0.025652822472934832
0.050921313058376313
0.047622031964923
0.10340536988290397
0.02644983823621789
0.025393363515914088
0.2488554143180335
0.2379318869971981
0.06941819577717942
0.3556172304537873
0.42842074347465664
0.11729360533102985
0.09255099947692373
0.1665932973732034
0.2965327407464021
0.07986257396033894
0.05068590134530481
0.020183476914115383
0.3094659866692293
0.08654172416061423
3.8095003242330186e-08
0.036016833033628584
0.1875903940804831
0.02537641570228092
2.2802196017133912e-08
0.07255484014425656
0.23960861171647366
0.025376043356384517
0.025375920306777863
0.15178844269671174
0.10761103566848343
0.03999984849831312
0.025512512404951167
1.0071586563977123e-10
0.10108395372205536
3.5417448433923443e-10
0.02537596614117317
0.09430427113152977
1.2217714686366576e-09
0.07942325181612868
0.09813140903691944
0.07191005593585742
2.1245397895080487e-09
0.02541592000096257
0.2262430693649113
0.17867332631449384
0.14754186058842314
0.2937024863056906
0.1273349218550166
0.4351174680220055
0.3968157335273086
0.15088985161480445
0.30171962758116844
0.17079859683940354
0.4342743299611927
0.0968397815121543
0.20109714193061404
0.16938484663108694
0.22212504138439645
0.21907672806321654
2.703579017549147e-08
0.1837380243356283
0.14099846439278954
0.07953024433931828
0.032192249220895766
4.5018159228617826e-08
0.0824546890290443
2.8308841922748016e-08
0.07524645512300923
0.0998710551757022
0.039250418442536635
0.025374338939615382
0.08918430805725662
0.3106974507097407
0.025383960219613658
0.07456034140923558
0.15487444122601826
1.1990848753934126e-10
0.05817147038973654
0.05134650591557295
0.025385307774576368
0.16794208057152554
0.02671807213497257
0.025377424496130396
0.10901831606132936
0.1567653765259606
0.02549886019045891
0.025559034326178558
0.1097992718544542
0.5490236810823304
0.5490236810823277
0.549023681082361
0.5490236810823304
0.3294151216369166
0.15235561859803806
0.022439127353201898
0.13604801304380698
0.4171636722632261
0.03626171691374926
0.17183548578572388
0.31471254908492624
0.16306923275875615
0.04442504419549148
0.2340064412680672
0.024694487480652585
0.05323151979627933
0.06099151788918705
0.059594679716095174
0.10394756200914694
0.0880447574745849
0.22345501278851893
0.12080656647316065
0.11391349628073955
0.3077551885918981
0.14536241769890282
0.1888774871625044
0.14267464410383965
0.2658365734663621
0.2567398632369634
0.22184977641845294
0.2141584997119884
0.16327802621875773
0.13194988138105698
0.397364552830441
0.1385840598609475
0.24408742528576965
0.14969783005038922
0.04009533606458225
0.14717790119074636
0.08913521818507958
0.0906262441181908
0.149647262236505
0.03300128128228018
0.05806160975934015
0.4703915035071276
0.16593387634399007
0.17300803720393731
0.08235006419819935
0.15590446869213012
0.13164800073426444
0.15556617655443708
0.14354859295162728
0.17099550222625196
0.4150648446345373
0.13462284893563786
0.1231285830132285
0.11879148524522412
0.09304674523355112
0.17352421419359795
0.06331308915359578
0.03627008513825155
0.05170529379105855
0.06356493100038133
0.05073427280911519
0.11235606256369553
0.02577448224461449
0.02544533677920817
0.02978660527705375
0.06368093298783876
0.1386609458912478
0.23354881471837144
0.16039026985344548
0.24465053831986375
0.15840064517557426
0.4843934229401368
0.2340274471076374
0.2901256033264339
0.10710679388754624
0.16917474390942785
0.16240737103341665
0.10464764428252853
0.04851182913230249
0.1178597889323063
0.11157766356565772
0.05333588889709421
0.11960062554459785
0.40685728218366624
0.13195958970304025
0.33744356319219193
0.2669278814406826
0.1663703143037327
0.07452179047727499
0.02810161469121043
0.10713803518653273
0.056987115220023137
0.02641525143911268
0.04654431970034575
0.02540668906697133
0.058114182766295173
0.0254475841419082
0.02535418878583745
0.06064653966173395
0.11844646093605808
0.16850667850630818
0.16071808177068067
0.07856888769074717
0.214778071716286
0.093868831757611
0.11289573450817167
0.02956937085757966
0.11144869446547286
0.0988829516734682
0.06317032539923086
0.058863346516238924
0.06675582389535452
0.103901165162312
0.11217826413867787
0.11577314672748484
0.055648245437087504
0.14254422636783745
0.08525706689849899
0.15846034211852972
0.027500562875186256
0.06954865041286372
0.12777352344631732
0.025382161191262104
0.030664224197805113
0.025376669543102776
0.1803177912977752
0.12857634544022706
0.1356923403463608
0.05610012353307766
0.1783509293065849
0.1939097943056325
0.1465101614180269
0.02789524079046011
0.1687447639818186
0.2405466139890625
0.11649734349407555
0.054814940040266366
0.10195244625508017
0.0992460887790487
0.07843595448304876
0.18936915124205925
0.2758455218123221
0.15861982502085487
0.2155726743219008
0.08890523641278676
0.4750266715483225
0.1433190487234367
0.12066198196891853
0.03570036383920669
0.05106483539008338
0.10141606050109288
0.03072929539071077
0.03532716076326355
0.11356157651283312
0.10254475619577774
0.10019210581384022
0.09445394814458563
0.12435944565781876
0.15068910584114903
0.051599643976326284
0.026717108491403668
0.36143296785674667
0.12576721352670506
0.16948067478594375
0.15770606838690973
0.2975674712866757
0.3562704111345455
0.07845764417592006
0.11797997402573827
0.0983600469649825
0.025388225779512302
0.05834440332236013
0.050701451112419985
0.04723688706120821
0.08828662837086672
0.08646101697146054
0.08875833291821125
0.11807700887814647
0.20415249082620388
0.05102824756451037
0.029522753352413462
0.05081027362073876
0.13864851925617533
0.029593249123437918
0.026435286026534843
0.10564003402375106
0.05095694873618509
0.1114240192163943
0.05146250118033828
0.045736489309428
0.11661384395215138
0.051280371603815975
0.09599998250017036
0.16087107142210405
0.06492935634345688
0.058252928845529336
0.07788663588571812
0.05341621805076835
0.05232762812773696
0.02547148275052999
0.21234689725256545
0.051360355338338264
0.055622796984931486
0.2756695424308269
0.07056597971023733
0.0633092402381179
0.15822018272056845
0.1452301870940453
0.11581521958242565
0.05557169444782519
0.1974125380157388
0.05608555444553764
0.11781052954719633
0.07540661048850753
0.0511835595698974
0.025394920815230808
0.10253747790619774
0.10217657758986938
0.1152446888893838
0.07476922719331391
0.0483386233397044
0.02538926097358481
0.03468053509501493
0.10949670669823634
0.02685744832948849
0.1255897096797842
0.07882684660409946
0.05291850009480388
0.07798641122502957
0.05087259605701862
0.1965723204373433
0.025376046108826874
0.058217012036213524
0.08078376769320532
0.2022889244684929
0.08587543884247413
0.03453798864486261
0.0927980770124419
0.05161431930918869
0.05320097963404578
0.02540952209258344
0.028330563368773383
0.0853738893920509
0.1314966781382039
0.02897975762366955
0.0474247086428385
0.14416218777412027
0.06514092557939022
0.05152250100660107
0.09961469778756217
0.07643990035278568
0.07146967246940696
0.1341010454649666
0.11622709402481353
0.05826113298249611
0.11649770340941018
0.030428304150120093
0.05931048379989776
0.05306121727093604
0.10309226549724307
0.036243099746078
0.10424141411132527
0.14674164534884535
0.08560633495783337
0.051811725891233784
0.05483297769979207
0.16545070309930152
0.05630195640593209
0.1119153007436048
0.2438269101490523
0.06752213090866932
0.029030390946229737
0.05536830440377071
0.1497441976355707
0.025396060777757527
0.025377376049139262
0.14572520791499433
0.11534844227899473
0.02585040013247394
0.112839481680792
0.1551031842119095
0.14228931685622262
0.19492479448064776
0.15060967362591535
0.06736364056598237
0.08343201762387045
0.16046448408193334
0.03951454781478612
0.05424329502150477
0.09559766352162807
0.032911016161591235
0.025375939399533472
0.02537594479097097
0.025376096549774685
0.05734206798152078
0.061516866759769424
0.03288902748896963
0.05823720501133173
0.02571009997652255
0.057139661986470365
0.0507220094863165
0.1027797265604014
0.14962145417756534
0.16386935017740875
0.08466220852595771
0.051709670486725236
0.12478782023096766
0.2832394392536253
0.02820438813722552
0.11653248978789453
0.1988875398783854
0.11886669924234868
0.08341809059500807
0.10563452583328202
0.00013705379730189526
0.17878756571240567
0.000224246286373198
0.03340626062519229
0.05344965455387901
0.16135086044166086
0.1305610302187832
0.15542647510281798
0.2225845627298033
0.17859727018086155
0.21457423399965264
0.10642466671237796
0.09897431662968532
0.21533189028617092
0.1139518729371102
0.10252743465566386
0.12222856186958422
0.1621044883313021
0.10946266974720167
0.22155839266411015
0.1091731545996867
0.16577650478728245
0.09577537601554978
0.15867627771110346
0.3684312123779264
0.1191971319163968
0.05838877434476113
0.05815250848919129
0.05066783960886249
0.13618248938464064
0.05643087111738181
0.11578904102644258
0.065587877415801
0.24103723080311115
0.2511180435946438
0.02721476191630711
0.19689453574147125
0.12560940572651905
0.025965440895820948
0.025376889085068945
0.12469112199542025
0.11550990855696396
1.0486737427355176e-08
0.07672525401237926
0.2457454825680737
0.05825371032236719
1.147889963421582e-08
0.0549120042766556
0.06521727128277555
0.058230657202383324
1.6300902591313786e-12
0.05147525583644065
0.06994591732984698
0.05258587517582482
0.05942555833924774
6.539150882399068e-12
0.05880466606357854
9.807129033797514e-13
8.888268920456944e-12
0.07744792708485611
0.025726050696036788
1.1501295215867732e-11
1.1730196501434549e-09
0.02537653471164273
1.1805086234168973e-11
0.058285830713075484
0.11524093969606665
0.08628431111009302
0.056610188017913336
0.031442572918724786
0.05838935080572076
0.4122248350090705
0.058251622092372175
0.0679084028984471
0.05514512297101503
0.01884280436476949
0.15983533381571793
0.036906702783195695
0.035128476928295835
8.920970199741159e-11
0.09715152062684787
1.0570899416355336e-08
0.03808477284181972
0.057744657489312186
0.10112754788905796
0.08498363023832542
0.07251802062173378
0.0967234041538132
0.05235053446572232
0.09951503555461257
0.025846569701007356
6.236733028737914e-12
0.11170530572545163
0.031108767145264907
0.050743761307364
0.02537712595545504
1.0624276501142016e-12
0.04647418608166578
0.18676234168186776
0.10185416907734213
1.226171709410231e-10
0.02545179606300937
0.13703847983723655
0.11941565965270068
0.02531998796927257
0.2528787274888029
0.09830532495426512
0.33751836690695863
0.1316599949548264
0.10722899216328947
0.23607015131209466
0.12046998150539595
0.026123055904034912
0.03304632684228547
0.17979766997304442
0.10674830910177252
0.05665136083168324
0.027400806723735342
0.18945125804834825
0.0837683361172816
7.1571059259516245e-12
0.06981251728723847
0.11486082264792118
0.031344641232661084
6.129750488372178e-10
0.07646475581069857
0.025368066136696045
8.323666552813149e-10
5.411787230810662e-10
6.242888247904932e-12
0.04701358010831514
0.041392045497012815
0.04172433720971325
0.0888949298766224
3.092542143471233e-12
0.05536362216860037
0.025376284591968654
0.025414853292161442
9.255186431964447e-12
0.027833044266674788
0.11596289229105936
0.13148305448538344
0.11313103406657107
0.15699776440880356
0.1065191277106725
0.02631638957389229
0.13678827345563965
0.13291938895225056
0.041356307009746435
0.05066499695800518
0.09829879832522784
0.1730368393015602
0.08745545360296628
0.07579292058328001
0.21977753967996846
0.025558066076459492
0.14876181681086356
0.11939221801674453
0.13046278527536526
0.046982109182793344
0.05815829108895106
0.12686300675683998
0.12048160253392465
0.12635646809902815
0.02538840532938697
0.025381779899544567
8.890134973815195e-11
0.05825166050453436
9.551378063750244e-09
0.04651335005857945
0.1394230626590578
0.0888450483684053
0.048083187809308335
0.05825442228129405
0.03259065302226416
5.023438963795207e-10
0.025375068046626464
0.05823715168770373
6.222292385436522e-12
1.4468797365695697e-12
0.02540550229235233
0.04826927185880925
0.05827662573505235
0.025328114743109784
0.05789959204688923
0.05817409546615655
0.025375937428644225
0.025386022068478238
6.426701143639336e-12
0.13841661142524014
0.08930537513544512
0.05763056426797255
0.133293178753077
0.1845058129516548
0.07498303016948082
0.058958637515056436
0.035930237624256435
0.13448102638000764
0.05777383263652097
9.639256226870172e-09
0.0706649420422171
0.22676254315853306
0.029516986436743293
9.409894716500502e-09
0.06795036254690816
0.23747633965670814
0.05168210583013394
0.058247540314543676
0.040259889520564536
0.23012038585673544
1.2015753999204573e-11
0.05291823063790446
6.228851157975457e-12
0.025375944620278125
1.648946079590094e-12
0.02537709680321277
0.03821645102468208
4.819889680434968e-12
8.097751556905739e-12
0.058337656278554285
0.051058835857176924
0.03044296433824717
0.025376087040111225
0.142456350566736
0.14053923915130706
0.4584213066042537
0.09012224318951298
0.12909000108765026
0.20728236500146907
0.3030621395791557
0.34188649232205826
0.4929104125746216
0.06930865859117279
0.12580513250978395
0.19158525645190072
0.2275325326256961
0.054894631230754144
0.1850232194393216
0.2478538413100343
0.0968238627139238
0.05823291567210976
0.04594251302378991
0.18973340674394454
0.2726546940049583
0.06574613504913777
0.05034787913977922
0.09901114709364413
0.11122666480367506
1.008366736690422e-08
0.12306724826793115
0.058473581562093535
7.0259701895212654e-12
0.0584968502084388
0.025399623274459743
0.048208295952912886
7.172930422646471e-09
0.05825067984674107
0.1637840467169709
0.12735703011661662
0.060676735667879435
0.0933660501818174
0.058194865917505285
0.05803010641180671
0.0616700432964689
1.2281053420572895e-09
1.1221465951692088e-08
0.1226527381271784
0.037195988015328516
0.03595276194632612
0.3237655921588297
0.08075530616178403
0.08390394798968243
0.207372990352756
0.2302837917991456
0.21254121039583573
0.23038419686131656
0.1772419287518724
0.3647586026715429
0.2075672522707329
0.10158411436137713
0.3781510152035845
0.3059028235094141
0.045534045471684666
0.1007827471566885
0.32987072193686123
0.10093981399151147
0.025341764321083027
0.12430435841069598
0.2269060349760305
0.02537002587033626
0.025375927959941626
0.02537144115987721
0.09101399558609256
0.0253992899885708
0.05099083544552342
0.1924667658753778
0.02500962072869451
2.0598346821585308e-09
0.10272645078540338
0.025375952737870928
0.0253759501002933
0.07715281836573533
0.06355548248912392
0.07816259231761169
0.4332331050655346
0.301256297970611
0.2140195519388306
0.1722339755954725
0.4150433138097112
0.2281612823713814
0.08889837428064437
0.29980334230862965
0.4098389484278809
0.02560281487819578
0.02537618968555384
0.4335552704669017
0.0545771018035095
0.15292001552170256
0.051845115621489836
0.29125093685555825
0.05200997236556335
0.05851544091584693
0.04881132498824282
0.23218658310702786
0.19457981828796828
0.032141772048089996
3.9178913245455337e-08
0.0724147623793104
6.034936908827249e-07
0.013923277907114116
0.03620807793432952
0.016072237621364602
0.05115392859185601
0.02537297109852125
8.246146781555832e-10
0.2287490251082859
0.022328284210387062
0.1395752560091003
0.025380845889260158
0.3081798092900692
0.16845839175851704
0.13369234858300286
0.10808193021533703
0.2897895764555323
0.057297815260265124
0.3065868998996596
0.08225826137680002
0.06551112032584312
0.2154044052733468
0.10529342411424852
0.07281838698769802
0.02535098281000614
0.22697129697007015
0.17668228963877622
1.1360093544265173e-09
0.15145177937742146
1.2095133549965635e-09
1.612563146096787e-09
0.04890584969592187
0.025546653102425817
0.02541967049488316
1.1355479629024579e-07
0.08909937332523515
0.02536232069769499
0.02537598749043547
0.025375987640726228
0.15384194560830253
0.09140602329332066
0.12399948248108295
0.28670486559758884
0.2718185175286593
0.07924635526384455
0.1006124431384664
0.4136030091267865
0.09302465351023996
0.008126297646458358
0.31161045246160585
0.4290010430750461
0.0253091535832331
0.1482074957850963
0.17025669667163146
0.2863509024956766
0.4073805821770508
0.025361304291682832
0.053420160335806564
0.1678792061936887
0.06289919485043341
0.02557775822782633
0.0497708481115173
0.3475572324543358
0.07091953544975735
0.05913522051303735
0.07974899952020235
0.2224029613759484
0.025846843637723625
0.02538198844811695
0.11673070882464255
1.4187740344041038e-09
0.024718557048863124
0.049234540315624915
0.025503045215783674
0.025352540651189047
0.025571592516538736
0.05310015851764066
0.02538451013111831
0.1045107897534718
0.14347673712444514
0.02643741288550736
0.09383507950253807
0.09984576099799453
0.12797617794389554
0.0987397744519218
0.07171832174723937
0.17580451789982213
0.0964442032258238
0.0472386468362702
0.1736495738793978
0.12304877991830485
0.025376050801822692
0.10072919073179534
0.29535012522218906
0.12186290885173788
0.10827569897744653
0.07422643795618829
0.08307446527615221
0.02537594142967371
0.0820291496359244
0.06914552495747077
0.025513674647902187
0.025345281843184467
0.019380317299530783
0.10840459668671416
0.0253713987172747
0.034914932177978406
0.05025828584623495
0.0920678531921007
0.018860825234663425
0.07946976828871155
0.02537884571186102
0.10059128612990438
0.13851367198386375
0.020266829419989918
0.05236571417052493
0.1135458361874406
0.13352221519841692
0.2336132809470799
0.21931405572401064
0.195125322709734
0.10421878704984387
0.05493736308110372
0.029622925710053212
0.6078459158844979
0.4045044009584117
0.3606119829919448
0.013065995173958107
0.038068810101621865
0.053323511695057765
0.1498285686134041
0.08589683382608275
0.013176919890061057
0.5546139053642618
0.13225367689316622
0.039168647199930025
0.21353646139697507
0.11190718078740068
0.23091709284892195
0.08585690903236752
0.53782112023391
0.19703959193388496
5.945858448805993
0.9184225948975108
0.3890299660692309
0.050595577844895066
0.05288406061814725
0.01571805046524447
0.7712613697395297
0.04618345581774599
0.03282451790871839
0.012875006286581768
0.9780513318224464
0.016427321734569934
0.3954216848095901
0.05347112096857054
0.156997332384413
0.18485393807852785
0.040220597087092184
0.27721247305187513
0.055450675659809816
0.11467728320210732
0.07345309636371479
0.5546139053642618
0.06903629124710936
0.13225367689316622
0.06896130271245826
0.1593422588532436
0.010173910761394437
0.07138989594759575
0.03740011762512959
0.25374649366437324
0.13225367689316622
0.4343799827657951
0.10112319885552493
0.04664432599179729
0.03555801458378213
0.04786942955729345
0.02640457139425684
1.0144320306726944
0.148300126648892
0.17985656815259932
0.07428488966480606
0.08239592321568248
0.017361090968546454
0.05998898529205381
0.6590316530891326
0.02344760203786944
0.08589683382608275
0.02362576313953833
0.13048932734768898
0.13225367689316622
0.2219442139277812
0.06093554920364212
0.23665120465139344
0.090363403996632
0.0589746160997859
0.3981968769553393
0.02539544842008903
1.3846171304427788e-13
0.05797567499399073
0.3734768717860071
0.04877451928881719
0.059863796283190975
0.05028220357814014
0.11108252685966692
0.1118794549228501
0.13247488657537632
0.0529469104544652
0.05206906087243457
0.02935975474826224
0.07604671778343727
0.055517210825907735
0.11675249768811999
0.02879740050164468
0.02537620399857305
0.046418965076958696
0.16376011813401944
0.05874606151675476
0.05829428979700903
0.06738379097579894
0.10097158305500016
1.726036267779222e-10
0.14280602227052666
0.11462240578809747
1.2591669632704764e-10
0.04153905816337743
0.02793521682806271
0.025711014959004
0.049666896659834335
0.05616321716270284
0.13617141747684752
0.05687687471615454
0.07570116811904815
0.07165046314061539
0.0519132378090187
0.057637603036160265
0.028865753077407637
0.1790184673021352
0.057117354823087337
0.06537505638420442
0.05838925094605772
0.10170165598890604
0.02897978116576672
0.10012452096115368
0.025074294344027973
0.05485746867089267
0.03458469098756972
0.026366868142230132
0.06325473060842679
0.09783450351059116
6.45399614411237e-12
0.056115411949372765
0.0767538444843452
0.08103338752603023
0.050060771906687
0.025380494497145648
0.05822806818621067
0.03406876956373125
0.03469370948733621
0.0253775459192104
1.3671756851440348e-13
0.05643546471701534
2.9245998014940263e-10
0.058250949677268835
0.0582311529610953
0.025394709449723843
0.07825253685905646
0.05253458180737165
0.05801970535456483
2.9245998014940263e-10
1.448783879226548e-13
0.05706066654183771
0.08163855332791481
0.04449898272877808
0.02537618640019041
0.025375942561286315
0.070265781117127
0.028944315366198955
0.15052333052544864
0.05822401079593824
0.05095487747524704
0.025375950382541725
6.6517358308201015e-12
0.05642110419161325
0.02854820904729421
0.09090301018013544
0.025419467179969426
0.0254337874419246
2.9245998014940263e-10
6.7039227855649644e-12
0.027104041755174797
0.05812445319022465
0.025381942779304396
0.055020994837230566
0.025417356996055327
0.06101480060176456
0.05208415905926075
0.05084281232990109
0.07290016666051198
0.0900535629127732
1.089348242628958e-13
0.025372775595313327
0.05535269418172798
0.11963738082214928
0.16677761162679985
0.05616062458037087
0.05757114408524516
0.025377673950167788
0.025376318446327338
0.025439674084680185
0.05057253265968088
0.056374285057391865
0.11560658073888685
0.058222109481232125
6.909287708113409e-12
0.05133613759119822
0.05868862468435726
0.0732650869889313
0.025376154425825283
0.0512868345975044
0.05818528226507275
7.075329138950228e-12
0.02722193781678959
1.3910597890789825e-13
0.07866251780280308
0.05725009652833553
0.05763934550757981
0.05815412391551954
0.04159718216681981
0.08023923527362585
0.05011702039043712
0.05172667316264247
0.030371621073818317
0.0269707940522554
0.058223221229366615
0.11389421849985695
2.0231638138092771e-10
0.05820438363165941
0.05643482867094116
0.025375951560012357
0.053515922967635916
0.02606279249883723
0.02537951502301033
0.060298068137887566
0.02657987460119945
6.313030794961987e-12
0.02537727700114753
0.050315141556425004
0.025734147026370717
0.02537594795469193
0.05843248111956701
2.967649628847057e-10
0.07493532485064422
0.1532947523743798
0.3764517487204755
0.15202048480378486
0.12652592550910022
0.09724564753659164
0.3816836990154299
0.07692956229545776
0.10159080575520964
0.4185946339541902
0.37555153070390596
0.049830724319938416
0.02537549197060404
0.28429009264781496
0.2850160109489909
0.3753011181128169
0.19931810053488166
4.38323775740812e-09
0.17638174943217613
0.025377176786385888
0.25459372339251424
0.09053461400388596
0.2466369276810786
0.1637929062533494
0.17638977665765784
0.3864905533412079
0.41481035167407415
0.40084572324519374
0.2305255035554528
0.3990956740507002
0.1737797273783914
0.12383099106855035
0.1832503097994308
0.2063354109883136
0.057229822194865
0.09252237175125544
0.2532366670548504
0.025404517645789444
0.10015875188198113
2.7054496942610522e-09
0.11503265434373905
0.10928490083413904
0.04225646834810475
0.10238554909350618
0.025373369284848058
0.2392205027741925
0.16306650777016987
0.051493924061830364
0.0656068200574961
0.08878251035920891
0.12706453896280515
0.1461096415117019
0.04415711088669688
0.26453788660571376
0.4079974635503472
0.3949699706297978
0.13375602802700914
0.3574080567192406
0.3975525506078532
0.1025067340445066
0.1019968015976584
0.35175762002646555
0.4310125992308089
0.07171370211475094
0.2757166448274837
0.1465192525368488
0.2056720309861968
0.1202581122043438
0.025380881650068243
0.025387338007339787
0.13241471294401674
0.09493130161483383
0.26003912799730183
0.4235822919694924
0.2600630112466705
4.828147853415303e-09
0.10249604578975456
0.025518582761311352
0.09638687101174633
1.3644340473605304e-08
0.09042186545330284
0.026534985692030808
0.033711966596745316
0.02537973834970068
0.052246925230627364
0.10245508125743066
0.10279610689364108
0.1497564466286436
0.02645647921242337
0.2895165335347609
0.037075696001427946
0.08190934522432737
0.2671578145370234
0.07722019720330822
0.2556716395991144
0.4273024953504405
0.3983698898927597
0.1869377417044996
0.3352238457067452
0.4024270381476247
0.19484075944312246
0.1864731705715594
0.2317567429624921
0.2510579700261517
0.14177941170421562
0.4338266921570896
0.36399304648952013
0.050171168288188614
0.25269203701347764
0.025387001932942285
0.05159290666305971
0.028916617107889963
0.025378535771746563
1.2774661799798972e-08
2.487424919070902e-09
0.11155305392793116
0.02582219952488989
2.194640468693508e-09
0.17655465721621258
0.11365891903520313
1.322506957567114e-09
0.025376009779604688
4.141220391171508e-09
0.02539367658164202
0.1226773972158944
0.041284243119702066
1.6038633882473195e-07
0.1528491099995092
0.2011683909748764
0.1011258072992029
0.09443444616795392
0.027157949637317564
0.3518856725189073
0.135235053234567
0.036599486534324634
0.3489061231954261
0.43480323669242826
0.24364307332734905
0.4315801202089311
0.08553158021060507
0.37302919327797057
0.43465092323832705
0.06958480358946735
0.022921437895886538
0.08199501009829455
0.4346657591136152
0.2671299875436773
0.046695959234443016
0.034877153511035965
0.09499202183705303
0.3758571878724246
0.21934693093848973
0.06756070577757058
0.0256166724582459
1.3624300218788752e-08
0.025374870897144863
0.2069886223681956
0.025379923272890924
0.16775026178065186
0.08996397494276268
0.12976429707511328
0.11446548032575983
0.18692287569244528
0.02830231368581752
1.2492518488880872e-09
0.04382500661924345
0.10180906093784564
2.7100699546828716e-11
0.11121884046380184
0.09605790530847746
0.025329457970505752
0.07955798483782846
0.08753766921109872
0.09812407811396827
0.1025445803643947
0.05448017555653999
0.19177053605505992
0.09942974547477737
0.20082875748975865
0.1672218594181978
0.14790922421769864
0.18089993742983929
0.3236124585292435
0.18000334454407232
5.503933258445685e-07
0.16388219806713925
0.07949715715218289
0.027552580866949304
0.02625247817061299
0.14704426733519385
0.17246914296352708
0.11614264838422696
0.010176286849271968
0.1712764656455529
0.07640369848694968
0.22126537474335084
0.14110155944568056
0.17678949175850764
0.13662005271476646
0.04309590965133275
0.2320296623561284
0.17141850927443694
1.9548163238925872e-07
0.02553973553281886
0.4256687626665428
7.208477024142073e-07
0.07050034278622518
0.18938600099082895
0.28304040878042463
0.06739870378341871
0.0816720328934254
0.13389841095967658
0.13634173333340044
0.06599508273125132
0.2584134506077387
0.13535562754908922
0.16837457778609638
0.2303634660889904
0.03136277959391901
2.1805111555198336e-07
0.17616745750979235
0.08700410540687191
0.02848713323639685
0.16217719614388634
0.17696129238956174
0.1329283852212351
0.011179685185900724
0.1959310973292033
0.13476571558582265
0.14848274955314705
0.27859726697386755
0.16969847993054515
0.14457162577105084
0.168611090901694
0.06908638533972672
0.17117184778643513
0.1522886899624315
0.126533914296607
0.126488284713609
0.16036260998809387
0.05006199875433391
0.04197964900098065
0.06481218631798097
0.13469843657584746
0.11415646601394636
0.2498978178591776
0.18794175320818815
0.1492722986964845
0.0832166752795525
7.473904350420947e-07
0.01792520018086172
0.06956948778392312
0.13186078233832255
0.02537603235554418
0.046378700675931965
0.05148163286231201
0.25733755772185674
0.04568195147663065
0.2377649984548631
0.2450994462234113
0.1321766853071132
0.23984887758183
0.03996974128849692
0.0986009704192183
0.1432143131686032
0.10879903970529348
0.1387193119794637
0.025498414613701288
0.06884590166626779
0.17078405438299074
0.098498393936235
0.030886644942478787
0.11115618659574268
0.12909289785390554
0.02536590296421694
0.07331883349924155
0.1156359028384616
0.07277909341350218
0.15150047775706965
0.02740095080216244
0.4349991737989815
0.025373945686528662
0.11638124234482128
0.04671374717564456
0.02547663050560704
0.0985281290069292
0.058163268701315385
0.02537594026903713
0.0583030305223645
0.0577216974755959
0.029076177552607392
0.07538592988035395
0.05951177183019806
0.1606717274060738
0.05821082106919202
0.02711565487934149
0.15111767107246815
0.07482455440936563
0.0832574998042916
0.05018643808412882
0.21142752347471405
0.1211118225127785
0.10723249902246662
0.07537957947942361
0.16377523717285675
0.15700217173639566
0.16738315520875208
0.12231841146507624
0.3159056651795995
0.2226207277221456
0.11999337073492786
0.07923555124245038
0.1047183300755306
0.05254762081350027
0.08995835180039102
0.05802873047549077
0.0581682003204361
0.05810419893531089
0.02666941263483168
0.026111356149084327
0.04894944435943335
0.058222661705434574
0.07983668112710743
0.12043290241740033
0.081970287387377
0.0930793924938511
0.24970559325633854
0.23537177448623914
0.17112479992524224
0.1208447056830626
0.1444308325997294
0.1697571818203498
0.025375993537990242
0.050338477079055685
0.19428121545351645
0.2428568060669305
0.06528681180545201
0.09692008742117672
0.10265857365357353
0.2770168470734857
0.10904023406339458
0.08315521017681986
0.026789489662254102
0.18555580077457504
0.058219545134886475
0.05829456232976584
0.12320595657409066
0.20419764539875526
0.057470944775150634
0.1166100518037845
0.1199379409793636
0.3096726730485185
0.11813679805845552
0.1092775785079006
0.09333031005842388
0.07504435652050925
0.025562751708620896
0.02537593998016208
0.13822938047818872
0.14728174288027568
0.1384554703073729
0.18366718175540267
0.21784983446003306
0.2363331187476747
0.19150691593774732
0.11958825576460493
0.11454122821993445
0.05507999492164893
0.05796273233262261
0.051031275344518526
0.05189847313729702
0.0456457265737953
0.058150648483877874
0.05728595542105945
0.04155155120280299
0.05814511642288533
0.052857853048455715
0.025477753217617218
0.02659141580935127
0.058404831974774335
0.0721744993136681
0.03147645209934968
0.025385250724712816
0.08085787559966841
0.04366449244120635
0.05625136685965164
0.09918188558339187
0.20183877989708168
0.17524096235702533
0.025442573839036118
0.05509838834793648
0.09195886586629104
0.02537778729924335
0.02537594622670945
0.07314074192277588
0.18002497555043492
0.1717093800265256
0.058289837910522425
0.02626687436829095
0.17424571264390756
0.11121819759826264
0.058270004209679815
0.08655340076206326
0.0512334856766719
0.0620726117133989
0.03347438606938016
0.025376995974414614
0.02537949499210203
0.02545433814337424
0.030535599629562763
0.026999845368549904
0.05835997182281603
0.11526633412007435
0.18873629894119215
0.051908837876876064
0.05762828079001697
0.06041695955255798
0.17274802264878547
0.17305757605203798
0.04339416096836219
0.031104487508948144
0.145023651431029
0.10317660326089892
6.897953660635549e-11
0.031639124226860445
0.15093736009180692
0.24361249418948325
0.11591177528693035
0.0415698583071157
0.1177438762378819
0.09354191826799084
0.2363301656311919
0.2354654820529923
0.025779818437241496
0.050120035070237455
0.08711039864833009
0.08164803782461574
0.02537608741149653
0.08506008370050001
0.16068911573027592
0.16996890599446288
0.13787044469708906
0.18828860574268236
0.2440830630046789
0.4354441298293745
0.3275463481529361
0.2804304409334137
0.053411007062265
0.05997998444765325
0.10655054206101963
0.1747658834375863
0.05493880692471735
0.03257076413435885
0.05727993472380005
0.058382802962618115
0.05832315712593932
0.06129865614899811
0.025697937825592286
0.0584367653427529
0.05822675151818465
0.02538680805832225
0.1744083349878423
0.1638735089975288
0.0938971621203512
0.08550009427749443
0.11420995034834168
0.0911914342423193
0.10958052470123768
0.1286081580038585
0.16082839192698953
0.023452381534369016
0.07314899694422641
0.3237841113822979
0.2326565230132448
0.19115124804434014
0.1731799935597957
0.17418340608745925
0.2874607372158265
0.10573515571084527
0.09609155610204988
0.14524308018059146
0.07811262081180982
0.20782900871376386
0.167044418685057
0.3351925269265074
0.13985272415546254
0.17318077627968828
0.16428535373972075
0.4349421946425444
0.13386586652074056
0.21273244904719574
0.1722714014579165
0.12421705921119355
0.17174934858477536
0.17348732559556926
0.17346522460453298
0.31004669590385314
0.13620234580651253
0.05191973343652979
0.04154044873690415
0.02538177736044779
0.11625570994724227
0.039457196762396174
0.025375986832517385
0.0905081517129704
0.05308018152711951
0.025450750215312342
0.02467505726480943
0.061212978747154714
0.11843343298227962
0.02537599912997332
0.025377192949409603
0.025991702851093968
0.02537748808664957
0.05476938730348605
0.03884110938875438
0.025376059167618575
0.02544649017752951
0.026302439515348643
0.02329829292730617
0.02535666069294841
9.903757609545772e-07
0.025380633304929283
0.025375967431341427
0.053799007102058274
0.08883413422856908
0.05105117696696404
0.12277972091511186
0.11174254176830814
0.4195149177045414
0.024945014493989368
0.15261483845917745
0.11006708405478052
0.02537602177340729
1.2754445882497964e-06
0.09378211264175912
0.07581025251432683
3.6968703180090622e-06
6.514256515158123e-07
0.10030823613973036
0.053414138540831116
0.025377504719977486
0.0274017840727671
0.025479172020107858
0.025356583678957587
0.02532928306700477
0.0254409392406169
1.0590489971491391e-06
0.13038129234419213
0.09977371448086116
0.025417611767718118
0.025377519683408376
0.10900861728410008
0.025336192895836218
0.025453006190143068
0.025363664213645627
0.05609350867402373
0.05085570831112722
0.0584295416206523
0.079466527595782
0.08028240673868439
0.07119658709281906
0.07356073507042263
0.13987579783612664
0.02539366808314473
0.031933308976452066
0.022250845647991662
0.08573466304623427
0.025388840606988608
0.026871094776106764
0.025389932365111084
0.03989394280276976
0.02537618811174528
0.025787314722782083
7.061691946881905e-08
0.025401071905372427
0.025388243110751618
0.025462352655102632
0.024372740144432904
0.04172602710582047
0.025430838136995173
0.02538128135332653
0.027168595600810908
0.07973801017359163
0.02842108253193138
0.025376684728138248
0.03978774960610285
0.07352200002501576
0.0192458349755884
0.04987437807892029
0.11061414427351077
0.07807860005739048
0.025383730436237883
0.025376264376888818
0.02544435552473906
0.2945013502443557
0.17811058791505227
0.1672750111026542
0.21587831229589
0.10233969305306274
0.09684815007723814
0.20612234324058995
0.02597576451698496
0.13769850288290145
0.1541023594656975
0.17403632761824986
0.1818421349884512
0.1603516900395978
0.1351109272747675
0.7449556305546338
0.2779800355765088
0.24011660945218025
0.1004576537433646
0.1630159858428544
0.11188685239194757
0.2217332088374544
0.17978482934677434
0.06974791948274517
0.020173263543723157
0.15512211631426506
0.10539000935771443
0.046213825593082174
0.025269190864881923
0.06899575500350437
0.026066954397244026
0.07024821938214483
0.054194940350045684
0.0586472196160308
0.05503058502497575
0.02536768724193537
0.1056931943630594
0.16887567800343206
0.027402985260367847
0.020287612434208742
0.059929476621052274
0.12703436022076034
0.053664090402281366
0.02701772191730644
0.15745450741842698
0.07682039482010213
0.025351176673161526
0.0771976887822842
0.051699861507399414
0.0259863608883815
0.025377434510896454
0.026105997777861416
0.025380881699237072
0.012427468175994402
6.742033693611064e-07
0.02538603461365122
0.025376612270379618
0.025511794622468317
3.4085016784251762e-06
0.058474665355191885
0.06266212097959993
0.05292916008516814
0.08630423552034426
0.02652499349869448
0.0969641158129818
0.02550118070710871
0.02537596449946306
0.042582567346138564
0.025386538767302732
0.025375710572273388
2.692087674168349e-09
0.051738456349554436
0.09424661746138532
0.025375887337148916
0.028901894498730762
0.11353774798138935
0.07653695645940344
0.1194153421320117
0.02545441829796812
0.16485769613582518
0.02548129483569603
0.11485172034179154
0.02538386856287936
3.408392384256547e-06
0.08130493638465287
0.0398173935763336
0.025376057004327504
0.025379932312302487
0.16220921793847998
0.02945859280659781
0.028482251881268888
0.0253759383834057
0.06681331984849939
0.05924397306420689
0.030865390240420187
0.05196399285636339
0.059847135281129386
0.023608622243617053
6.451021352923995e-08
0.025375954574091586
0.025375838912107047
1.808858027896546e-07
1.9484463508416108e-07
0.02151616683305368
0.02542083770446525
0.058129131133490365
6.16853464468546e-08
0.045521163449592464
0.08197496149514287
0.02573292300891093
0.08457047743583107
0.025364421435422918
0.02270305201104219
0.02537643738933981
0.026224245808588197
0.02536740688742449
1.610552716904811e-07
0.0253760598212045
0.02537595109971099
0.02538725745864785
6.603378177445552e-08
0.02537758706972436
0.02537713677541021
0.02537694454674772
0.05370394102055226
0.026524970271662018
0.0500103684167164
0.025375832068161096
0.0273853710229654
0.02548037607410476
0.02534542608202461
0.04700312550394158
0.08148616260616964
0.02369855740000851
0.025376406637677724
0.055904431869639885
0.05361909528187995
0.026453696116688828
0.02537827171167097
0.02537617014518132
0.10780406257700624
0.025471612577007988
0.027481392185439067
0.12998075655260147
0.023697916576410655
0.02534834708876701
0.1237499611013314
0.059141093619820985
0.0873173207891586
0.12050846918026567
0.1268435605859447
4.421603757033093e-09
0.21559818345494836
0.11229108941703016
0.048516699707530975
0.18861175479879366
0.13560623704189356
0.12304170611559224
0.10415715846193424
0.12236700722811465
0.08315172158308831
0.08726402754726689
0.1266492788216176
0.25389283831473164
0.05817107177399668
0.07781122763807842
0.07515987357587914
0.025375115178326264
0.07982367063121143
0.1052533301351528
0.07770717523465698
0.08274764286484249
0.05372669030928582
0.05215527334271758
0.221949445342286
5.530637085355988e-09
0.12883499474961027
0.05774081554133021
0.025375910040902637
0.026504782365529344
0.2192868310002845
0.12630903482997982
0.27269018809658835
0.06667506921162669
0.02431347720373985
0.1231105666880523
4.325829221725739e-09
0.026529577606738075
0.025375953730112567
0.07718320713813016
0.08769756990960431
0.025375949231747887
0.06122823657325339
0.10005896269930764
0.02539798879173023
0.09571456965764567
0.07544865265847903
0.19181556643664166
0.11544823294808094
0.12959533722383726
4.64750919843422e-09
0.04338374176370427
0.10400873993655284
0.20202413472505212
0.4021819848299365
0.16158782257840731
0.21417081093132104
0.18003731103018705
0.18227661485410496
0.08162738527252815
0.1658092516193093
0.09798814642100363
0.09732871995623826
5.593488171621353e-09
0.10966796418041223
0.15969544370792318
4.703724972373649e-10
0.039474885675602325
0.2535191065797336
0.06240884536267442
0.2887543234682069
0.02535451974058747
0.2620113906563564
0.11039185612040042
0.10579856252185307
0.11086337753522008
0.051106901991092316
0.130992209595539
0.17043594976274365
0.08765664331636415
0.16544859651809288
0.10293869720484207
0.025442200758504698
0.0459180161746598
0.1715551919100682
0.14778865962956986
0.08019442169199616
0.0511203516826584
0.17074265303215191
0.18024371909549494
0.16504295986007073
0.09699259243091216
0.13845040596213415
0.11981372854501697
0.12095903077511712
0.07003371868928973
0.26550689084112483
0.136059277733014
4.685024328828708e-09
0.0875909766775223
0.13408676404933395
0.10091709042209024
0.17080925514052944
0.16174345856632213
0.24274365450667976
0.17523139409164992
0.11070489265441896
0.1634445450211814
0.19381257823152712
0.057393341082613826
0.3465472839509557
7.147102966640099e-09
0.10470123317643026
0.08013092474806123
0.025769537044908128
0.009635147915545258
0.2487185372489181
0.11014620883772544
0.2641105092680357
0.02533651965832384
0.13013780845297718
0.06279914963235263
0.08805663129351331
0.16423448713780134
0.07300465766421467
0.2297177183088288
0.13677002641464225
0.12313627256695275
0.06228949029275805
0.2041236957349645
0.4095207408056815
0.02537594242791629
0.17353126663283036
0.21361411046823248
0.025414722311665812
0.0639059276271116
0.1463993925380476
0.1612036083652301
0.06769966742052162
0.10972116295595476
0.13495064026469036
0.057827884203276475
3.295713911747972e-09
0.0572549620962013
0.025375943587505004
0.03861935977937566
0.06812395533393678
0.08206492653848467
0.2252466764374637
0.026170420302479958
0.14031582823779876
0.05380815526319623
0.15347688768532794
0.025381239922489942
0.17783617760806647
0.10876935523019099
0.058232995511961025
0.025367346005566987
0.1020742640573042
0.1022137165054251
0.19215297031575987
0.025377342480137843
0.05054443859074948
0.025384013688710558
0.03250903307607461
0.02556193289712682
0.058239182311585126
0.04689821162769213
0.08747840551373907
0.046865850674643765
0.027835803580519337
0.05255341535955115
0.08268483147908648
0.025431866134662837
0.17586463007685202
0.02540829945520389
0.1412541889919719
6.16964151585527e-09
0.04472200633965976
0.025385003140441655
4.0408681973160057e-10
0.027816961137933062
0.1822465022304358
0.028755009840511964
0.04857009972155442
0.02527179077387996
0.025380783176112826
0.18241561668967748
0.16649016543354891
0.3183017895627567
0.055270813215257585
0.25573206474786125
0.18334716517680988
0.05757599278069636
7.120065496649277e-12
0.1886044016887896
0.2413265193386393
0.025922472796982
0.06562151895968926
0.265475974282289
0.1035830318987984
0.1539845287778553
0.0903949622041784
0.20903554928327306
0.19675464220090189
0.058290304689999066
0.10255293980952047
0.1660726908305183
0.2077575585303435
2.846279355714489e-09
0.0714389532578722
0.1510431759934696
0.05869943775718474
0.05839773243005882
0.14560942776405195
0.10153863291231384
0.16523014008997686
0.3188458777060986
0.16698422059257909
0.09410703629693384
0.06468585120199198
0.10786699062118564
0.14874675769697962
0.2159382690920284
0.11153309195443488
0.05851717587509319
0.028487308782055108
0.05634512375920564
0.09066287944787693
0.08692323786260069
0.08771280959736551
0.0586610369160314
0.02535834149054917
0.10421081299785252
0.025393434347941647
0.08432840404167767
0.05838995295590287
0.055679977638147186
0.10912395279556944
0.03180407107514505
0.049963232049141486
0.21084001865998375
0.05922431336832881
0.10314639882795087
0.1777988433902565
0.21023811122579572
0.0908835682113609
0.09115718070122976
0.17334372514076388
0.09964995804572177
0.06532294020748228
0.10062472390575236
0.21835539040570845
0.05670137300840039
0.17556458948189188
0.025878314218616798
0.049507378053805534
0.07366407215528109
0.058637125020878485
0.025623489441096662
0.026100043704016144
0.0581471986494272
0.08403668771775068
0.06386947982519635
0.1484194246017153
0.1926093189514226
0.09331497474123664
0.040229947038457066
0.07089750495678393
0.10443123123696957
0.05140042181818137
0.07886599907999398
0.10734153604949118
0.031098607328708082
0.1033321908086396
0.3976439108943031
0.059661198409629926
0.09919250483477424
0.09624999872028593
0.21250429890229786
0.050551958959181055
0.0524606411895964
0.16749588887300373
0.15959234900578115
0.09713716505679973
0.057116193262122174
0.1608291851901304
0.058131313308057424
0.19539051945832966
0.10710985205384184
0.039416693289159206
0.1268316089210127
0.049925811511713256
0.05839831235588571
7.971478742677875e-09
0.027145466576756115
0.217839600533572
0.10768946533792392
0.11754365577059897
0.13927657327603016
0.17478803963690273
0.12611608401428054
0.2863766702189245
0.15592260930037985
0.15488089952648998
0.07372949655431515
0.17608293992625906
0.07617587388434617
0.202002778412542
0.02493359770906801
0.025603119456354826
0.03675248629621453
0.02437607417938748
0.10715983445684282
0.027460086507674036
0.07192511602937372
0.06377754745187332
0.21163022777508214
0.17103101706412185
0.16586261864673524
0.2605530159864597
1.2095717641973695e-07
0.3035617500460754
0.09344132273242063
0.13135011289290466
0.11126852912217414
0.3247251086729132
0.14758751865890055
0.21342777402595384
0.3349802949521566
0.11893547483146248
0.32876403237850393
0.11494418212853025
0.025376064525078314
0.07416372318954728
0.09736816543097704
0.026578507662354464
0.14280066688796408
0.08565409177901752
0.10078984225547584
0.1953585938673435
0.15310951812309884
0.15142046677700965
0.0920074901898532
0.05166834984247151
0.10594228439157133
0.12786212825627022
0.06851308088020819
0.12634067280532185
0.046955942222827916
7.254528257388527e-09
0.1463585422377425
0.09341355025483704
0.20776755673649572
0.22452292149004768
0.06079148577136801
0.18571637600815366
0.19890953783829124
0.17328854827346885
0.250676190822139
0.23311494800015986
0.08446678154262192
0.13569678908362556
0.13145641896463595
0.07893929801512828
0.0253764831122408
0.09133895574950247
0.14546828681619126
0.1853324934123002
0.2473058670812041
0.20653452152881568
0.07272013189110378
0.1198438074617436
0.2399024957692853
0.3094764544552517
0.3296644084263725
0.31630525821774397
0.37955965032536537
0.2549786450158597
0.16841476403261482
0.30366469815305663
0.10887764280060498
0.3593430833128048
0.3917106761779355
0.3545109052692136
0.31705616471840503
0.32116925522490125
0.249012760664368
0.3185343902951465
0.21212934383788135
0.3832629894196665
0.24302801372059785
0.02548225595315789
0.08105362466987083
0.0883239882520177
0.05944378438504819
0.043868325106350865
0.1433535334752586
0.026859522027984854
0.056813490129228525
0.1222380590323216
0.1333437732815911
0.10445785347203887
0.05484983169245772
0.03690094452907916
0.1143998701278404
0.1056558057837581
0.11689354242946386
0.0268835370592
0.1019528359171742
0.26105705905446663
0.049007885789247314
0.14928964279766324
0.034018265441257536
0.180175253227136
0.0961518321238294
0.04417826085191311
0.09053270560635364
0.09900540121662577
0.13628786741856405
0.0755861414590809
0.06667751034621493
0.1889513339070535
0.08736519042924776
0.057321181953195036
0.09340149915302284
0.07551327870673095
0.14588263450053032
0.2260889743526981
0.0903015468317681
0.13940045360662331
0.14998867601168955
0.051153069966381116
0.4348566671170928
0.028431045275845012
0.018832387815344392
0.01663298605553569
0.1147912632609448
0.025383757030549785
0.02551019638589644
0.06632404262458799
0.08845875466911242
2.3310964509581485e-06
0.025373271480720324
0.025434374349336538
0.0771023655422557
1.1805355699481415e-06
0.02537677155375272
0.016642068246262208
0.07619076281249784
0.02537979848487535
0.025273669201645425
0.0253759847951055
0.045524072758223
0.02522716131435108
0.09968135324444864
0.07569862529915829
7.043612323638976e-07
0.025645390945948424
0.025376334051895568
0.016720872945286472
5.358340115040009e-06
1.843604212048407e-06
0.025379891177772448
0.05677603186891675
0.022741375358027702
0.012789536914659092
0.2475085857178541
0.28887368568741983
0.17180421426546574
0.3980388852229633
0.13510915187780131
0.07783299930545065
0.08241176085566737
0.025377018835968983
0.06865501261293351
0.02656268340671505
0.054547199677776964
0.11997178977691747
0.02538895173926702
0.0647842311727566
0.05185542930680893
0.17218884182746555
0.09101265160672806
0.026711792559328342
0.23441695730528256
0.0721288378979049
0.13263881542577852
0.025003367088738432
8.891829933780894e-06
0.21659878864363488
0.06041964824935628
0.02688226998076831
0.07586682242517719
0.01667159408530525
0.08190998114156403
1.4117175934523429e-05
0.01003948225120839
0.2487120054980317
0.12320508919984995
0.014824311418963159
0.025379090310336413
0.2083472218728249
0.02537624668696969
5.083023790225199e-06
0.15544828033852334
0.1504169365429893
0.010630131920058822
0.022427839523653136
0.02537666104606408
0.017306677937534688
6.520197755699439e-06
0.01727781064502553
1.6649048459227742e-05
0.06484350684048276
0.02146883827758545
0.01837933756478016
0.02537606305523
0.1789511469888427
0.025381812542244853
0.16960501703010372
0.4756865173956954
0.06606801819223304
0.13293087734778056
0.07324057618731132
0.2818642581275362
0.13813179657542354
0.025437589860206517
0.1011200642366115
0.3732062923279744
0.20038952585480035
0.058614127929219766
0.09761803526082763
0.1720050744639436
0.1041257490894742
8.804524473319835e-06
0.19876214793698385
0.14381135149474425
0.05829203732647794
0.025631462303239927
0.2172170609748485
0.3376723541958944
0.025920940356903104
0.01953079251395591
2.9854477169308203e-07
0.06337944419558972
0.02962008010470973
0.02436570974488135
0.11084696042207903
8.896470387761469e-07
0.02537314197548912
0.02537623395385103
0.017570108925974232
5.6094262900032995e-06
0.024871218040958917
0.09196371332042033
0.06238748854446885
0.1430026934396222
0.11379559224297943
0.2896154311707182
0.12018806999690088
0.11967911419513312
0.025382487701195142
0.08512537423083406
0.017422062477914363
0.01683748984778254
0.1067826588473442
0.025377020735095814
0.10908082629058596
0.2488892020427388
0.1112480316908412
0.17316442050236533
0.2112977484811573
0.028913027283931938
0.050382655252735616
0.17215821789820168
0.2911226773860656
0.054645801974460166
0.2851283752773311
0.17050989430899433
0.17202821340637398
0.08781128714859303
0.02537550295153081
0.2851026966161145
0.060319454273731435
0.02546635198529766
0.016706481073292055
0.0925130247078354
0.02546241445484471
8.059956395239692e-06
0.0893101401514013
0.06402194112975401
0.025515901465409448
0.025374677795677047
0.11655924815196733
0.04221093436500583
5.811890815861069e-06
0.025376051244353475
0.08089627232811834
0.12335222126079765
0.025377306690659573
0.025411206878916945
0.15199934146872282
0.033798159546898625
5.40708343761949e-06
0.02537763215680989
0.02537601242355921
0.09493394053530692
9.977511768791647e-06
0.09242074574449502
0.28126314991571105
0.18865025537343333
0.024960797300595357
0.17495002327007625
0.1916135592495441
0.2273424018627255
0.10321726041127527
0.16239340629078816
0.43525342007477896
0.08586021169017417
0.025497974761698062
0.02005203257591555
0.1696119707684273
0.04771373630824269
0.1193408333450313
0.05211577133717387
0.3165500704663092
0.11289261046690105
0.02537678636431415
0.2168409709118901
0.12303358010950682
0.025376767697846917
0.10309682525507237
0.18643807881188554
0.03159936772076078
0.004860453430268965
0.02538705824053526
0.025376002009165958
0.07087134144285502
1.7481224927855546e-06
0.025429470125478925
0.1050193756674581
0.0254383283170151
0.022211288665092012
0.02537627439696695
0.020413015209229984
0.025387370086742547
0.025376282916245368
0.025359139318949
0.10582304624926564
0.03482227547361839
0.1604604269908299
0.04217168374417615
0.025377177578486218
0.10513687621619162
0.03802033734660841
0.04607499064981737
0.2685712365056413
0.025375796321835918
0.056717916863370875
0.13150690744468518
0.4357655322187698
0.02413038509349592
0.014543562678168913
0.1588034379325108
0.11087102255464523
0.2600002645705471
0.02537627721124361
1.53229258929216e-05
0.3076911865813016
0.3957478486101021
0.02532881483959217
0.010934272848711473
0.025383553038901423
0.0253754369298072
0.025376716813151592
0.025390499062114363
0.21410583519055287
0.025376718222802363
0.02952473399734863
0.04584133175784475
0.11546069391258056
5.559656187716591e-06
0.06978482407748843
0.08295594435208388
0.025375920206035046
0.025308473651411274
0.025366751350195886
0.07772051155181399
0.028922533407011126
0.0678381615195474
2.1660003258102575e-05
0.02143258509077416
0.025665551833180318
0.01439383286534379
0.010528579767405618
0.04762569408819264
0.0698449008426375
0.020905060922791336
0.07073193374172655
0.11423288490929005
0.0521177132335218
0.02660523643389506
0.017832958703394974
0.1486700527491011
0.0479735042085032
2.4877128856247127e-08
0.07799666295295224
0.16942546782981754
1.1361808024600766e-07
0.03615687109826675
0.13134492730546982
0.14337758356355226
0.02533552373180754
0.03962533516037022
0.12088427465891112
0.08866769087826548
0.02592615714593294
0.02537594608563322
3.410888484115433e-09
0.024424973268320282
0.02537593123211862
0.025375980688103598
0.03117345568679438
0.02537600942148894
0.04184549523074487
1.366554416670598e-07
0.017009247388963433
0.011270154193768808
0.02532131818989141
0.02463478996434649
0.13765218932646806
0.041801602929746634
0.04852350811338983
0.1342971903259594
0.1894401671413796
0.011928357307334523
0.2625095198428508
5.571997646637199e-08
0.10306209454405234
0.16877531475755486
0.20623016696720955
0.4188967352160445
0.4997600844278922
0.7279781750815711
0.8926438886239235
0.22151640121070484
1.0119360449336514
0.3206629958102692
0.2831477388794699
0.18861258418138932
0.2984338300326441
0.1730527808646806
0.17426378564238004
0.1736804547959981
0.166560596004326
0.36386164806467824
0.17961091041037375
0.3673757158075021
0.3083355017739313
0.41063644972984903
0.4140635181310808
0.80102784184087
0.961871870107328
0.1837890659609278
1.0231943694688732
0.1997928706245267
0.3187366252554857
0.21374293474330144
0.13078642892277098
0.07862566145812612
0.025373590186723444
0.014971894867353747
0.1127025586655136
0.13681564402331384
0.17743907006768564
5.829108201908295e-08
0.2155467001998968
0.10872334118263714
0.1540505151531369
0.30468239838416
0.21571397949531426
0.020629501646617684
0.06398514883494501
0.1630188902877877
0.1825734314927258
0.1544907962797473
0.26329152778068177
0.14036877790363012
0.07840734321629507
0.0919848831493904
0.06928560252654106
0.012198161572494409
0.15955782252707
0.05248733663683596
0.030135759899982094
0.040260855226278806
0.182325881812792
0.1287826731739574
0.02537706653999045
0.22769262222736794
0.08377494603653048
0.08061617020030598
4.171673859223284e-09
9.208855438923481e-08
0.38428979306635297
0.4042020176621393
0.028650368817429137
0.010026869837817205
0.017514968243741484
0.0253746888737725
0.018170748654542664
0.028098721087683725
0.12199975613592905
0.021769853415695997
0.031763790898004365
0.010047720920764657
0.09448793760525448
0.012412305315883035
0.049421921610914084
0.11862975346207688
0.025375470325802032
0.09487811125184688
0.014197871264831748
0.07065411432121665
0.03298945786261441
0.01962228838584793
0.025392651122002004
0.08211372273148257
0.02521869621425396
0.02482547213310462
0.022385931812329337
0.07839622094342676
0.06676219610412476
0.02543452856588212
0.03930601349983104
0.14678824252896608
0.1375800915863607
0.09849312102428433
0.26955205779261193
0.11901775202770674
0.010069127309402662
0.02538198802697991
0.010255131400238884
0.12227129007069845
0.034217039888566204
9.490565972441184e-08
0.13705511275895693
0.2780262639489056
0.02538115630129901
5.921594277808766e-08
0.15489731593974532
0.059570752346382864
0.026313253364364842
0.0255698209978592
0.06322357147816686
0.2382462463967465
0.0819858533926175
0.08355538010706888
3.3139294472423856e-09
0.13756908786200014
0.024313112568763784
0.02537626503902613
0.14273999651128488
0.02096968402092925
9.915202926975604e-09
0.025376017841714223
0.05003447393944062
9.604802455024508e-09
0.053928698256493886
0.07414928519713113
0.05268508258298379
0.2324879053705328
0.26633415339770583
0.4174313572651615
0.20465633458638371
0.3558649966256121
0.29131394314348463
0.1343605181186698
0.10605542287183246
0.4107076143429112
0.20355740617742446
0.14038408353448215
0.07059714460011794
0.12904016571372748
0.08172420720594338
0.03249076083092305
0.2360640553360807
0.19414057085608372
0.030619694425209187
0.1604452036760649
0.16615849487570508
0.17228794747876566
0.07885516925570298
0.15215868998736945
0.12797420677400212
0.17331700406758166
0.24855438315772616
9.503181636813773e-08
0.2704180879114049
0.3754779983563271
0.3729752507138017
0.14914139456252268
0.029866373802741694
0.025377401912071832
0.06287449390215923
9.435583448743703e-08
0.0178242242306172
0.06574431710993296
0.03515994489079538
0.025232990288419032
0.01389048717464117
0.02100598902029241
4.7804672327088044e-08
9.961451838152946e-10
0.025371136968427372
3.3020152974422e-09
5.399305258008146e-09
0.07225827168663347
0.05063120435868153
0.055907621808346915
1.1066365355768947e-07
4.6960793273562095e-07
0.14183970382075964
0.14547887054288836
0.02503125379673096
5.525156991150545e-09
0.11112775540972376
0.1655259226949828
0.027721349955988156
0.3556281448913413
0.17148713929227294
0.17662334763520304
0.07067374008879898
0.01098885458132657
0.4150981673630796
0.14025553267444216
0.0871793782468751
0.023667265551758174
0.07696611762372332
0.1196575808795363
9.596579582516811e-08
0.0724659769489481
0.24731846741470115
0.11819804516141648
9.797683329694992e-08
0.2383523521454868
0.15477365730242942
0.02537652888276309
0.025394914936429685
0.08113920933226018
0.203694334333368
9.9179155622984e-09
0.01860020923718576
0.025367812109488186
6.96654133503952e-09
1.1951677712898353e-09
0.025375979034086508
0.02539443148719184
5.6925952991606575e-09
9.918528854583344e-09
0.0255400667977266
0.04207230695619309
9.084083613981413e-09
0.025774171297021708
0.14647425741628733
0.11171545504359544
0.21306771713437864
0.3650375293670216
0.4158863725974668
0.08551112557980463
0.17180748226867687
0.4352072323574114
0.17691468399777338
0.2871039643785822
0.19155322911906889
0.1740970937543555
0.431365910831485
0.15289502093882038
0.17613839254905064
0.19139271610236472
0.0327674034842158
0.07551503289288294
0.2450873801632321
0.08322737028331485
0.02131284516111675
0.15364685497379146
0.13464052474052704
0.025376775531945183
0.08823124780427627
0.23094602297066394
0.12124057621919253
0.02534441920249072
1.0284977092727774e-07
0.2160071212908609
0.3373920806846659
0.04933146428658906
0.025356874687645376
0.03378500088476845
0.10858572941226168
9.300292585796763e-08
0.05074944577150908
0.2757777628595973
0.025377437994254445
7.87080558970045e-08
0.13194843304875434
0.04040246689626716
0.017779213645927446
0.05114778190685891
0.026126824472183348
0.025375945291929845
0.05726724670868615
2.037471779600341e-08
0.025377941049653345
0.025375975243046286
0.0212421338140028
0.025375723203978254
0.026391303840691854
0.0644672505943004
1.1090541665165641e-07
0.025362161903036185
0.13210768628154726
0.08849148462680527
5.548762486029318e-09
0.12872398900803905
0.1188394283417608
0.0779793314442016
0.09007245816805434
0.0378423699452416
0.172208195126049
0.10276498855964092
0.020086206186283696
0.01139411490063852
0.17192487948887433
0.02537655837907052
3.205695758025834e-07
0.025321302071542796
0.09690555283093737
0.02537623320626069
3.253317590286305e-07
0.027661703255936903
0.016733973653273955
0.01977485563779261
1.7413733399234802e-09
0.038931597049268615
0.04974408088507348
0.02223148860521174
0.03567323968861842
2.3216333420756183e-08
0.08708588136588581
1.2514221636598702e-08
0.070445885508128
0.07076681291283057
3.678326076607578e-08
4.9615737885424316e-08
2.0953947067360644e-07
0.026442318207605096
3.258139689717585e-08
0.05700591213472805
0.12736049412866546
0.17094195220970868
0.17282293273152752
0.17186394477526354
0.17258050879634865
0.1721292336891477
0.17197102144784798
0.2012881410263085
0.15426833539102047
0.15459550939926334
0.05113869006821385
0.07398653840254395
0.12019051482200165
0.1443800513822467
0.101244926411483
0.24021651606404
0.08829895821058496
0.025376191360416564
0.1841650353335648
0.0962639711707944
0.2283212300440931
0.025375480290637152
3.332445790356647e-07
0.12448261102929008
0.1221130061760095
0.05009044318853305
0.01002508601414928
0.015427526177312622
0.030133520179166224
2.455207689422528e-07
0.026125586792392328
0.053265427404526014
0.05791194964311627
0.010724205925241773
0.11556902537324534
0.048976825472912267
3.2900598620883645e-07
0.02537609143203667
3.3984977618451014e-07
2.2854254667785104e-08
0.025365663694543704
1.8045058472562888e-09
0.025377231529792224
0.07304582990776197
0.02537631138685624
0.02537618688901666
0.11418325295434315
0.05421274672923696
0.025373596260040845
1.776853138433775e-08
0.229793905176006
0.1827140710942146
0.010025555401127916
0.19190739344589464
0.1721882520919624
0.10765025872425688
0.04640188708610296
0.044178953279426746
0.2459901314822787
0.05320917843209192
0.0570209406303829
0.05320927586936984
0.10600707433522633
0.06341455655261953
0.058252560130394225
0.12301486362573585
0.2497790690922198
0.025386206474258696
0.02536893456548833
0.15599284624788168
0.06601378066477351
0.050532501486934535
0.02561688436618319
0.051350990721246964
0.0192318664325135
0.008728523153895225
0.02536475402568391
2.197255046977366e-08
2.3212878498693267e-09
8.282936392114365e-09
0.031949751619761615
0.09478817400821854
1.5176405231898976e-08
4.801975938835586e-08
0.02537699323585404
0.010129386954193857
4.268328230856607e-08
0.048184687589902346
0.17208571009481802
0.17217026816080766
0.18200771504490454
0.17225579071106512
0.17247290357521985
0.050862472956524366
0.1721310263253734
0.1732586452307315
0.08915164324862375
0.1686219858138618
0.17190351119974182
0.1862867722054989
0.07827722984415775
0.11951061041050902
0.12617141660795644
0.16550744943332926
0.02537594971220235
0.025378263618388276
0.10101085299114668
0.1721239004910529
0.09164925964323443
0.010076732305766134
0.04844616777199453
0.06283579238990784
0.06134263484763741
2.069968258684937e-07
0.04025953712855435
0.025377578865511397
0.011116041629616791
0.015538663865478803
0.17401939821362114
0.02536031368487713
0.053270009860918274
0.0279568748364482
2.1972689620530746e-08
0.025643397605225483
0.05015983475962588
0.026072418365700647
0.10626750069972248
0.025314166106688414
0.025079303418245446
0.09157552584052753
0.07848994717444048
2.0699745098519302e-07
0.023358846818833497
0.13383241645419172
0.1148059292159945
0.0981675589143252
0.0524898165712232
0.11826319969212815
0.025403163791602998
0.01047362600453488
2.294352131840879e-08
0.11031162935065122
0.16714715376223901
1.8243976193382975e-09
0.029872304698100483
0.06895255609216455
0.16760879447664986
2.760334368487774e-07
0.03366822839914402
0.15467048420397025
0.06289474552731512
2.580102311502923e-07
0.028545108324442518
0.19198505170597013
0.047899910969358535
0.025385300964433425
0.041507847416604265
0.10630052003183922
0.025376043755320054
0.01194136824072324
2.296046634239166e-08
0.021303165178706802
1.2276124710770252e-08
0.0523598443825558
0.07424253931708419
0.010032744952150095
0.010300262903525731
0.05431553051379543
0.0251451501549209
0.02531665516756966
0.03443615369511169
0.1004961567107666
0.08615706703850094
0.16215028548794802
0.2723911974287306
0.31305182348182864
0.06889089884988997
0.4343756758148642
0.0898664932818154
0.39679952182376416
0.1897152393062688
0.15571332067232838
0.18562598987509565
0.17051501845893827
0.17154098387945912
0.07776311380222073
0.1367367936006056
0.020836636595552068
0.18120506040068465
0.13337168760272824
0.05065068180130043
0.19462775785359
0.17209542243091214
0.19477352690327346
0.05033183477955711
0.09218083674338023
0.16376946512786195
0.14472848449564754
0.25238832475676715
0.02620150793135625
0.17159031528383306
0.172234164179531
0.023228200600867912
0.011246811472675358
0.13579934257437926
0.07057673285245983
3.3350673292891e-07
0.0592151237000913
0.08259797895069301
0.025376076858724825
9.126508614748695e-08
0.10576862467349314
0.08339121066420681
0.08027420521914956
0.02575896631366335
0.05234372925426326
0.025375913155661924
0.1063678344894097
0.025376373966512024
0.025376256252473292
0.025376125272934084
0.07952035253120708
3.52210155951843e-07
0.025295859482449074
0.09751698938326753
0.02537563330413924
0.010930955702983759
0.02553078087897786
0.02574026353466381
4.1819648969947526e-08
0.060272399003830836
0.060376476710899185
0.006743508371759085
0.0404427117529813
6.637695847586215e-09
0.025378520912864317
0.025375982656309182
0.025583730399446225
0.0271434411232735
0.02546923860884243
0.025379923146190888
0.05814061975060335
6.4673278113065394e-09
0.025537760847295227
0.025377171450792012
0.030241282839634776
0.02537594341739964
0.058234845316559786
4.3625336357754976e-08
0.02537589396374616
5.1371429891664495e-09
5.199758142577515e-09
0.025423259681055344
1.1476677143208813e-07
0.025376043156056405
0.05805207971902587
0.025416197663000326
0.025373567386699044
0.025375826912254564
0.0583116855603343
0.10372173382106577
0.025871581495224057
0.026509383952024658
0.025375890092120004
0.052556125627484254
0.02622349896310056
0.02537628456790993
0.025375940869009198
0.04022376488786607
0.025379764143426527
0.0253847802635532
0.05082813802031447
0.058275395012203364
1.2588479273049387e-08
0.0506298823684892
0.07431911803906023
0.025375941625521082
0.03997799738366075
0.025376950765762803
0.02537615238701211
0.0255474989920219
0.05547742760075275
0.0807878525723271
0.09238724707996424
0.05010588888457692
0.02778124252347636
0.025377195918166857
0.029418980696182786
0.025444793791307943
0.025376988496626555
0.0635556021672307
0.09943629629451356
0.1180217534307158
0.026061272886528864
0.026011517341186452
0.0502034095174457
0.025376242956523912
0.056525272640743765
0.02548269734491077
0.05689413806965168
0.0838571452953598
0.10324425807468422
0.025375770110123385
0.02579238610978557
0.025375939150431074
0.02582470880888563
0.05486488923287407
0.06185784180742045
0.025594291471311502
0.025369240729447285
0.1072566616891356
0.04540345023648206
0.07740702404859454
0.02617605983958377
4.3625336357754976e-08
0.007615823041893489
0.02563530876812412
0.055316146464224634
0.07792208584301406
0.2211463617983754
0.02537590346373796
6.5498749197917005e-09
0.025379807996496133
0.02534978857017724
0.025375917428903102
0.02543806643885872
0.025375988040070657
4.3625336357754976e-08
0.025391367710382837
0.04169827182375909
0.01430068708071001
0.10277993881701898
0.025421820673175863
0.10637372410945392
0.05198417050859461
0.025376174492562083
0.025375699266349142
0.08088125719573844
0.025440243642259976
0.025376102905673367
2.3716559290507964e-08
0.02538721241511301
0.025377178804054858
0.0823065430467988
0.058275071033519865
0.05671644966524501
0.05587843614186117
0.06547273095198515
1.2841529226455e-07
0.047482516108815834
0.02538663538310331
0.021674726188053127
0.03196539414853377
4.3625336357754976e-08
6.2552080015432234e-09
0.02537594050418298
0.02974128551716416
0.025402659783981246
0.05292221972120133
0.07582977131195846
0.026712634785066688
0.025407858593154555
0.0253776436944872
0.0295490635107637
0.06298946277096744
0.02540865537701305
0.10619295870096766
0.08083031129762844
0.025375957168302102
0.02537594590849204
0.025386249280285867
0.025378007297021814
0.02537594133878764
0.029750013486378568
0.02537594249604443
0.032502098115953414
0.02537594093372588
0.03760837522622044
0.021063045186196432
0.0504238901287139
0.04727508129604074
0.05262255518036445
0.050901702355751255
0.025493874604444862
0.08787312805621833
0.053036031833644665
0.025410691371970863
0.10086002075454968
0.026337680386550738
0.02537672114464239
0.11451586467685484
0.05696732107980389
0.02537599862380171
0.05218942756951219
0.005271171828592129
0.025376389556580118
0.02538968774708351
0.025375950268845582
0.0253770159783208
0.058114149561058974
0.04096240723003637
0.06462145313941793
0.025376104132621133
0.027686271462628045
0.04796213173207338
0.035061168955152905
0.02537983019791187
0.025270138978571548
0.1093095676330918
0.0126889140890015
0.1271228257691682
0.050908486436159514
0.1256819732609572
0.13735113921870035
0.04686358771240018
0.1268873574387633
0.02538421275364753
0.12123670933120538
0.05090967750282338
0.04282705763427553
0.2921294353606341
0.038433815387256515
0.02532433181739852
0.02620384693673452
1.1058987394267473e-09
0.02564552974576716
0.027090332630090464
0.025446060842546248
0.0253761398210619
0.16659584554594206
0.02561265615546446
6.488436674386778e-09
0.0385150898300828
0.02545199433049345
0.05819200621163364
0.025376095318863555
0.025375981168170327
0.025375943575832217
2.195661432144872e-09
0.02592901314608449
0.0253759779590248
6.521009685468111e-09
0.025416904906872376
0.02537595289345743
0.030334656879959607
0.011836737905584526
0.0262651314580412
0.020063305090250068
0.08236569314223331
0.07693375768634172
0.10702149005353837
0.1477644979101215
0.09202857483511916
0.02558779431724478
0.2166217022000311
0.03015377805185195
0.025374454199002982
0.030966075869641844
0.05873977927288417
0.02537661862044725
1.6227581929673242e-11
0.13669662721060008
5.137003659860535e-09
6.210796157468842e-09
0.16867152520426412
0.025375942074967867
0.053280166472587216
0.025375944983418143
0.0253759807712138
0.025375919604887328
0.02537603128412668
0.027842969744803384
0.05108235983083563
0.039223781474309515
0.04471767292738743
0.047940297315689565
0.025376794023813626
0.025375941702302292
0.025375947316582187
0.025690645577810017
0.025626558474051552
0.02537594089678776
0.1079619185678492
0.051760294902835284
0.04417676550159067
0.0449327165062093
0.026388320235787917
0.02537599599230433
0.025375942261938827
0.02504397831129131
0.0386871174294364
5.071525945802643e-11
0.025375602734842483
0.025375949259118232
4.3625336357754976e-08
0.025375941396238763
0.02292088131522475
0.05753084223609967
0.04740393396805852
0.015423043312426957
0.07711976676739371
0.11861917189754022
3.5458694048659805e-07
0.07946277395157329
0.14028091980535493
0.042027157418621
0.025368032615684898
0.14606376275243485
0.0802751128718186
0.1877835526237378
0.11423076324903846
0.10654209031821407
0.22269888765672807
0.2392735069439714
0.1435200344760522
0.2714129729571368
0.13035234366707302
0.03620725479016895
0.22545655527494154
0.12615337405251995
0.10822287359944566
0.025962409744025132
0.1810077342210729
0.32691459573967624
0.03274114418806562
0.035872756096260554
0.2524937653482326
0.08146326927205083
0.11854403331348885
0.3078685695882561
0.1083010017838852
0.0870219423852463
0.15223028918879086
0.02725748993652648
0.11684430363832768
0.025383421746906484
0.15667356127079946
0.12932012421653255
0.025388656408272148
4.009471013359023e-08
0.042032798763371716
0.026240732430666144
0.025508399818420714
0.06305195133251845
0.026250273450189415
0.1049447997514638
0.025365831683952303
0.12230174450385844
0.12131696029976435
0.3897736486012053
0.4360006088868517
0.06385358421523381
0.04889304138512099
0.1819133509080004
0.08110403783133639
4.912307239290997e-07
0.02839516122964216
0.13040018419265031
0.02769893944766556
0.025375945892059618
0.14839231432034833
0.056702654212327876
0.11454591931149401
0.15943562604409808
0.06263579446409602
0.1903425960316613
0.15288286717457658
0.03323260751102258
0.037729727871393184
0.025446530206919192
0.05862611821926957
0.05822294813809625
0.1113268314634755
0.045264494242156714
0.026192722362743958
0.025444603788927392
0.025375987424413247
0.06990651485072401
0.11871398257901428
0.025380339743531828
0.025378897032953682
0.02614361155710961
0.07769581805513516
0.1102361889780925
0.3249865793055179
7.818109171107212e-10
0.058031767704690485
0.180930828370558
5.986677087679846e-12
3.796860544024996e-14
0.058678957035219435
0.03906108060018956
0.04360896063180112
0.025376228076403117
0.02537663989646169
0.02537595885881977
0.058222549196311216
0.02600420027636448
0.025741573868689804
0.17503737102773567
0.029075798607915374
0.07929693049014372
0.02552799000324234
0.02539772053533704
0.18877645194452164
0.18767437805885556
0.07049780519477343
0.02547729138932207
0.09464899364619618
0.13567264243841684
0.03104157916286803
0.05292418658918378
0.18699163050885728
0.0580066755991033
0.05250286830878823
0.025459938167628458
0.11884823458450305
0.04546092621714545
0.025375958904482968
0.10105856166875142
0.11723874874456593
0.1474058663308873
0.03476582133689435
0.0414115333480809
0.02566365506372985
0.05822471469027821
0.05799202265685029
0.02538426714272585
0.05639842225883007
0.06307050244948402
0.025425783681097564
0.05685663772281401
0.025376514172668663
0.02788092139018005
0.1705864942978966
2.5427281155952682e-14
0.0582419479996762
0.02537962811717281
0.19512671264826373
0.07775727197569261
0.054618333053692576
0.0582245106381134
0.1526190617217663
0.10412374019142807
0.06260652319844999
0.057949063380983115
0.08592088503587544
0.1828440008527132
0.025375941391116028
0.05509868478832199
0.05818842440867671
0.025533206861719903
0.025375948279377215
0.026412239846977274
0.058216819548271015
0.027112525138725405
0.05821758251871127
4.085760792294293e-12
0.02561702652881846
0.02538322514644761
0.058229111908661375
0.07362180526100938
0.08284957657688469
0.038510852117472134
0.058184932442667876
0.05017188477656637
0.02667952137006414
0.057931653789987166
0.025375943305510986
0.05335132443073146
0.02537605680510001
0.025377026249785932
0.1581198384318545
0.058236207651837076
0.025376578910791446
0.03229394015660342
0.16207127675934727
0.05776071118706508
0.19655439984729448
0.06019935673669391
0.21279095821562197
0.346829847747907
0.18590484924075687
0.09839548606066552
0.1540767665360172
0.2044144675313778
0.13515244867674722
0.07585443947806872
0.1052708583347104
0.23527720172769934
0.07965432976605716
0.11635329561652022
0.17532548067293102
0.12725691429284156
0.0582272069893349
0.1230001668208663
0.05099993590491175
0.22102830056345396
0.09981178655157323
0.02771149136302449
0.055790064196482116
0.1119143216648008
2.8545730876126094e-12
0.030090482086480942
0.05012906768805276
0.15441844673357175
0.05768977640854951
0.043218530651316464
0.025709669813657143
0.147850705081827
0.0572855945374592
0.06737020984405911
0.0708783311103985
0.04932384176169422
0.1292148269873274
0.10528745955280176
0.14817996329379654
0.06540185772538744
0.13637027002630353
2.3648548052146727e-14
0.03126739160981803
0.05833097873762845
0.05627450972745513
0.05821356769203166
0.05822146796003145
0.09468518892639004
0.0582647538792033
0.058033735596879014
0.030920266549373437
0.03266030701418091
0.05830370953564589
3.8867108956877696e-12
8.325913289135597e-17
0.08104758071433549
3.040310162634656e-12
0.1663722842214951
0.030714920550177164
0.12269827756065348
0.029850990830111737
0.09242051257633647
5.239297183880609e-12
0.07750987109233437
0.033398623113713645
0.05810607570326382
0.02537601708215367
0.025376100115060918
0.02537763646076728
2.539359958212528e-13
1.4415197114295438e-12
0.02908262824050415
0.058263795004866774
0.08600518147238925
0.02569929402567561
0.025381404441544776
0.05824420664316837
2.291132086480836e-14
3.0374624545605105e-09
0.05825104718291831
0.07579486376461678
0.0253759442123014
0.02537766710044644
4.15638092705586e-14
0.025375412512434626
1.2664069265513521e-10
0.025378621437025024
8.296097526549184e-10
2.5908919258872537e-14
1.0716872993569072e-13
0.0563288685558214
0.058021229768293776
3.072225157566163e-12
3.719989892022652e-12
0.05822160851129829
1.514870982486667e-11
0.0254163862923501
0.02614018880113836
5.727833630315167e-11
9.144942033455223e-10
0.05106987601118388
3.024204525471649e-12
1.9044388883165546e-09
2.598132601845976e-14
2.5694505919545536e-14
2.3378241488724488e-11
0.058943978882822386
0.0677106799966888
1.3273901325729168e-10
0.05838253592360974
0.058227528600999126
0.05822910847938855
0.059798913493385314
0.09789575112564253
0.02591279914321433
0.05886877097547179
0.06154985280118677
0.02963926351186841
1.3249945671471042e-10
0.0256399873636624
0.06201300119818937
0.02537594985004749
0.05295977399639721
0.02537434275115756
0.4350785037262213
0.19844006230823372
0.02814423272919277
0.1118607871724694
0.08739229919392427
0.1893292024997197
0.10625640494980924
0.1320352264918609
0.07713281581874575
0.07664308933727912
0.02537586190856933
0.3497115134550909
0.15876025992322218
0.03594732961389841
0.025371365446864386
0.041735941470692484
0.048709744464873216
0.01782992946397175
0.05635744871660715
0.11853277951801125
0.025473200415354138
0.04960418620316072
0.02535520193888209
0.2497203866404669
0.2267669074466451
0.14300252657377469
0.08814833285066083
0.05377168307755534
0.004752272529251944
0.09053182317577338
0.06833011090134795
0.10164373004614237
0.11278966234272007
0.1844291965711796
0.05082650249530896
0.2320487066581823
0.04369759412916743
0.0286663636188341
0.025358551857707728
0.02551621196917701
0.025365589405618828
0.3446499127932542
0.06666183122510815
0.10221599656239552
0.07138815326835841
0.02408743865803618
0.08020740997804547
0.1636697618671444
0.298576047926196
0.025428294752606453
0.14553881900897547
0.3313437879441491
0.24396926150937026
0.025378845460966398
0.3464043978888949
0.15883607837435168
0.025427932168087315
0.10079624151286742
0.05279696002145448
0.1041652729648572
0.10922640219862413
0.08628159730202589
0.025378798918580924
0.16755196199610894
0.16203346443985664
0.1252814129343217
0.034886065444013487
0.11554695836061175
0.014547472754070643
0.080825483603767
0.025434278355531168
0.0751610878634607
0.11737302416323515
0.025375821035182537
0.2898808061874349
0.07612646511942114
0.2410886391175468
0.1637962128733509
0.059104880946359364
0.025305246881364426
0.024418241926901143
0.08838835420398869
0.09960116466618957
0.12765621982518496
0.11790919515365393
0.05339532206184319
0.1561242021066722
0.08489090695038456
0.13130250611901584
0.08672210668005885
0.07818400106642777
0.1017881327877696
0.1692574249245808
0.15226514044498834
0.249746196042848
0.10218146932511199
0.02537399865473239
0.04321245803140941
0.05169445747787792
0.02118289536849689
0.037296591994340725
0.053570204573414236
2.2414147915731996e-08
0.0130210422451926
0.09102742935498548
0.10069021849802272
0.02594463392334758
0.0761366941746745
2.1112014491535798e-07
0.1264092320767639
0.08603925450496497
0.07563969976320531
0.17565551885749342
0.02537571116966224
0.04933750440719748
0.025375961701390618
0.2062957442948213
0.025266130655971174
0.10303746861465013
0.02609397241047985
0.1835955106547836
0.05071575909708676
0.08395874604039437
0.062370230367246926
0.006456187689703149
0.030858562168050163
0.233791850566461
0.060339743476578826
0.2378854826234028
0.07239790647637212
0.0452492659176411
0.025375863359252317
0.381097538284268
0.20998486363257127
0.21967718492469065
0.13854093196595724
0.04157848166011702
0.06465752676420268
0.08769917593030963
0.02536671118661465
0.09632875059899056
0.018734264866262486
0.026623908329200908
0.06117283828718749
0.19898354199824714
0.054074186505749536
0.08335352348561287
0.09025002538228484
0.07655672181485812
0.17869990772582312
0.08626043148783916
0.12553963501522264
0.13907169874595945
0.02690424308208584
0.05647676728372286
0.03386448552591472
0.1466036559434966
0.08935823746601028
0.12920497072611276
0.02538936363699738
0.07828555115621036
0.12641223674177796
0.06575976608921882
0.06878717393957166
0.13874522214964846
0.12406141653910563
0.04643061842308183
0.08261296176815469
0.05278767168193282
0.02538038172634604
0.025375812540064137
0.11496447074788567
0.11630371830580273
0.12261562403773953
0.040438100555536184
0.06054263167100631
5.018389999829092e-08
0.025376880343338223
0.19410829980789215
0.2550664694463124
0.021189064908636902
0.2792741986738698
0.18004350381054934
0.19044360552347375
0.05763905606423456
0.00607356992116704
0.05722457413444273
0.015392171596497525
0.11054770822376606
0.0912672833457198
0.20718588354489534
0.07197857838008466
0.10401576157279158
0.1657863341488401
0.15894896974806855
0.05754995286122674
0.061659686594158235
0.08510194683837244
0.02537869031852731
0.0507943448917574
0.18894511909300035
0.24938626492702945
0.08692247886056928
0.16761576689567592
0.136488646437122
0.3089746587113283
0.2006579363973378
0.09394231200076687
0.1282753834341001
0.16371129899110676
0.11327976669927728
0.09134584100830044
0.18643653338075625
0.09169057055676944
0.07649715834849961
0.025633791582733687
0.07034464534503175
0.03834702403326918
0.13068766141898394
0.058295450418074414
0.11446011316642625
0.10613719045610397
0.17862997625606392
0.11425814774776195
0.15400269932546498
0.025405565689488215
0.31066678420499744
0.2479684125198316
0.05162765859685674
0.18889559034578396
0.025598719417301543
0.12914475842798154
0.19178232905657835
0.10981131459346173
0.3767366934864981
0.3732738071032061
0.3475703546273051
0.4322047397649385
0.4330603152434631
0.1717673500073311
0.3180214341510497
0.3680527311454945
0.1557562509821594
0.1530312341569999
0.09876484636979424
0.025297400248521774
0.09481321791708294
4.9374222198708824e-11
0.058233590306855536
0.16913561757528284
0.027257579584601302
0.1322347012648404
0.05287492245655994
0.18510335617566373
0.10454536206500656
0.23221014107132734
0.4285196272704177
0.3097630980013006
0.2401979140643044
0.3621739938717207
0.0862515042922514
0.37348454928729935
0.09758363920734472
0.1959261266159134
0.08793997473286097
0.1343737216950483
0.20784575003951955
0.21428820741606272
0.1438155032276148
0.18605104099632427
0.2031426434381572
0.3280518959679657
0.13483011433215195
0.15870225195369778
0.15469532538670058
0.02527426162317941
0.03049206634436564
0.04878505263003023
0.06835177511982429
0.040615734695151035
0.12526876186656594
0.11213934228006874
0.29974416838299
0.16601310965685515
0.4204351221210037
0.2899378984980032
0.4026788834606781
0.1395254498814128
0.2527118355278528
0.12490402174595365
0.10038126621834816
0.02667782936151184
0.025378820742627047
0.02549273764828047
0.05110517141246117
0.2264113446727949
0.2124056381573006
0.1675390645568915
0.22923846259006686
0.19964728865656528
0.2379903577181589
0.2882793855491557
0.3572211635232377
0.2992450524610535
0.2985579504349445
0.2771831423984431
0.16106580518052255
0.2775679485708077
0.2797186282682326
0.11266193700868138
0.2632514246595613
0.06317449201198308
0.17437339039197478
0.3184852007500079
0.4323759782543971
0.3998038544138746
0.3933526795461034
0.2455885415748132
0.4072123190237805
0.3180389807775733
0.39452532999024587
0.14661781261773388
0.20781542675336356
0.10934866562561994
0.025379356609768183
0.1866304752983273
0.1058102096564036
0.08441173752103394
0.14717433681101147
0.1895581115152818
0.0997018638993357
0.1991812483033769
0.21401010780958765
0.2463943439623713
0.31593895235625497
0.29006233525914593
0.4033384793229983
0.4303664496703988
0.2746856982630145
0.38712636972634856
0.19435726848559093
0.3571725419969768
0.1564195352596949
0.14455543403999585
0.16377726513845442
0.05224747690514933
0.6270809871683514
0.027007196708031117
0.15030959717605655
0.285227935414588
0.025769929842435816
0.36744746467638223
0.00554909026328592
0.37317628256078456
0.05807964027099285
2.8086807589913456e-16
0.08159358508366192
3.139151797340686e-11
0.03553691190534442
0.058235196875634325
0.05823267034212111
0.17229976360037336
0.07976165234613221
0.10401163573249096
0.159721653440297
0.025390631561659428
0.058236723493767975
0.0962779772402959
0.16948323413751756
0.03592505253446678
0.08131614254656466
0.03252105148554038
0.05856037033105011
0.11638658888893433
0.026657876861143168
0.030646041196294844
0.11497379012795578
0.08125078802432112
6.431095963350125e-14
0.07052273139497091
0.028020311130419532
0.06701879581801035
0.025979751314908667
0.11566720799806228
0.02881529693101633
0.05486904757232024
0.05825164152276945
0.056829122043785325
0.11629787489937538
0.04302559488810411
0.16247995468214152
0.02598243425643465
0.02541461591918337
0.11844127398072801
0.051057755180787485
0.10960801561986114
0.051207158359014696
0.035193605313440145
0.14269546914170464
0.02933141073366962
0.025114765683624002
0.044270264357572114
0.05232445848001757
0.02538881698393366
0.055268420159351926
0.11775719841889072
0.07220376709310089
0.08957344817907269
0.03257239613778902
3.1107278043627546e-14
0.02537861766143694
0.0444635570756951
0.060926238505994934
0.05767217592967053
0.058650572950290976
0.0302899001361413
3.8286908747610663e-14
6.285051637929656e-12
0.05840252840636809
0.025460173729846016
0.1166115850313747
0.0602381845110474
0.02547312545522225
0.03468424017816933
0.09378996756672567
0.05396140697469936
0.08072556323001255
0.05087930958772021
0.028980762011396488
0.05828067724669333
0.02771224236960801
0.025376568922302414
0.030105901487944123
0.053071168108789035
0.05167940641602945
0.11647592536246493
0.05856712993152693
0.06908710320487715
0.058232818131648226
0.0576481517061254
3.799115921293061e-14
0.17177320998889095
0.0932674625453576
0.04752597782118799
0.0254948218399726
0.032747577572151965
4.612868704897777e-11
4.501028626659363e-14
1.4419441215667404e-11
2.5069855798443803e-16
0.05071484075264876
0.12673192334822653
0.09044805904916396
0.09383434401308313
0.11686273885890285
0.1038309677472566
0.025775609982452645
0.12159437175489232
0.06668413839564831
0.051318181865813564
0.11566048171255243
0.10455129668271254
0.026238904189137748
0.05820960884253953
0.025388062271879227
0.06911945442591504
0.06719243817359608
0.11067563713144354
0.07498459393603203
0.058227206358782486
0.04986809327470959
3.6958803965191085e-14
0.1003136801886281
0.044291877187838086
0.11314475821161372
0.025494089356479885
0.025379682652156003
0.03448153789431039
0.05863237434199346
0.0287995817091382
0.0563129150771967
0.1416947578736406
0.025600819584167142
0.17564466751564642
0.029348611223176294
0.058232714630121724
0.21227681566471665
0.04683772467223102
0.1296794963202973
0.1293794076438699
0.025456351946228344
0.060093002971184015
0.2161704353923404
0.1013777153170544
0.18885283582269385
0.03363666521939007
0.11411951095653393
0.08724410994712134
0.115969068234474
0.09459092072306767
0.10523297093634426
0.12517005542417858
0.13013063995770524
0.11526979307492954
0.1231116139534087
0.025375992279926127
0.057497954190579965
0.031989109127453175
0.09334419913543776
0.17626155865247198
0.12658145834282106
0.10791701458170727
0.11939002397773035
0.058229808364208276
0.1223638074688154
0.03504480080222467
0.043798810188868983
0.0512646673707566
0.15373434658769294
0.09219647963793004
0.025370035775971213
0.1738274331650373
0.08166589433008715
0.14418276282477
0.06620405162163026
0.05648007965552895
0.058143754648907524
0.17497332423804882
0.06022592456210137
0.12772952108455854
0.032771980166456834
0.089040267898779
1.7715230938170822e-11
0.1362691680449041
0.0504668518705223
0.11281557263151132
0.05812958614262175
0.0538463947725814
0.05808207764149381
0.1062408335066475
0.09545354800187962
0.049249018080026616
0.1380338629705017
0.11651295927692935
0.07280662199835744
0.05083212239530199
0.08030759369141534
0.051943032882344614
0.27387085919114657
0.056246051653984636
0.05821174163480961
0.12465886920260748
0.13846664091562172
0.05274977048748005
0.11440314646735585
0.025376076897672458
0.02568462462287965
0.033295760660289615
0.0582532541566239
0.07517895023104583
0.10368523334687113
0.11763197394445052
0.05464974608928416
0.04834596801104206
0.10683260554293808
0.05982820220960285
0.057483622701549324
0.07014782127753336
0.04306554509183739
0.15164944171267494
8.165801628078798e-11
0.4272081805891821
0.4139622350269725
0.11217426014172578
0.15422127182159465
0.08397961796701428
0.08461530799721788
0.0825305589133203
0.03967928686603235
0.0817045311437136
0.050408207759848285
0.14671304500071086
0.3166783108421665
0.08006816034562013
0.1965258011747399
0.2800141022616963
0.2269354543369692
0.11178860908403317
0.08753738249606496
0.1280312122472892
0.05086969520681228
0.15097083843320608
0.2255319992620021
0.12531444763336255
0.18567022495659308
0.12171701570759275
0.25937052193676313
0.2977404923339133
0.17181160097876105
0.2809051780371261
0.025368475454357758
0.23042257674371985
0.025375959448590328
0.1020297083377545
0.05727391634022951
0.05050311807699368
0.02696301697611568
0.0063838998538621634
0.025377613539402218
0.19169353311625711
0.07231390348462342
0.19008242155414465
0.1351804561729105
0.13974278826536846
0.4117014138692569
0.10051071290299246
0.12277833592940665
0.1410293034821475
0.313796442021245
0.2957822139574663
0.051369967679090064
0.028467884864028226
0.12213948788829795
0.2890477663399494
0.05078789610061615
0.1538637761627698
0.18752046385169868
0.15632836523356594
0.07164224533083631
0.0466140563443118
0.14700667025478248
0.07738855670772474
0.02030347915377841
0.04969646572716353
0.058024241341917374
0.10981009668409092
0.02522039975257101
0.058919829918328184
0.09342754959456707
0.0778418154517614
0.08966224743422595
0.1625552551560391
0.025420129674046218
0.0987230714424677
0.35336134820831416
0.3522826454242738
0.13280525933259674
0.07468063870372114
0.16170111190165676
0.3363488005850465
0.031245168719125038
0.15174961942986168
0.15805847026404218
0.20103259832578746
0.1704339356629984
0.31622250389543394
0.1167235927551675
0.07312597007010832
0.08077497411299853
0.15770868833268406
0.18904225998949398
0.19356932792200726
0.1946387028499492
0.09379502632330372
0.15405912863369325
0.1926640000579191
0.06745632707990655
0.24460267844832745
0.1347840809966634
0.025516923188593218
0.1421858538783645
0.025393044128850063
0.21612717281730395
0.04641889220869545
0.03843116237715859
0.08674828905808052
0.03949583513220194
0.0999127686164869
0.11509725340181765
0.02515044801620829
0.2221190380201125
0.06925501458414561
0.2833624526765872
0.31482079444949085
0.16378639485931887
0.11292175013216005
0.10813759682455848
0.35825783705059683
0.025353412698306352
0.07249040222966771
0.10101467073784874
0.23071959392065375
0.10235576020250722
0.06123632261551281
0.06080830769928011
0.048790785234101054
0.02431177189048229
0.025375978485774456
0.025376006236779842
0.07892891322143904
0.10396872820730213
0.1949386808370864
0.025379665301109373
0.12022593046881208
0.13922222029785314
0.20989318099517854
0.08719004904182047
0.15100638314990772
0.10491849793880058
0.07868449566609324
0.02501578382023626
0.1211069265137599
0.1632661552573454
0.338773630504748
0.08310807297602123
0.12902803596687348
0.16382634027241688
0.07486081517566555
0.15269364865103846
0.026448136553450043
0.15257443606123944
0.05498024030689133
0.005528955243093549
0.029662567145998738
0.07834280648079787
0.05388336519995585
0.02561100993732617
0.0254048621740884
0.025375164572241038
0.09065243163937024
0.05225146516465748
0.0253759691117336
0.02537627746683897
0.10030656240601413
0.10801768177731703
0.04769510679867857
0.15722600673269646
0.060283903640952825
0.18070298245519564
0.11638676183119595
0.02537671969245427
0.11052213596932677
0.15838736915771506
0.10935549234457756
0.09358811953302903
0.1172401234291235
0.025620483806902333
0.10336644678459138
0.31808523146262435
0.2748279662399456
0.26102604507108595
0.1456588170945642
0.2404151566587597
0.13770052548474254
0.24972937550092536
0.2871319624302609
0.24900186907219374
0.03753835237987463
0.21103821476195794
0.35305973241974475
0.2002666882228496
0.07608491133050384
0.2312090471731165
0.29700323521708244
0.1143233676447255
0.1559221637860923
0.2937189294079758
0.09041773043285106
0.05024521628588733
0.17378872006843754
0.1548530376923886
0.07808065057839284
0.3947048407377857
0.20574873711186514
0.00715068061684447
0.11783785208624728
0.3501593326979268
0.025752548042678448
0.1301934186828117
0.2749377115558475
0.23083750239466436
0.06756428859407211
0.16611015506759233
0.18110651099533076
0.3833601171448057
0.1888592422058123
0.19377551258911752
0.3097282046743103
0.1440353516917448
0.06375395868333253
0.12875119050041178
0.2670493864737684
0.12223594904913783
0.06345704508614665
0.2245329487882745
0.13338636046888744
0.13210869611234624
0.0253841279922041
0.3166796243700092
0.057158336574443275
0.058511483553413936
0.02522368022990773
0.15627039747872454
0.13479520787281976
0.0771416375128088
0.07807244510931592
0.058517892966835836
0.004774999555785123
0.16047720190362005
0.08481513425240432
0.12546766373239734
0.025379039665587924
0.2356348292453007
0.12185132096094207
0.08821166041686014
0.09327309952091946
0.17380475689589378
0.05403628982170145
0.2012101727937486
0.12653891549324442
0.2967405220835517
0.3338628946798526
0.10344109063831217
0.2105746095374532
0.36819879495715785
0.12766402536212598
0.07348704402917211
0.2453385506835036
0.18380167479184187
0.07734801519608082
0.06187707257114986
0.3834195866994769
0.2842335770968333
0.19647591603924802
0.05769878842782341
0.12244562254227165
0.18899304440801787
0.04977891014581707
0.1356613820325115
0.05903549467902945
0.13491712526845964
1.704491649447101e-07
0.2284119046289753
0.2661940599465406
0.031113729097705267
0.07368290956125942
0.2232796386065268
0.07826614296086222
0.1411742990943841
0.15216523534855209
0.2635615448052298
0.3846898504066473
0.2011208197620674
0.044673339246422174
0.0757504103575085
0.3233428923833308
0.03009704087477111
0.025443874944517317
0.259692809919903
0.2276690030945717
0.07267548983499121
0.025375058297190518
0.2274352601037333
0.02545948840817649
0.054953761854424826
0.13820345178144375
0.1419353636052307
0.08148448110525544
0.13694802299152334
0.03130154711543405
0.02590012859497987
0.1288748630924196
0.17819836450696588
0.024609236253664558
0.03992570822241336
0.2728566542271717
0.08305399546682055
0.05746088311648194
0.19720127349763608
0.2719405624695896
0.26280471781902354
0.16296120937971542
0.28637152287925005
0.3240557090721941
0.1583552588309028
0.14464340836125422
0.13327156860518793
0.06731179404981075
0.1286848551683209
0.16720064035890478
0.2424400737028462
0.0799182892528436
0.026276294202679767
0.02628182513128223
0.0749754335115732
0.13487152730790067
0.08897030592623814
0.051988757362805366
0.09542795470248938
0.025384819039720275
0.16899755546413014
0.05126549090215688
0.08066055031676797
0.055449846992356416
0.1300828853219727
0.1964993495106084
0.056729889729397034
0.22178701454313807
0.14501590231483674
0.2579793322789493
0.10749333957349604
0.16018014977935632
0.3344618965893921
0.22072963867492215
0.12722943721002586
0.13833119263812446
0.1967790785468112
0.2063425349711213
0.22247799773152235
0.13038808344864972
3.4748918217768435e-08
0.13380417886990245
0.1125456201728634
0.12097956510999346
0.22330541683508626
0.2193488006113327
0.05788856451130232
0.14591471140659118
0.09323752062337336
0.20151134947948976
0.11822563305152015
0.1332006222792933
0.16663363015448046
0.2491600155687536
0.2431208574025735
0.1327923473883262
0.19781534817514088
0.2148516203493012
0.2685310990499536
0.08954482061213123
0.0858450492397993
0.2276132342608717
0.1876536160850132
1.704491649447101e-07
0.28653550499414543
0.25120669340147905
0.025244920952615456
0.06982552803438713
0.1648657062316984
0.08604514510734665
0.0784935627178964
0.06167560885902091
0.17559053191034624
0.10118633168296677
0.10221266089958472
0.13650965042972465
0.3715079119758549
0.3329123847373281
0.16357518676542726
0.13789390031864676
0.11099664640603947
0.11784209519038627
0.15021205631128373
0.03185034831631653
0.07942598389773603
1.7503691949633264e-09
0.07262595077833063
0.09282195304119432
0.15186802846598554
0.1592510733566976
0.08254246188409926
0.07839972474177997
0.1747322139778049
0.08307435922232452
0.1248404334205802
0.2753254523743117
0.08139217107084826
0.01819860448513928
0.13841824295238736
0.07296374929724472
0.07989670415856452
0.13027420088804653
0.13211731263779045
0.13780209669938578
0.19286600220983446
0.12241225305461866
0.22493386066529075
0.10637646439755928
0.2057468757463385
0.14114274995377535
0.20711423953615626
0.0923539038034628
0.20700054378017552
0.07162831617115377
0.08700411202435791
0.15885998975533652
0.15295643777751025
0.19064759943513696
0.12354876110240168
0.2252401649796267
0.11855472589602647
0.10501921449031676
0.1726754023525523
0.21958508839874225
0.3660224284523555
0.2818541177858029
0.23512612573290756
0.20587452795843067
0.3924787577682483
0.2910087930304259
0.21468818484621371
0.17015661641510013
0.2765893458445301
0.22864860466347284
0.16955069586833504
0.1938814166757123
0.3285171918113745
0.2966414439466914
0.20396125732816653
0.08918545184825709
0.22879838714623116
0.414925405895238
0.3433166214067888
0.06113248132371795
0.1084808767734328
0.290063618407035
0.3346052341771873
0.20846589166361645
0.10234952599524956
0.2975638744642907
0.3670809071992078
0.2823112994433907
0.28078940473512204
0.3498580523966037
0.0758494048734339
0.12244623376603425
0.32408348925179786
0.35670007906995416
0.11340451921626195
0.3883695935462091
0.21810354843354374
0.07541529154998954
0.029531381850685032
0.3114854934888749
0.21025830149413136
0.1933450854276552
0.17050498194124558
0.29605729241473994
0.18549910019735733
0.2373709860572088
0.2768825103552755
0.2890200706476977
0.3349110161513598
0.11968353543688375
0.11929562721487433
0.4354361662397814
0.25038396546166103
0.1414438223683915
0.2208960949731284
0.43583110393981
0.16985801048521024
0.08365811183407823
0.21457067555898596
0.22311462762125245
0.0797093309351647
0.027638315043137702
0.3517277798799394
0.09618884227537627
0.025617699170991798
0.025375816718270897
0.0694687156431983
0.09865786381582732
0.14226431978965656
0.15229258839272788
0.10326432920083453
0.024637009206936827
0.05720290664238789
0.10385523643693577
0.09258914469183653
0.2366733356273453
0.12831311317391708
0.17162247517891285
0.12041527937620575
0.10371946302641696
0.1052899681786257
0.02545461149726256
0.10165718107555452
0.17123717044042167
0.08001078609789627
0.11778874129690968
0.203697600586346
0.186367628895038
0.1816475252292441
0.050877986387472464
0.15036057267765054
0.2549087416159768
0.1958748299003577
0.07327484445166949
0.1488773330541566
0.3186902952560576
0.15075592409723368
0.05130244170886307
0.2205922034185048
0.19034074038419685
0.08697347374565842
0.08392557568790665
0.24847389690697885
0.2388771602405772
0.0774012140324546
0.02537603259961224
0.21622678448771399
0.06390076828979148
0.12284516901386278
0.12706523366989592
0.025395628341085767
0.020233003323772543
0.22720051740205646
0.07238218009368226
0.22710006527538595
0.16357890645367648
0.3216685863901514
0.2803596590454253
0.3466251153223889
0.111120834861507
0.08257980813613135
0.4307591211520605
0.17361830489454785
0.05178496147756452
0.3033949146106065
0.2470600416732185
0.06861839781420934
0.18040833966639205
0.4331178072913233
0.30020905371071777
0.10722789172048204
0.0253759931911504
0.12586126691517605
0.08739982340476699
0.02537537290574676
0.07528415876562812
0.09740373890459043
0.02698637812784965
0.13187233346039828
0.07786039951384251
0.017571488587465444
0.02545009109578674
0.1596930143610311
0.10503970520818272
0.06664964247399142
0.1823432347801974
0.055206888648060976
0.10017865133493943
0.2518599303369404
0.41731247989823067
0.2221372987503616
0.33087767885601554
0.20674254765818695
0.3851415946232112
0.2606359694696821
0.17174594184531938
0.22958162991462
0.4210978974479011
0.1260915710485458
0.053936883977013225
0.246562610069423
0.1745482276769969
0.12958562620912606
0.12514431153625147
0.2416235398040979
0.10728689322372946
0.02537584680743044
0.03546824769449666
0.057984493289506216
0.0285238373642177
0.025270447777094057
0.050540008970558416
0.08128821530285713
0.026144698055093684
0.10096048542564752
0.11439680976011984
0.19186384617488
0.02354760762836405
0.24938703601867926
0.2099444604598199
0.1536089287135464
0.17189785827155118
0.23208750467307795
0.26972418369384826
0.025759777253972885
0.27103136593213584
0.377763250536724
1.362240578674784e-07
0.0548764324386527
0.2317790360313525
0.11846736084528915
0.08975541207942445
0.15890071358447486
0.2464050576211969
0.24046840564972544
0.16308779548505906
9.599736665734156e-10
0.11451449870435935
0.196261547507774
0.05073106810882278
0.17648534455051096
0.13016870404149294
0.1698632919258053
0.17660230940156646
0.025377226677207036
0.11773097513462735
0.11822696913597727
0.2736809296862534
0.15994147534873632
0.1517291894510015
0.08919866851391256
0.16381689867341168
0.3509413340160237
0.09097627890443112
0.2303657590959445
0.3576654899674496
0.18748020586792916
0.348197668679099
0.3732369191859756
0.3853737474223128
0.2307552950756962
0.21196201900249376
0.17852106459558084
0.2385450150626196
0.17169822059271564
0.1124973705154277
0.041538972304679414
0.0565288615098079
0.025375902258482637
0.06354811157808342
0.025708929966345682
0.09504207094718124
0.025375941751469025
0.10483978935827364
0.07610327629396574
0.2315701227050292
0.17936876973950716
0.14008001948263585
0.20774765186153346
0.1518221514843203
6.1532180410040235e-09
0.1743554048726991
0.10624686957489447
0.02537295432321086
0.2124297512500784
0.23175927656833276
0.07224789827063466
0.18647607382697665
0.3452290393462485
0.35433929486126764
0.24090653470706005
0.18077681298322465
0.2535610953167348
0.24887251926091866
0.10944130795728353
0.09086201810285363
0.026525009511560633
0.23275231882978464
0.18876112655992314
0.062499663000373226
0.10878993333051692
0.3629582268743344
0.12960869638220915
0.16459267092793725
0.1967460078113001
0.264536240258887
0.2923933781350537
0.26476818017191345
0.16827871387010676
0.18520816413252048
0.25597068283864605
0.1093134591035676
0.2377521600242097
0.25188424320631275
0.02584219351948995
0.016560207075767053
0.21212888129363835
0.15646103533928052
0.10548910599293956
0.08181056803745368
0.1494477633693285
0.05726602822111378
0.051303226142139
0.10361136853411562
0.3661160901093252
0.05907975367629865
0.08880475417380536
0.03910890003360081
0.2806367854398543
0.06082016338823669
0.009264579493914665
0.05278970469457936
0.08649430572718035
0.16659085954931455
0.026234928679110224
0.3560472215025021
0.08954329508490838
0.2607726921665219
0.2647472577278921
0.06469849767037525
0.0848860194371756
0.2088676952016873
0.1516141970952651
0.10018481715332904
0.2555934342070962
0.2981386356646692
0.13164676585300172
0.32986000976881424
0.028758623492824764
0.0037965924177160775
0.093536066047731
0.3051609024106381
0.11912584393000022
0.10361075296287144
0.060523495403934126
0.09321263544071227
0.15494855795119894
0.0259945535487406
0.18629745199851813
0.02674187039715255
0.08777211344235533
0.14966205247216302
0.07531702463652176
0.2102885233931219
0.046339763380727095
0.12099313906382615
0.1484213689479637
0.3557229146459819
0.18729645295141184
0.154867764021641
0.1288896454648943
0.1876975001005199
0.24141599604653244
0.07265014617561323
0.09260038807327227
0.08857815078684657
0.1214318820349656
0.1841217651627461
0.0009792419431746632
0.2130819218163238
0.08890943799475473
0.24397918930859394
0.024390988271778748
0.29186132314707464
0.0701164975538627
0.02703853090947006
0.02155229163222587
0.20219209697466764
0.13616989780579475
0.04148379638036975
0.0716236157584246
0.04953574478297918
0.005602700737014571
0.2560246814032916
0.27814422698393737
0.17758294975218752
0.09430661705503388
0.17484329023845827
0.02900185904802485
0.03043500207476928
0.030717116247187662
0.1644943402251906
0.14920826018161748
0.0008302720592814185
0.059435493906173975
0.011659851624046777
0.13335049051907472
0.2313498356019406
0.12989523131354105
0.1883358012560935
0.05440422077331567
0.08454456431304394
0.27325083201884137
0.2967617061595166
0.02580639824422496
0.09833623058703547
0.2336302415008565
0.03425917351162724
0.19891608955536594
0.07696196752158194
0.02675564324232077
0.12006674477570956
0.015458807988210088
0.13163432162682318
0.13083091602241778
0.19596187919255226
0.3796943791218612
0.15067600349962568
0.1056214765937182
0.1946854553541901
0.10621879601926366
0.1321431550776928
0.1107915178932236
0.3929268744809682
0.21588408153436686
0.00026193142010510887
0.08847139955211072
0.00029560640722721925
0.2335101421318557
0.05406848018009127
0.1480707026613377
0.15270279591657493
0.00023893174704315903
0.2632474564304993
0.00021488320631665768
0.19011196476307274
0.0001636337007952184
0.0002583300605770031
0.0225602764713699
0.05008077077313379
8.79782746097019e-05
0.031232361705410206
0.26213621354621397
0.08844185931006647
0.18590523830472006
0.1657530640368669
0.18939914086208
0.13293625085984467
0.021457381063430803
0.36920493791879655
0.06409571155621292
0.31872785367867856
0.06665008764614723
0.023522463897041386
0.24681949100864886
0.3239151901194736
0.02120196838980969
0.1065455021140097
0.25577145218826064
0.08478683120972974
0.13940820463543008
0.14676191555931697
1.9435615163845667e-05
0.05637151423094546
0.025893629458051223
0.1467537991270647
0.2197930670984232
0.17569189971940186
0.05997350311796261
0.15394907214549405
0.038184290903795215
0.08421420966469112
0.086022639315565
2.1789073231086703e-07
0.17709337482030435
0.10492287982256476
2.2128581909576956e-07
0.13889298243894402
0.0260643155462998
0.2321083488559409
2.845647454957751e-06
2.2879275621322193e-07
0.34503911278600297
0.27594384185418963
2.2017072167862764e-07
0.13247602740475195
1.7207152359424857e-06
0.10005932963668368
2.8294539545639658e-06
2.278811311754333e-07
0.11622284997926127
0.270799422161736
2.4477511922849114e-07
0.2504610223935355
1.7252691318938027e-06
0.17023080879495486
1.6080738939270612e-06
3.5386407357780397e-07
0.0966163206432429
0.07798446655947715
0.2123836215591207
0.05836883516396312
2.3008506408045125e-07
0.8246825953168547
0.24812657775516503
0.11339560828792795
0.057662679951939286
0.2984919405805863
0.0786162881793459
0.4605270087091984
0.11672479021071415
0.08735470308090501
0.06873776263849425
0.10725482679372697
0.03907444833823081
0.026564494629411104
0.0471741119249947
0.20646409331043267
0.058214444538090764
0.05814603689298061
0.05648644691037801
0.09422796837090276
0.050683478997068925
0.0421214800793753
0.12425353706628095
0.026335123029720943
0.0733956493648668
0.11804965510147032
0.05334835010618997
0.10893703442605332
0.08032525827232069
0.0874240401118023
0.07992485766778958
0.05705967941776721
0.0588254424263168
0.013085276998536604
0.05726759589823131
0.03525332304201298
0.08539044949000389
0.0780083140232847
0.17482078302567286
0.11728621718068308
0.07581316309234801
0.12802496959484042
0.10436042848308112
0.2013004756997331
0.037748832110714364
0.03877268346349692
0.12044181223835065
0.057216262119518385
0.09188691113958114
0.029485473953032262
0.08886022829584139
0.025605483696228896
0.04949601142963416
0.056902887169261375
0.1089494517409702
0.1296702776313422
0.10056335314612452
0.1362216996280679
0.05388760926227898
0.10051482706582557
0.07724947260432137
0.11359258857138894
0.11669958312155362
0.0263586723654634
0.06430978818514245
0.05813087745721405
0.12973077223041588
0.059330681905512425
0.0582022631218388
0.0713294903459776
0.11745101100855987
0.015308557842581534
0.044423820948064976
0.032296100880898154
0.027854955215124964
0.06503871635831958
0.14804643352056593
0.1353362231085693
0.11590334917168915
0.15834805273661687
0.18937574432855908
0.2786247424223212
0.1505537198528621
0.029007455363723712
0.2486434047903258
0.1583166526242702
0.07844553185309698
0.05795022096929845
0.05872397043360356
0.07028679484991321
0.05368184804321282
0.05777192194827625
0.13582971586344875
2.4035785994814997e-12
0.02538433920091834
0.05823868328383738
0.08189493221545101
0.0581187241516813
0.04572281592175099
6.227135131065678e-10
1.3507242395679561e-12
0.05862065759536995
0.13378983152972435
0.052786263730251685
0.052678309389800636
0.0499682516081809
0.057056708354272574
0.0799945312689296
0.042436047628516174
0.025664675105964617
0.058244754763382714
0.05821992464371707
0.06900178714239093
6.967049784810858e-15
0.2038627337562309
0.1166520890360669
0.04800353041459527
0.1244358279854247
0.05622218001098208
0.028467531486871582
0.035190197540099395
0.063576881904525
0.10597602644069426
0.08751395898267965
0.2247198018281797
0.2932207892559035
0.17781458311590387
0.3079347292923815
0.17987719338921188
0.16494062454898606
0.060631696840153085
0.052120706740807835
0.05854948173235925
0.029476133480231537
0.03258981326039628
0.03994512171333636
0.02603687376972232
0.11709388044105065
0.0508313155486624
0.05228185788046677
0.058257857135466426
2.1423716659670702e-12
0.0582397631804158
0.02584457518246337
0.05972724664586219
8.113729879524691e-12
0.026311944829264473
0.0552350368964849
2.1873968187212306e-12
0.05829209877674635
0.09579068150225026
0.05347940688517895
0.029965278731412144
0.025376155054368216
0.03102023688104108
2.558883720708854e-12
0.02539164384323172
2.1822116186931844e-11
0.20315784623760502
0.02608066953057941
0.03985925363364839
0.06841028684206832
0.08821213616081293
0.02722067978414692
0.08042223128372053
0.0253960272387752
0.2360858949633851
0.0290942551773307
0.06875948960191952
0.16020253793099135
0.05334348628853874
0.0555713530039161
0.0471308607157594
0.05655268075092273
0.10674630073760752
0.05747210075734071
0.05145117252125186
0.08775989653875968
0.02556239861495574
0.04847460770134341
0.05688274426522993
0.026390388293865853
0.08140388031546339
0.14934403420271244
0.08516399006163278
0.04676291174499792
0.1594473260778447
0.045894823444499896
0.05832468440501356
0.08849853569678731
0.12252785679619772
0.05819964209614406
0.07782436600462157
0.1150931415640976
0.11604101238077068
0.05821244540212483
0.09165241941005008
5.698883010137803e-10
2.8630634789348058e-12
0.035922345868926474
0.058231278879186436
0.047691977085877926
0.05920097711395905
0.18743623162497186
0.11576642293694155
0.12046173680355884
0.03975151279757986
0.10793911416753647
0.16769640515097825
0.08733288378519885
0.08942655054132459
0.10912404969875167
0.17631574071796507
0.06030191992850986
0.05105128647285199
0.05839600929950961
0.13925686611358615
0.028481242599058067
0.17824386817150234
0.13569265923998391
0.05405412997365694
0.048179518718421306
0.11253528659827823
0.12764869701015052
0.06361928456434987
0.09686773590993372
0.1346969887731203
0.07915235676371606
0.15678063278804866
0.2995505720173986
0.12255414062670035
0.0718894872502808
0.0824287964062521
0.06173764262332531
0.05091917203233636
0.027864176113420253
0.15526560133635053
0.12607262165961333
0.12431505659953375
0.10931644235327588
0.05846463285487503
0.05690370814980693
0.3688308916232069
0.08166439540617464
0.2663833204191993
0.26036557512727315
0.1804701311688355
0.18110232638389825
0.3219777906606808
0.2322561022177171
0.26574024798229195
0.17161550198392195
0.17708820638205544
0.05134788292631863
0.1358992536608293
0.05773518978781213
0.07094865985538075
0.03641264714168679
0.05902187040518837
0.05117461555231674
0.1173176606773378
0.050224849871000926
0.060503931541596535
0.04489177838252337
0.213211849240314
0.14148822581526846
1.4070585489771865e-11
0.1448400508800379
0.1182924453442966
0.1116419934885782
0.18516196360321
0.012670048398976114
0.08572979440765678
0.0606158933432428
0.08653863299256037
0.025376001393740983
0.025450884497728445
0.05176244087224549
0.041000311155324834
0.025613105389466942
0.058359793615250635
0.02537633921277992
0.02660748137510469
0.10314486863009567
0.13696600076812568
0.05421308488527432
0.0650188098264619
0.04991801716545438
0.30186372226491426
0.09394730854070396
0.031502881727100834
0.15615854133636534
0.22857511516187076
0.08689274690002463
0.02537627145026597
0.10053841793934376
0.15507913730895986
0.1005995322739182
0.027484596049397063
0.07337018020251809
0.0917539284447867
0.11037910092652738
0.05159868969486491
0.2537148091126389
0.09699657058180727
0.1388967955336701
0.1311293879366725
0.16514093575553418
0.02570438791300789
0.15234405573245582
0.0887293008904111
0.0913723922572907
0.12132029908967587
0.07214020398688273
0.13705745667933392
0.2538277257493021
0.2502706769212154
0.2750727934719988
0.0746592269296317
0.025553220290689592
0.10399899151024228
0.038255594196444836
0.05310171479464479
0.025410154545151675
0.02518124311411726
0.1288261444416783
0.02537767412045918
0.09346145338612367
0.09855771699274317
0.20799315806359825
0.03617425085058721
0.11328399059604595
0.10351613493205876
0.1864673468566065
0.21652578916949947
0.2004071696384468
0.02538303461768639
0.051004726714539386
0.0901960882145614
0.20394726004356095
0.02537617611884884
0.1056701812399942
0.11375518314619265
0.0169654728639572
0.02283406789037704
0.2408121896479609
0.1816191989660733
0.07846183706492436
0.20021601765537467
0.12124857965849214
0.1494720138189509
0.05301592369791496
0.21070164636815247
0.1604056823874351
0.02538740772344584
0.025377205887747226
0.13319331800005474
0.0495790894674942
0.02569082569979601
0.07058249871807698
0.08212287413641113
0.025375981251853686
0.14354323413849254
0.11226733609194033
0.044076444784841316
0.1363806961021208
0.21865992796392766
0.20585344040523704
0.061788355291716335
0.10168476177323156
0.025375944676989826
0.0253609738866418
0.04392396688662935
0.02546176953419541
0.025931525363304758
0.02534273853448556
0.10190139343581743
0.07480149793533909
0.03115209770718575
0.005088617859426724
0.07784673632811691
0.025383677437216867
0.04034796680871548
0.052758428925777236
0.2281551335964588
0.021314787677520403
0.3442993580114657
0.2413257059022589
0.1488321525308868
0.02567426289493333
0.2056580884509156
0.2366699007439772
0.15279328034553766
0.025378941066076258
0.2047008622325676
0.07387189588593995
0.07799261719075799
0.1041456042666426
0.17317431354677745
0.11128794476423554
0.050002660612355684
0.08917330125209197
0.21005289571465224
0.1338044018184541
0.4341820300510303
0.3896117177844406
0.2953179795225605
0.2992144800619754
0.3460302357816813
0.3225055072375591
0.2077136517905198
0.29619163933606746
0.3081359248808863
0.21052948179427755
0.2927100361586688
0.1983761633726944
0.20523734591686135
0.18003419751470667
0.3050177347564936
0.13041637140536405
0.14443870348209026
0.15186390400996574
0.4192023597493706
0.0976865609152721
0.09863175169926468
0.21268063792761552
0.29563977557912124
0.10049342502890836
0.051743046797010535
0.22985603291142645
0.1584417663214042
0.05913888261568904
0.13466496425106794
0.3030209446207685
0.18013029642777872
0.14787338296340985
0.15818461972977296
0.2213788400117148
0.1972378541625249
0.05125874462349557
0.02772396162415882
0.0794040091763101
0.06764898002747073
0.025389827466596102
0.03500335875358576
0.049773803104007606
0.02537596596609081
0.03400699833693382
0.07707635991504586
0.15696862057170138
0.08005631014686145
0.05103935472327485
0.26368420220655536
0.1381513420607909
0.2829471610690737
0.20081998797651185
0.2890522225272237
0.13953250915374896
0.037571156324271375
0.13878590301254692
0.20265394359762184
0.13037289543143213
0.042526395515586304
0.13653844707728044
0.08686513619164764
0.08184376914547134
0.06040462314064893
0.17290501651006876
0.07729370653984483
0.029387570671220945
0.14556185341871167
0.14697246409404202
0.1395105351267254
0.07505635646095363
0.12303943324963272
0.09237566998005692
0.2247124769010798
0.14815446499800147
0.12358369800344947
0.09600145170699922
0.1951752061571304
0.18071916707556865
0.06462888694012625
0.06594055887260902
0.02479221463275268
0.02557535036204196
0.2471802474161038
0.03156509561310484
0.05275424611081533
0.2115380132514937
0.1321051784800843
0.10323650633701673
0.1562500122389439
0.115343044691021
0.10875762570877616
0.08960866675088297
0.06915980538837341
0.04771213633939004
0.14135857089669138
0.09169134924451396
0.0715538985562959
0.15437693993438598
0.02577698136165399
0.047395850285587765
0.10623486651383687
0.10282537602406623
0.07655771915738835
0.20876304130779794
0.21355765718856906
0.057699141659830026
0.02537549913991165
0.14199616494911582
0.0745040633215287
0.027211923346575385
0.025375071683866882
0.09172628547559132
0.052874494116689416
0.21699673627195032
0.08694337684825508
0.07716616507547884
0.22429109210840648
0.15439235475548482
0.2197661864722376
0.05385926143338325
0.14972491011109368
0.10884246406897588
0.3042242552460053
0.29838609265816346
0.09517298881179127
0.16950609497934613
0.10210257961488507
0.2283267028837691
0.21619997862296048
0.2871351508807554
0.17042439821264072
0.3036171705458798
0.1986661607994672
0.07781965828252575
0.0729486562073872
0.09271839225601597
0.06848840036747425
0.0883540140958956
0.09498021073377404
0.050121205358615716
0.08159468399146692
6.1162721194450465e-09
0.0460495135379867
0.1704096261874497
0.05354431064371454
0.013875559549227878
0.11703727860358595
0.04760070334288174
0.09967477150051617
0.18038125456025567
0.1834499065015423
0.15789699154514233
0.3608926073925275
0.31597228435665664
0.18151476136822628
0.22731359915836435
0.13555994973847912
0.22754363255183505
0.08280374380191903
0.05132373801244307
0.2463262216892368
0.1480601258833593
0.23740061568748075
0.054813185656649485
0.16566175717046766
0.3882979650408653
0.21378825665997375
0.09739019147662846
0.13197330364148624
0.10941881056987043
0.22485543661092405
0.16237211435707935
0.07319445419500879
0.1113651688682346
0.09338586489101308
0.08106171451260183
0.02958208411778453
0.025376067600214252
4.2007032157302195e-09
0.06438921392389413
0.13982414323731576
0.09226909590208662
0.051091011924282094
0.1609285646010016
0.01186604450628342
0.06738558389166556
0.20376528931879606
0.3591249703248494
0.07520162548813503
0.0253446548301018
0.13248600342420366
0.095951949389056
0.22415285429526915
0.05848177965270361
0.08340804715202678
0.025396202903055613
5.556761834679619e-10
0.07151410489624822
0.02533211705589112
0.0768394098296551
0.07171125936010668
0.02529463478412263
0.15479059690964328
0.061849605487336624
0.02324067101512066
0.06447892537348024
0.025378729204165045
0.2110616207693681
0.15552880987898798
0.1102590463969683
0.19563721548836424
0.2643398830594918
0.100872269055267
0.08115847651373301
0.04732760829648865
0.19924555490544008
0.0519710418175804
0.06381428827560043
0.0616154253143338
0.026040773106460854
0.04205395679122731
6.185896460521272e-09
0.0985402414772928
0.11191650172261924
0.1555584542822623
0.02559721206022536
0.06989500191443605
0.0966852676002253
0.08034322261364632
0.13202480572400088
0.2283449141223981
0.1436633739767726
0.09182614330736508
0.08523616540276642
0.10258920283038693
0.03230945823120092
0.09826250765207177
0.14923770815582582
0.08557227702207915
0.17091851136148406
0.10138979832215413
0.013921760678918841
0.08882424099316698
0.055116124311093084
0.025380390909131686
0.059082276311716926
0.02535992437952741
0.2423054894398091
0.1997895219550424
0.1596708729253976
0.10035722193744916
0.08340262777241572
0.025362016650502688
0.22419400522059293
0.4040804088119849
0.2145054729902768
0.14500059971613047
0.16484220989943862
0.22235994785629956
0.05444087549877017
0.10308243889193096
0.1402424965308752
0.34459200300133
0.3519109236105408
0.10327832780260547
0.3099570854157678
0.356212567141295
0.16515858620179855
0.3977493311949621
0.2024184103033278
0.07934411533550244
0.4053838379399218
0.2154305294237196
0.04360650641845225
0.09202222610333877
0.10909087128228998
0.0780064467342813
0.040380657559669984
0.10226798590062754
0.1528698146002973
0.09520565408590743
0.1016171375477454
0.0836039845777853
4.26289290589873e-08
0.02537481870155036
0.0709559309990495
0.15043579035919075
0.07303552369581008
0.040847596791024406
0.03668264791362712
0.02517717350738321
0.15442319931382606
0.027450306121181017
2.67076544156948e-07
0.054811413219163316
0.05257001523469485
0.1446714947910814
0.14820108896512846
0.3415132701288971
0.13190068087581486
0.025401003454995272
0.026110560977971174
0.11976237230260366
0.1446459722762469
0.09293106367196807
0.1046496185875698
0.0978406496710128
0.09995469999105593
0.1149414888332956
0.02536889988871968
6.228959624644936e-09
0.034844014120721765
0.14745359237406866
0.08955604723263029
0.021305715341572662
0.08175720002668377
2.5917943952639704e-07
0.053959010598223854
0.06452648649877746
0.16493887394711307
0.08349981373559695
0.11185196472404796
0.2471859754868458
0.06419795726886594
0.20934336633303613
0.0888142160539856
0.1730480455216819
0.06066936517132104
0.3921019709375527
0.025448421513800917
0.250653579364128
0.027163065646290292
0.02537584679383948
0.05746583639682699
0.0621230865200845
0.1455735594874423
0.12082444542700425
0.0989855722449894
0.10371855527541136
0.11991877597089175
0.3234129516212021
0.3868591963771078
0.32135201861172064
0.30611131250525103
0.42311973168858297
0.2157735961464841
0.21559715702167298
0.04290134716042001
0.31800112338320874
0.02537678362164144
0.0974122191416246
0.10683021062036388
0.0991785122846878
0.12717609728363485
0.06241531906013133
0.04365200347192005
0.14417397561889467
0.15166461664420414
0.025380626333732732
0.17559207895690682
0.21631667585439268
0.14580755519837474
0.09568863000347057
0.15693267418037868
0.07056704512844703
0.1721080789343069
0.15236341429212394
0.2676413488969237
0.16969515644865404
0.09500190512218233
0.16888997789124668
0.13879751094947462
0.3646069349607767
0.3781018412454488
0.2954788291210416
0.3038094803766101
0.4207202667467633
0.1676273254395824
0.029746904054193363
0.20575020889766474
0.14469582051277705
0.1661687491421887
0.17291467153532078
0.4019915097670873
0.24124822577474864
0.25426514842152914
0.13729238621945944
0.16961520485764342
0.3834373987544129
0.058362109471338665
0.17468495345049073
0.04292654324118315
0.057582329832458375
0.058267700924728286
0.02619623264022769
0.062389047571907226
0.025473124229978345
0.23708933607718935
0.058378998644297485
0.05716845077105397
0.02635415313190188
0.058409204875665775
0.05845446309574205
0.02724780179995618
0.05788412636259824
0.057992433643306585
0.02558739081434468
0.10951424232501747
0.09564836254629916
0.03555683629972828
0.04250450735048147
0.025749548527438024
0.28584870520937944
0.22205233018862786
0.057370543235768415
0.08979361592819203
0.26279330684436336
0.2543325715660497
0.2125028116563443
0.2700118168110409
0.20483679584236555
0.055974143811773486
0.0352430261083387
0.18809888912580852
0.11092311392374278
0.05886814611700258
0.026023577176765844
0.057852232531577986
0.025545805496721558
0.1570803928142294
0.08711547635291501
0.03178356260227047
0.02539717105750514
0.1801956364008376
0.10267614218573767
0.05842020466591283
0.025662213027215813
0.20051512618926148
0.18568389176460234
0.055779977168519526
0.02540539364206846
0.05755289982276345
0.02538863693314709
0.2291136848204694
0.18156678158898007
0.045767754011815175
0.025386138546311224
0.1628775811620436
0.05884611639265395
0.025381078772881392
0.09679921609035727
0.19016521594010974
0.29486308942134226
0.04997270807386313
0.0891063474666891
0.025438360810922957
0.05519356401053428
0.052068935539482025
2.7778823974899625e-06
0.0253911481702064
0.19406165340383089
0.05635073382879785
0.02568774461799667
0.052876976711455734
0.02537831048420109
0.1245387880284318
0.12165947600736501
0.17184706449093265
0.07768712627797646
0.05724859900108827
0.025378044615590244
0.04990114078434756
0.057157156415912826
0.025385062951225487
0.0550389356535191
0.16506765117965186
0.042374536712204564
0.05097545348350178
0.02539303447376114
0.0909171179614166
0.02484810453544992
0.09592338557325672
0.05550443301056388
0.025792288585276785
0.13975572000370814
0.08381892384415915
0.06731192990508103
0.05826351166902444
0.025448556494181117
0.058462246527950686
0.025379520304432204
0.061581050265063976
0.02274080685562904
0.05823186488067074
0.02538444806239733
0.05886445074892919
0.07452095428395904
4.5408449601689094e-09
0.025376362894944868
0.020498791250377284
0.05292993841515774
0.0467104089888211
0.02790092039776624
0.36143851024768253
0.2870498154732908
0.06529917499904106
0.04490700154917033
0.02640598514017749
0.025706155839277628
0.06440901380788701
0.02571717239411994
0.07390405795264775
0.02537674974547417
0.07422042281848755
0.03538832969622411
0.05338366697551532
0.025740484937160888
0.05807558667452601
0.02674727793352264
0.05642497854658974
0.031508885916376225
0.09972612452117996
0.05784317881689634
0.08586783586693521
0.0256209536953319
0.028252330590223782
0.035239015403805814
0.09586979470089256
0.02372715476985481
0.05832804305971177
0.0517850464865994
0.1012211222656445
0.044644668238467695
0.028980179612734962
0.0561402690285645
0.050615457828583
0.3719450560422221
0.1631898866819841
0.21375987059829632
0.02644499741991425
0.15556855866676916
0.024899136414487717
0.02537722271685679
0.1623052372876269
0.05080080869263789
0.38261396422286803
0.032748367476417115
0.11400958451075367
0.17009956703975487
0.050705649264777865
0.3319301968975197
0.08353920206137752
0.02545893449949252
0.15797293021397424
0.025867771640471483
0.3154608064324628
0.02527391554884476
0.3502050949388219
0.07089971549847468
0.31366812922363946
0.025376112215577583
0.28100037352318963
0.034695309481312685
0.09626063628837826
0.3939271926239922
0.054138446692372735
0.1588134147511973
0.025388540655456333
0.3552436676900728
0.0258919476171447
0.11738626740036345
0.02537991206192693
0.2647926818846023
0.0470561608034058
0.3367633044428756
0.0253725150061866
0.3233164920551702
0.02525493787026161
0.13102018363075424
0.2377488177599153
0.02537821166984001
0.315455566500258
0.025377533424756564
0.3312933192996626
0.024280511753176744
0.13438097063144744
0.050597707144248674
0.02537453139029545
0.25288317789532244
0.03870444010509914
0.08716747969889564
0.02540668686141383
0.02545158779379277
0.15461299136410894
0.16297425422338796
0.2231187416851874
0.062395814169795866
0.02633797024208016
0.04988659458365005
0.013116523415387722
0.14273225891652902
0.10260674960632754
0.2697107942385153
0.026342385092082636
0.06450372596433261
0.12447945435378027
0.055264881462818986
0.02554689642005957
0.02544269521684554
0.02686994828283551
0.11682835010880775
0.108073683616641
0.03026812089985106
0.02538332947452021
0.04404946741483735
0.0563777103439379
0.02540228997532226
0.06670600832516649
0.03758958839735448
0.026700559894657288
0.027443960084332995
0.02549215608742748
0.08083501317820428
0.027195554904900072
0.058436517511645775
0.025499427203111224
0.07678750855047707
0.02031735262732031
0.059801276794558926
0.025543002348297768
0.02804694762526813
0.059065177471423966
0.025435746247172528
0.07069699984895082
0.02684374759809861
0.07336267003195628
0.06420473888681072
0.04297237892465239
0.11789768164649207
0.03181012605788692
0.02536919692955427
0.06295845575167278
0.1870121157130156
0.10196585086425372
0.17509282090954134
0.33205400459639944
0.05064417183701357
0.1830911290651856
0.3481399376809577
0.25359321128005313
0.07798187278579613
0.15609740066992164
0.028336739472207027
3.228272668848127e-07
0.025409404331013755
1.5301175918903324e-07
0.05615062401291021
0.025652095577813883
0.0568617238850373
1.8763893258365618e-12
0.04720498684861511
0.16894980930205236
0.02537616606573736
0.05870931915826244
0.02537614829827187
0.11389746328541595
0.07298433125091912
0.05391596565849598
1.990295428650554e-13
0.028968472139203987
7.302283005523802e-12
0.10392760782887192
0.05226150347063796
0.053637056712579234
0.12816286954113512
0.028635767460735494
0.02529013480217442
0.06938839713079127
0.025376906049820742
0.058324013286866025
0.17226959621131216
9.037411001674288e-09
1.3165259377395187e-10
0.08602458727570422
0.05821996272310356
0.039163633312479434
0.025389988779030582
0.05600707271930494
8.608920713627209e-09
0.05814622361371274
0.05885875996977909
0.07861691818462188
0.025376092909702257
0.055910196525573434
2.6229519714851744e-10
0.05369279661381021
0.12442629538377638
0.1674467889556908
0.03274243019169891
1.454268444589366e-08
2.657934455764433e-12
0.18938781253661055
0.058397234468726286
0.004886737194988341
0.05282420100346487
0.025375939352417567
0.04180151873907839
0.04043397750396237
0.16996065116863704
0.11381340014529842
0.051181404342643226
0.0582241520926972
0.08240716186453005
0.058832225127448186
0.11709396187445507
0.1225550183939115
0.05828339611535351
0.05811249508424007
0.0254644215590466
0.02539907581844206
0.056123988915411885
0.02256851886316666
2.120761284468945e-10
0.21283866989593392
0.058104278217326825
0.07037052443083408
0.025376030084593715
0.049412060280775855
0.018527102585626624
0.1936876816620777
0.13517166068591022
0.22708092032186666
0.13149420898570746
0.058231535549874335
0.14692066767933115
0.13341722621485005
0.12623200708675672
0.05236472532679851
0.21806541847263536
0.025375369118821944
1.0331202324644608e-10
0.129740005866623
0.10191003635942067
0.07467289327658326
0.0357713757339411
0.07174384839798448
8.608920713627209e-09
0.025603471734209397
0.15432911430815344
0.17816353687794592
0.1520309500044725
0.05395561544689174
0.17186358565419854
0.09508708820395742
0.17076478820134988
0.1248888876665628
0.04947710967485966
0.025377727183481105
1.250963288604212e-12
0.22995759890269105
0.02537861447930932
0.00572690523484712
0.06037261974118551
0.0540094525771591
0.07672673764336375
0.0253782305588006
0.14341958021153595
0.04468140219644134
0.0253759376520111
7.856935689824195e-12
0.10187562739281468
0.05384616268233652
0.0283438115184858
0.055532966786895586
0.16018318911822976
0.19647092383466636
0.11052670467801408
0.23943131193868186
0.2324289601122789
0.058549012374551214
0.028469759394095125
0.025375973273773528
0.06992660248470152
0.05215974409606772
0.09355537605508606
0.05214664845775719
0.025377584840334092
1.2231477559564097e-12
0.11365223761110063
0.09259094459699972
0.10670465734033786
0.025375956363384758
0.05359869199321246
0.058369681554609865
0.04809263473159906
0.02569264551176789
8.608920713627209e-09
0.1243877204396558
0.033044650370618635
0.15163988016329275
0.16939884914059125
0.12154583349474285
0.03019925453759055
0.02746808760534253
0.12070493423289155
0.0818695883646979
0.02544420621652145
0.04216249144870461
1.1247868309333976e-10
0.02537533355830988
0.027245047584623847
0.058727881201079614
0.02691417960455873
0.07746346108548598
0.03001847693053415
0.0950637882001771
0.027771913916229855
0.29538180902405026
0.12042484221162747
0.15561144598956594
0.05822432107106604
0.07867724944506757
0.025384095168788333
0.0768194658745303
0.061110625992566024
0.025414078866383062
0.025377760840979844
8.608920713627209e-09
0.044689342349779684
0.058218810001294
0.16480237347704396
0.0597701174158263
0.12360189976174935
0.1493892287849147
0.02537601711853432
7.450655638616904e-12
0.08203886086100795
0.08334048963902332
0.08097558011623171
0.1278915153103062
0.1884707518508026
0.05583838600259683
0.02537736112625122
0.12253507116626852
0.2147528868198025
0.07034695051253274
0.049461283915601055
0.08061729025114169
0.03006854096150679
0.1235602784376615
0.11418693407221515
0.07537927266643354
0.11533059443031587
0.12107930343196226
0.058255599173425314
0.2559282300370768
0.1769690001583896
0.13952892351997748
1.1230400017806333e-09
0.0257580494197313
0.05107896433024715
0.032850373871475776
0.058227189120361185
0.05688449201777289
0.2189058534196664
0.056457314488004534
9.999513686815976e-11
0.058222258536119786
0.05822664005435636
0.015042724903651924
1.2539546771233642e-08
1.5001626411251768e-12
0.025394170837666083
0.025641534761624403
0.02539054172836004
0.0582221551896739
1.825682209941121e-11
0.0518933704010906
0.05821348947706725
0.06814660967205736
0.025501630939725697
0.02538210861202608
0.057763137830031036
0.05784135571296225
0.026094998248525743
0.02871641454752422
0.09935524062560044
0.11675295578664405
0.025498998124160625
0.025704092638267808
0.09068261588345546
0.02537638068789306
0.048839606678385585
1.3646910260930063e-10
0.05830928549340804
0.028502146730491788
0.0837109671291416
0.02537594411210796
0.02539684088167303
8.608920713627209e-09
0.02568435982851552
0.0582243467816467
0.06205197246277245
0.05430738891864069
9.91628159492711e-09
0.05053813698791658
0.025355966489386646
0.07828404276113349
0.2272159772820892
0.025379193330941317
0.056822655748589225
2.8199693433155185e-12
0.05838027608765273
0.02541988726307065
0.027737042856135413
0.025375961975329958
2.106787091043368e-09
0.02541932201552403
0.03181597332322831
0.03879368395195253
0.027245615290465503
0.0433841345177417
0.08522677996138467
0.03402219166087461
0.09151888440327023
0.02537594834965427
0.025376373858803168
0.025375962515934474
0.02537601410361601
0.030831581912456375
0.10768945598002408
0.05682011553612184
0.02537247320281076
0.04513018290230755
0.05822151794941743
0.04529576315610905
0.057927294010733425
0.02537592741993056
0.025392157261026442
0.029372669245349627
0.05808572356977591
0.051161943626012375
0.0729496584962116
0.02865762511696445
0.07727509136460856
0.0253563829307545
0.025375940351940948
0.13986229309067846
0.08553897778948576
0.05832738106660446
0.2995031099536422
0.0161229113477578
0.24921599879119186
0.5102013959349833
0.05820697553022959
0.02542650275843323
0.18374379570462615
0.044951716534141865
0.025375192307587918
0.02537595687027809
0.04894314791710794
0.025459695654222514
0.036848703497928084
0.05772568183198981
0.024206649513651292
0.15362427383618374
0.05522406599097108
0.040308565374599516
0.060564408829339285
0.11311599823230435
0.05545986445471695
0.025392797056493745
0.11054649826803506
0.11471660144560385
0.05872879023488671
0.061744220972771865
0.051258287638700335
0.05351939958062877
0.02537874741867284
0.006446322809163804
0.105481912048547
0.326523893219603
6.7371406784269146e-06
0.02540613554031717
8.637809883562575e-05
0.02185684857584741
0.23514259798422546
0.4091037830028049
0.0820276203803466
0.30363551038815584
0.012866164106554938
0.2610685445645985
0.056640420279926273
0.2232133433203608
0.036773679068500716
0.3571238533983477
0.02555663018606781
0.27524258462873513
0.02133762531899171
0.16220067081649106
0.01969560772388046
0.5854045444146104
0.044078077661458784
0.20107979439216067
0.012745794061930995
0.061462546174367874
0.02122625464124991
0.2424088289871272
0.37234176782318185
0.04977912725685657
0.3693271606187874
0.3423509321090685
0.3939247475359223
0.1791169963634824
0.2849817161955102
0.05461182780538435
0.011467017981408846
0.2574553552642473
5.380780491953158e-05
0.13658572974694078
0.33394685180460204
0.0670249917297562
0.02854751283411142
0.026338490199260683
0.028129975140825183
0.21514113554615485
0.0213423956534389
0.29330679952448857
0.011669335816300572
0.01836146935102463
0.2851266442121697
0.02566160300981626
0.3032767140621753
0.011822845127485113
0.19892405890981252
0.005605569614615082
0.02084383027684941
0.3002849775423036
0.060255063750054426
0.025110652674158258
0.2061039627071556
0.019237295786865533
0.20963404014599185
0.2772103828172461
0.04515736647602867
0.16624480663693544
0.021431241372794795
0.14247087920536833
0.32130610487614303
0.2284185111708412
0.02103849786527305
0.3293402723711739
0.053334958488280855
0.15351055814756034
0.01824447620547232
0.1630395073868688
0.02310633099921104
0.012908783331807974
0.20342064337927807
0.03068909447925373
0.07929878532378425
0.010508359949564828
0.048547842534325626
0.02760583232950387
0.014866393042498859
0.09063373184544328
0.04411158818057651
6.132841359926521e-05
0.1817920694002313
0.04331153042505557
0.12396859480349133
0.06831112176228109
0.040504370152944426
1.7561179068347306e-07
0.167727242282547
0.060110846328359134
0.04082089291322494
0.010713548421941084
0.025376225008602885
0.025393680688382887
0.025375062886820926
0.025413329977433497
0.05902960193939821
0.02587014136352066
0.02540627841523541
0.02370133217306746
0.028246021881054507
0.02560314192510293
0.02537602708213519
0.01665287900560003
0.025394013139320257
0.01743961573894376
9.043059217396484e-07
0.025376569862726267
0.07124313042183034
0.0841021175250213
0.030825238775545983
0.30240398649937816
0.118183354695337
0.2627584255502929
0.07375785612421631
0.20521774236709156
0.06799844608234958
0.1334981148353799
0.11307583749485045
0.20094540360861468
0.05368679731677075
0.04848380795191225
0.13872261954971
0.2152747407795943
0.02841867087698138
0.2516368323596001
0.12260534836388652
0.06120937959663696
0.024306610629908236
0.21309464502237727
0.2086104824484141
0.03273669507873099
0.13370231863095886
0.11258345054560558
0.03623164618070021
0.025331110508806008
0.025613978586609045
0.0750227848368203
0.025395788798812817
0.02540968053655204
0.05332897087998087
0.1283278613236896
0.025374191864952468
0.040800100256316
0.02640850738952329
0.02752524145603813
0.07241520450309713
0.055390603206581186
0.2440440353083163
0.031610043357507736
0.11756007898404106
0.14391832034460886
0.1216148970563058
0.04892974363349864
0.053454844884068715
0.0250281498823359
0.0578518223172949
0.19376531971885325
0.2289379113079131
0.03873590064639898
0.19251861203598214
0.17081812639258567
0.0679958861041451
0.25868274661240664
0.19187352639903751
0.1462292197367864
0.17359703849583094
0.04747402628011723
0.20915956178524825
0.43091721279402
0.06946596092616422
0.12407088179199513
0.025654500259487456
0.07565704422258672
0.02573858481987929
0.025373861958249328
0.09216275645860814
0.03360695534413413
0.025376705716468318
0.05476389643515115
0.18875617339072245
0.08487050164365631
0.05519190432630106
0.08137800974028184
0.10289972600172703
0.12360408528556177
0.03540172181175339
0.10673481979841114
0.12535253977209088
0.04798249299495623
0.029056318911104755
0.08175973664164539
0.17171299754151725
0.1310738148582965
0.10591671318232657
0.11388717083441152
0.16032685479824108
0.23520950754836226
0.16382309842625484
0.1323566107599168
0.08596379468578362
0.02537597675901471
0.11138195148807836
0.0944596459092254
0.08188457462280899
0.060931255183269216
0.09661737585830052
0.095986831045487
0.16902668016550187
0.035170994273875565
0.030014611007128794
0.025375780108747862
0.0531980767627493
0.15173320684470767
0.025423800421593302
0.026517255517798245
0.14459114417397892
0.09732092588313213
0.12078706209468865
0.1124084736824768
0.027047271168042
0.11717253571895232
0.11956182268928615
0.07720818347221428
0.061079213336498926
0.08031856068949382
0.2072420617760012
0.051177213120277794
0.20821647182805494
0.13601763461578928
0.022228227156738736
0.15817744234445055
0.06473831990961622
0.0907388116727622
0.025375916546496124
0.2763373201599019
0.2054357348228183
0.019774447026184114
0.1039905573082262
0.1359066921846175
0.042633993405370094
0.11046800290897507
0.04226451125224908
0.09148039578168382
0.025628263430734682
0.02576177274267274
0.07896419362378093
0.039217176783221716
0.12176225975645855
0.07671535878025937
2.1260982800432985e-07
0.02743705284167977
0.02538435652931004
0.0559776037378576
0.06203569744000651
0.06650391958338618
0.16089974082366792
0.1742029744568053
0.11925296046603548
0.11521016853185392
0.22711626466831644
0.1325185098248835
0.04866775350150973
0.2467277384062977
0.07734435318765273
0.14159913134477234
0.1511199714896239
0.12134729519601872
0.04396344730666299
0.024289895850953945
0.0831787024635556
0.08777593575348662
0.07635892705218268
0.10905695112428417
0.15246925371740122
0.07742699970824425
0.052825738321598086
0.12070862792287693
0.11424373227141316
0.07114848811805186
0.0835965988195968
0.06088868941214224
0.2163801313868436
0.1136666519507466
0.04784824574932787
0.08526981632094596
0.08274258416273156
0.2864864352081489
0.12749658451979096
0.11171538746551712
0.22858442598253914
0.1564419112437795
0.08235269387885606
0.05630097126035245
0.06043226470155962
0.3189683268030293
0.08189766033675924
0.08744558846183935
0.09305569358827992
0.07672094501347745
0.15425522382427553
0.03557125985921624
0.13550086434117475
0.2155235060733618
0.05478841478426736
0.03303631256118689
0.11168536652934667
0.12170071344170835
0.05809437367089588
0.1280501159102259
0.10249813647860777
0.12269599549528168
0.19155478533321335
0.22210547798927216
0.14380324353436752
0.057598720481750874
0.25841408687144723
0.15848804233260566
0.05101077972540306
0.08107427371591476
0.2418087844541663
0.02543107324448106
0.054771376565734206
0.06741455626990987
0.04142081927036444
0.03973364228032608
0.02544882507737972
0.07601345817576813
0.0989076732152329
0.049932968377908726
0.19194876151927792
0.1556654708427869
0.04754248517710216
0.1328929581185073
0.23404117720713116
0.0766187220853399
0.25485547339643216
0.18577954543514608
0.24249504175127096
0.2437719077606963
0.13339258828382938
0.21926532529216786
0.02540133583729972
0.045246448674181164
0.12519815179143295
0.12515658236510396
0.03688586133601048
0.3006087268507864
0.0259924985826139
0.124004891982283
0.05771858323467442
0.2577186596827637
0.20032144653821848
0.2941865195150287
0.18054755268120176
0.1514304854628557
0.11799690766767901
0.05037304488659729
0.12514293461221307
0.07265763718109004
0.05164741208320101
0.07588072223325036
0.0741923394508677
0.02924540556819026
0.02537633855964876
0.025377116272780085
0.08877848745128901
0.08498018726967108
0.025500214013725542
0.061650866894774586
0.09513895252270044
0.032998005629082686
0.4257136115695289
0.036380384112087834
0.06346860500419006
0.1848153924480256
0.08704739333683058
0.03254610131446055
0.08676552054450844
0.10136540054212052
0.09138143387487144
0.0234297296760068
0.03296248733626468
0.03885356157617297
0.11093897594186984
0.027412684588934914
0.27733292110230523
0.2881161359683713
0.2187427310721841
0.17830088138833844
0.29592214323181765
0.062177437224601874
0.2546918953364762
0.10506584146385936
0.05265311628872391
0.14236477682210796
0.24178567346945035
0.4347274254041529
0.4293034681612691
0.1183402639089558
0.1262177456024208
0.21045541819399646
0.39320827962753097
0.08017139881582441
0.3045160449104337
0.0982854632134714
0.0681335571857601
0.1352061116611166
0.3756004934454711
0.22690568387986726
0.2589612882806082
0.08566569151311207
0.1798855137010056
0.12556602174200235
0.07135593922544656
0.06782938120382928
0.3224276890070744
0.06956758047293223
0.08279447221842999
0.11147256117176517
0.1695832204899415
0.18275604608586632
0.32707378275174903
0.1026857155791403
0.3063156283811345
0.08658455419764198
0.07320214536942793
0.06667363982282314
0.1897346771149948
0.148537548097147
0.09703979973277824
0.20146784536735354
0.051464182879441225
0.04057833085102698
0.06082644597276238
0.07036551018629436
0.07792092347148348
0.2099190055132673
0.13495482095908426
0.09226329129042744
0.15773082587458434
0.044563571632502685
0.03019622933481432
0.05009183045402416
0.18860809009112245
0.18470651008148928
0.1772241862738256
0.027126032011506356
0.028642306766151857
0.025380419201779497
0.032687153465250814
0.03757277040076717
0.03658592945595302
0.025376292162463
0.025581253324582758
0.045258559448965584
0.1888167670691963
0.0926380882406227
0.054795567951191136
0.11132678950387148
0.11663489221852134
0.10977916588406818
0.2420834591245953
0.052850496614567616
0.03629897281321799
0.20086618872752865
0.208971389859072
0.025376393921385482
0.057640816421551264
0.2149385515451581
0.3585206329555079
0.15298267424581807
0.05929807289639313
0.14841237915141575
0.08331422461472306
0.3557434262826457
0.05733838000935418
0.05508990675579301
0.19806360187378427
0.07006959050567729
0.11953660904730838
0.18154012347174994
0.02711491452177994
0.07760180377823095
0.27153965324750656
0.3673480414174648
0.24481700625566424
0.17859958662875544
0.09655482470024566
0.16111844676323114
0.29763011642222725
0.027132519241366837
0.21289967866956191
0.02610135450645256
0.3616751151649831
0.08117921693951538
0.14483803657056787
0.15030481109451824
0.026833764150407054
0.14442622169781416
0.08748058141069652
0.05124578271129628
0.12442176204224766
0.1374784683046741
0.061280625057800714
0.07478808171589056
0.1477204647389751
0.13057381871294124
0.16168672792257188
0.24289195026894375
0.05389852372578301
0.025431965268921945
0.07518608525224309
0.3346791388353112
0.3817081254969149
0.29453309587609805
0.05098612331555825
0.16916506630719327
0.3362559693211035
0.09546970025184384
0.21306003192315234
0.5344735940023199
0.28515550104610665
0.8459092073941542
0.3244010874460204
0.06175054545957062
0.11717532959069164
0.26641684477174604
0.196877760753551
0.6564366002125378
0.182371259954312
0.13902586773556766
0.15623564589472475
0.4256274276708676
0.05943712047164219
0.24595366450411466
0.04355749917550336
0.028169634152471694
0.21683398961699624
0.2796409187859136
0.13826077666692824
0.13535437412967027
0.4354815480991418
0.02544836594156525
0.025366799348990183
0.18768420550462067
0.2516600589034935
0.4346480187474901
0.210548848299876
0.15998794331566135
0.025453822824479947
0.4006489329019331
0.2613991830963234
0.025376799071298112
0.13822406880919905
0.18049499379916256
0.0494518827267697
0.12724280322336556
0.06396431159919208
0.4158449171510505
0.02934782420478478
0.4314721474439461
0.06820753186392116
0.08742446890771448
0.04356954775347294
0.025396077209057018
0.11033474592078513
0.11085765849419384
0.0480299291448169
0.09484759732782326
0.05943539387305057
0.0253800797744532
0.11134839998413593
0.09110841388315127
0.02538854357472425
0.05120226722941669
0.11933491888621647
0.02586437730836861
0.027684731169969185
0.05822794074794853
0.04985816566798253
0.05025039619740769
1.0185387039653485e-11
0.05408037870688005
0.02538356600509271
0.058225980567670026
0.020815171632826427
0.02537461789522195
0.025382659380791792
0.05640746634495389
3.808948177992542e-08
0.025683800319590232
0.041406706711013486
0.05824136901110544
0.025374820972147532
0.025376180255629
0.1276580703876444
0.16305779398825693
0.05210325776507766
5.897007709355323e-07
0.23348093867998876
0.1717554362438906
6.830468951559314e-08
0.058219843717963335
0.10733827451209353
0.3321366320274769
0.4288406705137981
0.3800711217762344
0.11577464985695733
0.27119344106459425
1.1801499374638031
0.3913861552341921
0.3566819911106481
0.7748787363859144
0.358839188822668
0.3115648442959385
0.4352116816526667
0.3178631357157076
0.30054825233622257
0.35885489355980343
0.301650869620656
0.5113050794103284
0.317886174456722
0.3823186133430653
0.22121958221650548
0.8096524495139951
0.33302155194329336
0.05693177250822928
1.4582599273229908
1.0226561042822402
0.3589399478248605
0.41229934691643016
0.270927946293061
0.12903293657687082
0.5250470958703218
0.4497554631889109
0.4148097909265578
0.439969325121743
0.2798481427108063
0.11015749589703862
0.4345889784813621
0.4054172786937501
0.430286757300983
0.3445506140217561
0.2312766100624365
0.1416210227543611
0.42453264088507625
0.26536245200908065
0.4337832548157997
0.4253232228523921
0.11780822509214725
0.43736976450483617
0.4450796416627317
0.2840438686717031
0.10329200123402718
0.4330184773341536
0.4388760742104035
0.17045307624430864
0.4330739380214665
0.13198871564719766
0.1289762312089235
0.2526906932663257
0.15533464309333658
0.2985516563509538
0.29679114116893834
0.429285823151793
0.4621142781743416
0.4076171287737584
0.2312835537339125
0.4094818145890477
0.6371203861974917
0.07027307864173991
0.13073319418350773
0.2955711707734818
0.1737745029726241
0.4375844405393219
0.14616290017657238
0.11953995430852195
0.2965239097942821
0.04571372994669178
0.3395548871494858
0.14100167997306187
0.02595505745146029
0.1072726413452076
0.29468497024151913
0.08831673631869003
0.4366973521266552
0.28552302195166224
0.2545637114375789
0.08350899341783062
0.13635236043935148
0.0663813624519214
0.22853104375635086
0.025463189228218646
0.17203510669963376
0.1853402444463265
0.21902488051964986
0.10410373021830407
0.1665285877396489
0.2745584060711476
0.13024712642058406
0.10106868407488348
0.3202929461163546
0.10091317331785224
0.02180832712653433
0.21724629050101815
0.13094712269573155
0.02537648598620196
0.15016998091654446
0.02537607017215856
0.025375814141607514
0.0244304312606614
0.0789464495619639
0.2947768332975911
0.08461402915001398
0.05216201199936405
0.025375943817356018
0.1932709603541515
0.08498613660814748
0.11085474420332192
0.06485736258182295
0.4310116543574782
0.16978981911348515
0.12327364780202132
0.10086011690877457
0.2359658817798757
0.14247288525342008
0.057013481958686864
0.17691651589131774
0.23592782715919275
0.18729347489006096
0.20553201554905506
0.1572461358254597
0.06099112443694527
0.4216142779928773
0.03324534951253332
0.025373238387893456
0.02537605175789384
0.14083465027905587
0.025375922753826347
0.025457355863691317
0.025372320087955508
0.0263592569534324
0.02528398870871713
1.2942437933328356e-10
0.0669218081011783
0.025376147612397416
0.06294729375223168
0.2595837948191549
0.10745794532441882
0.11295179688195305
0.025367038805261442
0.11434622499986732
0.07822772342680613
0.0761016630805761
0.05737735302855096
0.21244991965832397
0.11205881793440467
0.025379960531668282
0.049515943395576266
0.05945439643888643
0.025417589629773314
0.08799889749676973
0.025382303681817774
0.04629896228441757
0.02537597687538649
0.025388496484319643
0.046020501884927054
0.03043113213108401
0.127120067747002
0.05898742206346276
0.05040465746385419
0.13511341375152158
0.03790610522008708
0.24413571674142645
0.18204275559439845
0.003381504872842192
0.04903319322647407
0.1392793953192221
0.0256579969849972
0.02537596423193708
0.02538347755157517
0.12401695385734587
0.047653230352141404
0.02539974535807586
0.057173619530425525
0.025375855020188395
0.02537591175979665
0.02551419269789871
0.03066316647890568
0.057693544679079535
0.07933372366009554
0.05425243310693724
0.08839223793381433
0.15644268973159867
0.2131911291120198
0.041948224692551335
0.04657688125391945
0.22966596919509724
0.09154240111865873
0.060961575897953514
0.02553911726169081
0.05909907978572459
0.026526500770694298
0.2280549072579237
0.3401755708931005
0.058988162797920664
0.025376825718086124
0.049674361708750316
0.032363568158314135
0.025380429096129205
0.08058366461883837
0.07430501539180621
0.04465407942493611
0.07234693556219186
0.07451736133505947
0.05831196346811841
0.02537657609341445
0.025383764575474352
0.03396863182952891
0.02036317470312058
0.05828928921241607
0.038169018016015854
0.06801713507832859
0.051124282502622284
0.025412450550486326
0.02547356613553359
0.05859165852237237
0.02541678066578416
0.07847538419193044
0.018870289909020437
0.026484403271323332
0.03794248083424394
0.09401149818329822
0.11489198433361712
0.020742761435092284
0.02556924158778945
0.028052504675344463
0.02594234267849219
0.038471145224757856
0.052745080249050814
0.13719486574774326
0.14838566579050216
0.031260986650780816
0.04615165277434709
0.07767464293788474
0.12714472447121974
0.046767001664759986
0.07989096868223149
0.12958774617290267
0.01149680106676056
0.025466927657131443
0.024560906093320088
0.1840456424126933
0.053312244640963284
0.01995873753686041
0.02537700910319209
0.12309627452423395
0.11478676051134043
0.025568900571601823
0.025820738732206656
0.2414269988012809
0.02537950932855302
0.028834002800146006
0.07514951156542356
0.0743781133060452
3.102320821436634e-05
0.0273978835545742
0.08955271092213839
0.10136074448623544
0.011546203261113577
0.025389445717113844
0.02537610184742915
0.010191461156951331
0.02538022560436367
0.03964638770493467
0.029546913623825975
0.022455893654336544
5.071388236380622e-06
0.025389368147481717
0.07568564966167175
0.024177898090239063
0.02537073998093467
0.047020087874762966
0.14576143423807333
0.28251324631156216
0.17196844934728728
0.14287746713035518
0.24812765608840698
1.0649441360024468
0.09567624308922933
0.2505289270863333
0.14793228116331986
0.4065154402009599
0.4838777668819879
0.14917371602843052
0.16556455560220912
0.15936050250267497
0.08435580846146186
0.17211709515013987
0.12351780818328205
0.116032163222348
0.06234612102576145
0.1717144034353233
0.08172055238747207
0.08884342884843884
0.3047874407240783
0.09397531699249564
0.08898784807383567
0.09852238585699001
0.16591628411200082
0.02341761313434309
0.02537773830827152
0.20364204554300333
0.07033899258202689
0.09652176639120673
0.010689109169707616
0.02540199493041693
0.1238049737908304
0.1631501178510974
0.04817755367938482
0.010041801903830005
8.293902333704604e-05
0.02103435670881348
0.025432856595673042
0.025377648502682985
0.1261039867023541
0.02562509539834893
0.025376012888529545
0.044868149571627415
0.02115035807802876
0.009716568647537636
0.010026221764509723
0.02534727841397937
0.02537650587343129
2.3804506927315986e-05
3.48438030640982e-05
0.025377863572517367
0.06447281007427165
2.609514782243212e-05
9.057233735329324e-06
0.028875375815395725
0.037430584008850167
0.02533479302811709
0.01132679942432534
0.05510017726970732
0.02785736516682968
0.14826914142756614
0.05949923571341392
0.114904355504389
0.05537136423487248
0.2806019634370229
0.012066849129961123
0.1096645167476208
0.023420224078248324
0.053052294061666234
0.17221243884692958
0.02291408199073459
0.0716374389889091
8.974290796608252e-05
0.045784269555156416
0.11911524924616705
0.02525904878423177
0.0644992381923137
0.09735779161070293
0.11710247529192525
0.010028601570748485
0.05518150190254531
0.07997477726182907
0.05905499859836982
0.02791572748926614
0.025818697104962696
8.307977562658669e-07
0.012670940500371913
0.010027976476570732
8.166319698778404e-05
0.1022910571622936
0.013995575459860049
0.025379940682562843
0.026777727663506026
0.08429960691746004
0.010029421551222505
0.025378160824698195
0.10495668603172778
0.1563701769911483
0.11825861057081954
0.10513685484938316
0.0841095468144373
0.11683920389404714
0.13059589620491194
0.05076488192995093
0.17226545033377533
0.1495561810800172
0.09805367794275116
0.06273468521681792
0.09249428987576523
0.3284363354192874
0.09369868916698974
0.28741150436877755
0.11700952201222176
0.1721812443683006
0.056679282731593436
0.05817118336134899
0.17333266443448495
0.0599665669992696
0.055416364068718124
0.05314780582597309
0.02619118176324629
0.041153978784748815
0.02538888173045679
0.015426840300363443
0.011071961381595644
0.11087368181489826
0.025379349096073776
0.05985519343662867
0.02020178143624073
3.5914072523190085e-05
0.024954135370674643
0.17764575106383534
0.16792221746289598
7.766374860704131e-05
1.3616952916621565e-05
0.05542939743301427
0.025842401043657197
0.00010463699563305627
0.02526393858843209
0.025494264828691302
0.2715167635452785
0.0253768928437306
0.2871187337349555
0.02841230738735256
0.2225323035327568
0.05458454399340525
0.20588138852777435
0.10846225209413793
0.1080872147528028
0.08396539435478312
0.05550749234803831
0.1662146951045904
0.07361700844146964
0.025423659351820983
0.0270766566617214
0.2260657785238613
0.12949328319379094
0.06171884004671858
0.18666432266582506
0.09576667261915303
0.06828230061782396
0.05895630155915413
0.05020120218423065
0.2291526035371986
0.06333881406395997
0.03874769217495422
0.12622379465876835
0.2061732083996665
0.027951388219051104
0.025612955001236344
0.025376093638011327
0.018278115310688646
0.02536447737968579
0.02538372687410996
0.025606507944473892
0.02528121150044289
0.0958091260175808
0.02537824707360676
0.04304881727884248
0.02533717283871996
0.12263383922334288
0.1734502191948364
0.19521162428554012
0.04219731421133853
0.12465215988319328
0.13040874633965435
0.11756305583490448
0.0250736329396672
0.04262547972147316
0.1441050519757419
0.009840542280619964
0.11784691229119815
0.3771398908590407
0.025590163844088056
0.08247581213814985
0.07387178841502001
0.17253567617354226
0.1331243638085814
0.07283096803504402
0.2635710907536573
0.10937231829447323
0.010954261150634009
0.025380993313385957
0.022711204526387373
0.10091221344012734
0.431760693215623
0.02563607246951707
0.010034023690264151
0.035848517874733234
0.02190191994417593
0.00010838815545524688
0.058913516387155175
0.06233154510187591
0.025454421534538918
0.02497076165438851
0.010571227926819351
0.044922819210476465
0.025441261455805924
0.01005949533746368
0.031660777728912716
0.025376592299739816
0.05834268984269988
0.058534163665011026
0.061279543317444826
0.04409231310368217
0.010479839107140392
0.025398089172786
0.025600583727289416
0.01003730584102585
0.02865495923293742
0.0601564810680786
0.17964846460281214
0.08457168825916586
0.015911972211728888
0.079593476921133
0.08125289529994834
0.1351093643232818
0.049216240529587084
0.13122988353476925
0.15389801656885582
0.12350176095126444
0.34442825226724605
0.1505281473431492
0.08114990156904342
0.06615607350613195
0.14793452013160374
0.0637591204288747
0.11512693750035095
0.14883938910600572
0.04626798474364818
0.1174282692376934
0.026002080577567446
0.16550660209050475
0.045497483524317636
0.08804986502922288
0.027587390650174716
0.01134559879308448
0.0005912364789515407
0.059128373589703916
0.00042173747546017854
0.05030734877175012
0.02829883797052345
0.15164424756735045
0.13970908228422468
0.01909128836758929
0.12965631583007597
0.17406908210686894
0.10853585371896902
0.20036881926921699
0.22015892025914172
0.12751773825587295
0.2574185332162299
0.12901451439264255
0.1084495750301713
0.2750252478549511
0.0864605358019319
0.040263384997253925
0.06768662023985159
0.12961199653024352
0.16014065786876935
0.0002536349908951573
0.14163303475001374
0.12503301707431952
0.0626070126196905
0.11036529374006042
0.049491207961123766
0.1535222962535039
0.06940996913353965
0.235297154296194
0.0984375077943459
0.1239752366410908
0.3724011093165308
0.0933962149573916
0.10918228433735473
0.2793227122650216
0.35228614321713997
0.3988098392045382
0.1584480620367878
0.09660763338212064
0.06887828330047625
0.05326799763603321
0.04938082947823727
0.0247294475187909
0.13630827954415262
0.059680787106978675
0.07040923777029667
0.00090926238993938
0.01637227477406997
0.1221850819132939
0.09747704375530084
0.1328989413111194
0.08608971246961464
0.023349541908779626
0.0003130532970095002
0.11893310567045147
0.3395525417494838
0.3664896099697521
0.06699902725136182
0.1004318966605115
0.05021234500693169
0.11306990802033595
0.3917475403264917
0.1261331975366869
0.2067722722624961
0.09344943683038033
0.2741518755084572
0.20862743138038897
0.02537595212914216
0.052271063496706266
0.053269786362423056
0.08131823687118069
0.1651132954598187
0.025355229584092632
0.025401770195608915
0.047572541867417946
0.2905599001370273
0.2564281891396805
0.1524018939718619
0.3980778807322508
0.26195218925037805
0.15176989029872134
0.25043706143259936
0.3412481961386834
0.09290574865705566
0.19538821247323368
0.2942018422153503
0.04576406242967648
0.19715986918173012
0.2747301558640996
0.04930484314379757
0.10402789146543337
0.07349705134026523
0.053171477876251615
0.05062765484042933
0.02534588817590756
0.08063453940906043
0.07432218027490027
0.4153781388350475
0.4236842441283376
0.36955734966713977
0.19971273827170646
0.30727797751861285
0.43174488932419225
0.4359393442561431
0.4364220484803876
0.4322525917179801
0.4351537471337288
0.3871073621539979
0.31263628211147954
0.15149338921303562
0.26795142785603826
0.28983525975996954
0.050594669301671225
0.20016027264691974
0.0923720150906758
0.14809878327019466
0.21960194302910835
0.05684790415462417
0.27890460084341256
0.14049417159743235
0.26555292508001954
0.3602278461329081
0.43420103615534295
0.2854826558261113
0.18312989775211155
0.4352760699088928
0.43571763543187786
0.17590289638587692
0.213960012133286
0.4239193193394069
0.34719762931626125
0.05041303406950537
0.21666840179623806
0.08899355170774638
0.2548039877487273
0.3193858894140353
0.0293410948164678
0.21294369967838025
0.10248332587697777
0.08781263723170284
0.2117469664360873
0.02533377956691544
0.4343038278875031
0.14836210230018548
0.3838428921277721
0.29888601227602885
0.28413762591346753
0.3806026671905984
0.3805638917246792
0.3425231946032262
0.2857274520646844
0.21372677746343974
0.4121475221349384
0.3792197947562129
0.43511490706546063
0.2393169397909983
0.09982372389100293
0.3949842801765208
0.2497542901192212
0.057031353676824
0.07427154188213157
0.08995756369601737
0.07749362906655846
0.2460057485155151
0.025375532054722042
0.4049677481131454
0.0975706908095022
0.3030923983625673
0.4357195231085599
0.1810751691391279
0.049271026781072806
0.2851387809488969
0.4202320758702972
0.2757400445350649
0.4347567835379152
0.42623035944045934
0.3112879077202987
0.3288489457962607
0.42021643205636255
0.14715025309924842
0.3396573206142618
0.3586576571273143
0.0842949502250707
0.06709237978348735
0.13519342869712686
0.10361004747445786
0.15358394457742458
0.025482370060006396
0.4475582768037654
0.04875753828724117
0.393684681126291
0.4344850756420195
0.22127533490549675
0.4167678336160388
0.4332692433080583
0.43401709011048706
0.4313843182946844
0.4158624021673039
0.3394021199928628
0.4305532400258312
0.19447726344505803
0.3283687233068834
0.3345426729708591
0.055128713159707264
0.05049837771234628
0.1035653843601728
0.08727256091761677
0.25307357760847643
0.025375875416095442
0.3923904470261191
0.06611522834231573
0.4256003514520364
0.4138108347388677
0.02778780829000073
0.4346791346199584
0.26458433011026883
0.12054741632891243
0.07002756600098332
0.4110346289094694
0.10283398475584236
0.20930787012612
0.2547923861970264
0.07241343947905737
0.2855219460488211
0.25182857639016154
0.04970189270500477
0.06764419752116857
0.10378573350276163
0.10910747936203087
0.2264124740699559
0.026842789587296127
0.06629865706351526
0.155760292786147
0.1540313738495526
0.3293102125108184
0.3115260409103102
0.3132463177429821
0.3756068480341322
0.4036098448863189
0.42563047551017374
0.20632194267009987
0.2910275062434029
0.18672794346034075
0.16946134561457696
0.1583429060791931
0.193605800526965
0.13685621731198427
0.17757054689280985
0.15293307993259966
0.07788951188032743
0.2815078780959807
0.11690483782511055
0.4046875794539144
0.05859958333364795
0.05832573793753761
0.2921250268511545
0.17358145455241458
0.17285879908916044
0.04363550749822792
0.025377273650175003
0.0892362064744595
1.590961341400737e-11
0.11098986346033192
0.058349513221127275
0.04705799952155852
0.1057176959240732
0.18900829630906044
0.04694176409491057
0.0780021185495774
0.0803174606149156
0.0902001637800608
0.04585371470697208
0.10654755821535394
0.10712244637281204
0.1724510817358628
0.16990835801076162
0.05056742148090266
0.2918231860188117
0.04661589564276269
0.05355410492775252
0.06105362612329501
0.07272294984180662
0.11502584058586633
0.10166914405692787
0.0984342394751134
0.05347967718203358
0.0920707914968067
0.07916205382932966
0.13113006450609807
0.11155936952643583
0.11574553909000945
0.1586239493170533
0.07315743134544105
0.18068389129759027
0.1946207138934411
0.17807802767431272
0.12211573602127372
0.027505169038019108
0.1293447131940503
0.18466320548364146
0.1893340305985427
0.05655692357196341
0.091658595782742
0.14032649545281456
0.05088163190962331
0.1346323314342115
0.35672958039517805
0.1005680197098736
0.15205168120749868
0.04908924490769706
0.2304834067185753
0.08088349468088682
0.18523167230248425
0.1318792697812092
0.10019062267575476
0.14812731605691673
0.08321804783819214
0.028003212151592863
0.16484786574460647
0.13516171327444712
0.20256573609372056
0.15452546844659454
0.14667739559757026
0.07606508560488527
0.11533790729365173
0.17499057141488011
0.10023916363047568
0.1350727596626828
0.05085188088872804
0.2517984104963391
0.2874607928171124
0.14062887508469338
0.09802638649447604
0.11956195090073933
0.11781934373168215
0.11865115012271245
0.13470411330297044
0.08239673517877448
0.1948467660465231
0.08549421776030876
0.05057632533495874
0.1132102741625792
0.09637414435122453
0.07739719356692129
0.08581690312676421
0.033533139719135366
0.0935390403641413
0.1600589192320488
0.11978847854692867
0.058264580675437924
0.3606008704669802
0.14515021912867676
0.06075606747914052
0.05825913059807901
0.07528189610936803
0.030001826770316344
0.05364597913526073
0.16368957295296405
0.24778585908572826
0.10517898528422928
0.3258015098959879
0.11095240042876887
0.18393524708294295
0.13351978256851368
0.1261623967657677
0.07023975108127331
0.025628347135084002
0.07850951547371643
0.06190680423298305
0.10370293248656816
0.032763542735272086
0.08994384154905125
0.05202494171382744
0.13888474477836124
0.05529044489036314
0.11396513697823228
0.0961739395084014
0.04561943146061568
0.0755390324940583
0.054867035029884215
0.04410970216375371
0.05052235892631207
0.053798908590850715
0.05969990530095421
0.05802304707032396
0.09738602648696464
0.041495996052006816
0.15995365351021953
0.025375964135593017
0.05535887705637005
0.1314162291201397
0.1363770470616531
0.1274069660832496
0.1260400816958228
0.04837678536892805
0.052867287430814536
0.02540032640553648
0.0313566367646494
0.05824020059665708
0.0853538197332775
0.0605697645907332
0.09597969506750696
0.05827533459965253
0.05106918214387736
0.04801594187807113
0.2491107201937178
0.049519462213187836
0.07210372416985764
0.05715106635708926
0.07669963724896156
0.07769543005082408
0.1031117890015342
0.13413104362965328
0.16879622123758228
0.11253124086426754
0.07905561903247349
0.05784810983324532
0.15686904800049487
0.09822849355778794
0.05890113791497301
0.053516007668735883
0.16172597057793567
0.07076914831586477
0.1765883593543176
0.10901842639794697
0.11818484579321775
0.046993981119028715
0.13430068691807195
0.12424228930579866
0.08079221226746762
0.12242185075703582
0.08918752192063156
0.05132930757001681
0.050836358995609635
0.0132972200828132
0.10223890142098196
0.06749633605149626
0.2335175579597183
0.21581059706771924
0.1638276896360265
0.1710692556499087
0.24636966234279295
0.13703149700590478
0.118811829621354
0.02630775705322717
0.2787436702019683
0.058084618089774324
0.15694194557727062
0.07818495677989337
0.13476383117342516
0.0569251387590489
0.02535785042170441
0.09380833881032907
0.2337054361135765
0.020471782504478488
0.11261695038718825
0.06594346859550372
0.10880320932226704
0.051539588654642365
0.06622181794863766
0.2726444067676184
0.23668850114817794
0.11260047201356894
0.0981973401486368
0.0622214974336522
0.05372494251354859
0.09266810902933187
0.3309787894555803
0.03803042672867992
0.056761818815793535
0.02537567273661116
0.025376175051891343
0.06863665362730632
0.02595656064674004
0.12494263294965287
0.0568682942959816
0.025375430776530844
0.2124426554449784
0.05169918246950359
0.3749113039267737
0.1799961914095587
0.09054459225736487
0.21101909690072534
0.20326953143638368
0.021900468507927127
0.14812440704728824
0.2718841398710825
0.04770378620295623
0.023956971578915336
0.19299412124535892
0.025452576949620567
0.059568248483987625
0.21771243731491025
0.04009804203020512
0.025407191056505227
0.027795497041522017
0.035520846324027806
0.0002798872460594587
0.002329438471182708
0.00027989541082789845
0.09015221217078044
0.026252927729347064
0.06252754750340749
0.4208335224405931
0.42872169198436094
0.0002130567908318398
0.00016657675616139043
0.10423506937871503
0.18907909245110105
0.015316055560874932
0.03113131968403149
0.025387217693297985
0.07302514249961503
0.15014503385953806
0.025260211830090425
0.09480363080244067
0.00030508405322678096
0.026200617943747048
0.05982992720042884
0.025387787756067988
0.00027322748028541557
0.02487155971407164
0.09649706716785633
0.04814343621807593
0.28069389673942885
0.05476954901254765
0.0013108011939038384
0.1651576795730729
0.0714985668329862
0.1754657445145648
0.014835451905897006
0.3968569427996467
0.294252380708926
0.08269204936274695
0.42549413729750135
0.11657502726931765
0.033977668868047865
0.06468120341754771
0.26822774355398604
0.9858995655733709
0.4022046641568613
0.000330452221809321
0.0020103351442324496
0.09720545883422774
0.3075931059102502
0.02580774569961589
0.00010057147592987187
0.0980948889371814
0.00013017588377680725
0.0015179263827630892
0.045897267649165616
0.0007821560293544585
0.05552578286032366
0.00013018567700932217
0.2783367608949831
0.06404716435410597
0.002029093025421866
0.001237752358497513
0.025401424277000557
0.10099893783450148
0.0004595200093531347
0.002622170191672161
0.1012437356281886
0.16094315202350554
9.779232156544815e-05
0.02539100090634654
0.0011892497545154682
0.15202632377046327
0.0013089210223738547
0.0003319414758867293
0.03330381410090473
0.07955961495247943
0.0003104819554788645
0.029103020647953788
0.2931145424580767
0.02565249090270057
0.24241900183927426
0.27305641957077903
0.16300585692127467
0.08150078013971111
0.08507933173900215
0.5611632622221603
0.02540378726348781
0.06516553469247399
0.0002682731438599137
0.18350602688074824
0.0002683229027033349
0.0003418104741897048
0.05911383795961238
0.03563766824062882
0.00026856900718043937
0.0006366732659494484
0.02550718365381273
0.025603970087998036
0.00014440799422926892
0.0009537805884601336
6.18415134295958e-05
0.025406110138968884
0.00021169500341532136
0.0002682744463915291
0.05629565046141729
0.060688173330136215
0.00011193560822214487
0.0002729395982314572
0.024172526723970876
0.025430306175503268
0.025402930916285867
0.049708344302569735
9.734255222370706e-05
0.3861825645309056
0.013036496814793729
0.02640643590758865
0.1063186503020892
0.1305148217999701
0.01011992145772627
0.3207461472219049
0.3040668890670216
0.05878180544471441
0.00024093561349709043
0.4349644133935336
0.06685441878092815
0.060461470455351
0.17050938607282246
0.08752927042992932
0.011541273461960402
0.00033790386904738936
0.00653316828792281
0.40670121184841096
0.1089487006955494
0.09267093908284946
0.1180360280260569
0.0020514414419904523
0.1981727031501334
0.0016107142686625302
0.15626647961862494
0.030198848175120762
9.787321324622732e-05
0.025937609846716347
0.010081337916320238
0.1897383941052166
0.010253961131962324
0.0006155049168957684
0.07562289990132659
6.183490851872758e-05
0.0013177870025676787
0.06023937244718512
0.026963559191919933
0.026394994226269345
0.00029181509000237617
0.00025879748866020286
0.06879787522298632
0.03400494436168365
0.5347612212724732
0.0003501745976946192
0.07454689506891529
0.025511746281152242
0.20067448661541265
0.06842334022590943
0.30715710009675656
0.9999873927912956
0.9999987283972044
0.0256205347292234
1.064241724962016
0.23251196546482494
0.24097397120769914
0.02541693863447404
0.5095313835632371
0.14126019076693233
0.006278192713384586
0.0743431627270091
0.0296974994089855
0.00028653100773600625
0.001158242425637199
0.12010186385445495
0.17787815737924134
0.025470931153609537
0.0002682674652033607
0.27963901691158244
0.0277203439790207
0.0002802526511870233
0.02542691499030824
6.182928472132076e-05
0.00042333463823644886
0.0004377649875496123
0.025388392499513964
0.024859536399918145
0.025242053231263748
0.026504880034863183
0.052763262529123035
0.0264246499138154
0.0005922464218174082
0.025472257649323333
0.15516274789835716
0.09153844902002573
0.02553095180986746
0.031633509411102025
0.06282740972597503
0.0012541246120111994
0.02543263328133505
0.059245032591206524
0.02548161608688261
0.4352056832761596
0.2279626080712101
0.011118992546933463
0.0249737523664426
0.4357211307095405
0.0891564786043463
0.013094060885569369
0.03144472294221645
0.08200192442571884
0.09033219473072512
0.011005614845541151
0.0019827704729220392
0.2970578049783341
0.17166254377000684
0.001190717296886118
0.02663961984813277
0.05754849926826234
0.21800647678860768
0.002183906306390748
0.025416427337686644
0.1860680929226773
0.025498848961883463
0.00034760845660728064
0.0301613737815076
0.3049105456572758
0.0027827031994150987
0.025873243378209544
0.5689492934025264
0.02561685078776007
0.025807166552231003
0.00013016664397039955
0.025320529341327367
0.031590220516108866
0.0005908126280959134
0.06338594245281551
0.3479832876572197
0.025458756409292974
0.0013133860759222107
0.0601137014569677
0.27035738349491817
0.09236800267060626
0.0003051867800179166
0.4259611003913954
0.43456446996211867
0.04618649722876681
0.41595776607724827
0.0938011792041953
0.030069973519741132
0.129773794179157
0.025376313491479164
0.12245877820706627
0.08066729328719922
0.05999386147761665
0.10938304525128366
0.004754491464204547
0.025371046463751917
0.07213819340285982
0.02538899340077986
0.02725815382867157
0.025356212480670944
0.10553280237518883
0.048877456625839324
0.0704092434901708
0.08378420649352825
0.13033322605031572
0.07621514397309259
0.11816390677279524
0.25196215262063776
0.025380642594580567
0.09206680039315293
0.1440044208689715
0.12627616042344042
0.12700532463662464
0.056677204046591885
0.025374049237899397
0.04441452941658082
0.08765299696399724
0.12670857501109933
0.4528681693353739
0.3905979272889247
0.04993768183854833
0.07731886782901258
0.10055096631060552
0.06432528913497025
0.10621950649410404
0.15720218268478395
0.013028892161405393
0.025340585371604208
0.17255433819752386
0.07662935870218815
0.20589117329398304
0.12759687006254902
0.054652901987174776
0.3175383130358906
0.0223635491038289
0.17521859283183766
0.1617373947932858
0.12803302744892356
0.1283528833213846
0.12696652032620545
0.17395934711567726
0.052663183630838814
0.2485466347823238
0.12560117397352374
0.11878712668880312
0.1836487615587124
0.025627060142898037
0.025388298036809736
0.11441693462899205
0.18500467318886352
0.2024135238320842
0.16483913309064122
0.2988491273096946
0.10013170735180398
0.16090262031015573
0.24676622203807985
0.31377799725539435
0.07574136525513481
0.13092837472965232
0.09551668533823347
0.03950183796761511
0.12499704542009345
0.14146365925670892
0.28421868613581425
0.02540463522208389
0.1582954237684985
0.16443368024122482
0.1255809208168472
0.07642998130667071
0.18573220319113712
0.2305417777514519
0.10919219704967012
0.0772639416959128
0.03654368991974685
0.17930843634755572
0.16590304453918442
0.435785785923452
0.1810978789259264
0.09607652061666748
0.1689432557476352
0.1803491038883589
0.02538572290172697
0.2178652176721538
0.02537920949246652
0.31542189723536057
0.4276274844086228
0.3919231471986477
0.4305025231785423
0.3863235204430927
0.4340466532570848
0.42063351583794
0.145859668243887
0.1296494704196724
0.41694425685370384
0.4190683738651552
0.07852239442009637
0.24766559521615375
0.0253687716077156
0.4397793060101776
0.18506728833918695
0.18480817461317972
0.4349768866078185
0.13356858199924596
0.13087697049538152
0.025395675614447718
0.17432713853216664
0.1266109584376252
0.09311318432534864
0.11824504264982286
0.060196860726887375
0.0787378536831532
0.23922964401423746
0.1111614620938662
0.28577999484534394
0.09511075674963017
0.07434861884387617
0.1792348916757534
0.07982214142680627
0.1274503383978236
0.05113510843094842
0.07903262220591385
0.23550849031441334
0.4352814085362263
0.0267563102112036
0.184109009968005
0.17543230667630186
0.3061551981083734
0.18171235386621995
0.07320118790027458
0.025367333426499782
0.13362248088122095
0.025376059112703332
0.13828616653080872
0.2065841673344051
0.4329055708008197
0.3858865744501317
0.4274775414007178
0.11677053287636152
0.09744813134579004
0.07100117469762636
0.024945874225210583
0.1265842629637791
0.1725930539903458
0.18182969252070635
0.07799376354745302
0.07208205149673695
0.12182333341016975
0.16496775510034295
0.09816683701621826
0.03744594566144517
0.05227766035970232
0.075230987204381
0.09400046711707674
0.11906353226534913
0.2507335733753502
0.2079292145297952
0.17087147700624608
0.10857502037330036
0.0727353242408209
0.12877857335137813
0.1238012930800328
0.05895169440572014
0.14243932887654046
0.1302125249296352
0.025378934455550374
0.06774174053461877
0.2483357669941545
0.051564006701997116
0.05581843820049709
0.15907174884357014
0.0620886789357713
0.04655869129043959
0.2324324075337528
0.310751272664044
0.2520605153463921
0.1917355100636804
0.0780933101170114
0.1680993021939258
0.2500122180257388
0.025330580839018336
0.2338077954830609
0.020405361973335867
0.02366928012990636
0.056728728757703226
0.05126130583189694
0.052601024232692015
0.025375261584200958
0.10769236301594627
0.17176466152529804
0.013122350785751129
0.048093942075387267
0.059408422687025585
0.1264480615695478
0.1193265479412148
0.17073582544297022
0.08681467571657263
0.07320595591911301
0.1620442135592293
0.12160552614464465
0.18276683099694452
0.06765423751791852
0.12192021452180525
0.0797785223049213
0.02437443530072341
0.02528156019077417
0.11087241907016247
0.08141316399013072
0.04897459233091673
0.1454100510666786
0.020241230388342656
0.12573772491652974
0.02537693371219611
0.1787299803162899
0.3966332583237313
0.22505132334223754
0.14257684086283046
0.18290372675863714
0.3671761158281681
0.3905421468910901
0.025375953345717208
4.540055856283799e-09
0.3819069421793805
0.21199650142751825
0.3160623383070064
0.31949944784224266
0.11784346172664888
0.04177285333135819
0.3742447950327246
0.3160374025787733
0.2027443760809658
0.21300631093379285
0.21383712332190966
0.17727053352790098
0.2075324918392096
0.3097032125837982
0.2933992817501073
0.12382313575409876
0.3046785155648602
0.15132850969333966
0.060750227042399935
0.3600203673703193
0.15961274162917258
0.2060655858448706
0.1254034359725657
0.18936177062115248
0.2766001802408053
0.15250621494831712
0.18803754362593564
0.19673613850240929
0.02749522454071732
0.13800152421090245
0.14557777032103114
0.1627264676064257
0.3710716837140764
0.08677766426994116
0.21628235535497253
0.0438171682010812
0.17000958716189288
0.05870099183723776
0.13635162296422426
0.3177111188592871
0.07090219180076951
0.05614304102143704
0.23613394603977025
0.0710927150165749
0.2593526818618888
0.1925874386376488
0.19188863189843816
0.13101729173780222
0.3141485408756341
0.438060951108589
0.1353703009797703
0.19201016712645866
0.12183199240611065
0.08061221717319705
0.2107955586347036
0.2427484366225063
0.2129968175613267
0.3140573085943361
0.23049913113860715
0.09819684549902573
0.3755392112890471
0.22167624593261392
0.26848106411563577
0.048557800457979
0.06932275013604841
0.3448534247190826
0.20426773153381889
0.1978915411169303
0.3519334764301835
0.06981645774071348
0.2411304063389112
0.21266699407238968
0.1230199372561072
0.2355317297035328
0.21275443978573375
0.4232032431061216
0.385741719476736
0.3716585896945852
0.3168038509474303
0.2353343721673503
0.23365181266086274
0.3350007936592994
0.2229933944073076
0.06594646467109015
0.13374121988968768
0.10749337066588954
0.3127439456926948
0.14825571879984212
0.3714513393205117
0.03778358825920064
0.18549752356901936
0.2849187382997229
0.13112694384002874
0.1483770929699525
0.2891636243512999
0.19367417121301606
0.11918004727824605
0.25013251761566563
0.2582953109876756
0.15859006411287074
0.17010929298824434
0.25561136635856924
0.08109623210759816
0.05988660580717839
0.631938274387541
0.2319856255419007
0.3736394332186476
0.20679240956711795
0.25971884761451924
0.6914221553225204
0.210394209532209
0.34511604190455697
0.4197731417274143
0.17563253905017445
0.31254077884591625
0.13344212667950175
0.09315489714244553
0.15467687077823306
0.2315915364477329
0.3065146212392728
0.2971189763821815
0.2519708470921141
0.4923105489550741
0.21743963651812653
0.0804447750761338
0.13193156081618942
0.6343361076819686
0.29870408258316555
0.19024577120389366
0.6299918733208065
0.20609581065846627
0.18830524089889494
0.2895103134560754
0.1182434409831276
0.5641919729012607
0.07685572357432095
0.2924996297033053
0.05423696996363428
0.13211702569289718
0.12535961169406962
0.048493612827346703
0.10627748791355793
0.12681594332249993
0.0655470693808725
0.2942445849210437
0.1897881492386861
0.2138692236967746
0.12209976636191752
0.13692918815537525
0.17240813300767507
0.1139458875616527
0.12743240207775133
0.09809522237428604
0.22762980275965866
0.3915097223631169
0.3129972425051656
0.38849839902862177
0.07768988265285609
0.11587981723855505
0.04258143648771622
0.3695155547962688
0.0510890838995835
0.3947708927879396
0.21422300867316835
0.07993325675658293
0.1319160779952073
0.1718209135688392
0.31778269801678777
0.05223365844052176
0.2266522479920557
0.43178399082386704
0.040607860879560274
0.1116474932331936
0.035745568869657164
0.3338908930469722
0.03980754908166437
0.23403763213717566
0.11242979579678664
0.21673938830699813
0.056807872556504976
0.12813779920047216
0.11790188328802532
0.3242191409308477
0.14929314136767186
0.14954186790341106
0.06291897612825216
0.1400125545308907
0.023164287228903558
0.11369194837780702
0.1418367857378319
0.18802152006571374
0.07850384260453007
0.1257526857396206
0.025492805294398874
0.01938769255114071
0.08452439603245013
0.06242087226386263
0.044154404416255164
0.08078883764173805
0.0202114648127946
0.05720273873173926
0.04691583025224375
0.05901726666249471
0.05324986123346849
0.0523134904480494
0.16269801077842888
0.048822371440175816
0.1629127123245212
0.010033595617461978
0.0566613768058684
0.02333554208670581
0.025368023354316132
0.0308056843902826
0.054999390178554985
0.025378886072394174
0.1781134541530486
0.02782962558039889
0.07950518492725589
0.02508213169861938
0.06303320542084867
0.020940902029882576
0.0641438856919072
0.0260195349540911
0.025329177258147685
0.1947942646738159
0.055826660484190826
0.031962114423023484
0.036445645845991234
0.02116391963303989
0.08305845143550206
0.02610942500964624
0.0750612235137128
0.025370596325610468
0.02537755538690686
0.17848425688307792
0.1165449419114068
0.02537577924185009
0.02609005189433276
0.0259623541233505
0.02954228570344417
0.025998942017701112
0.051244025882220136
0.08820451504875983
7.155033773874698e-08
0.17341246635060167
0.012330606837352648
0.02597292235954265
0.01045248883396257
0.031006597597050062
0.01750963680660256
0.02539888801906769
0.14719121495160487
0.025452202306255712
0.1004478373734831
0.175664683889019
0.056087241785574615
0.0253760697415796
0.0656324960971419
0.18311539617010464
0.17167610437110029
0.03111241086737714
0.11879636961989867
0.058251793281093374
0.02846197543060193
0.08251369632917277
0.010025610644913032
0.0885590472445462
0.06205407859089083
6.121428763496309e-08
0.1217105603769378
0.017749361502339727
0.07843205100011612
0.0100685530632356
0.05534647377995646
0.018326033428593874
0.02591071710993955
0.025380861004744012
0.02537583734894933
0.1679532995604464
0.08088694132860738
0.02537601857044301
1.5507566450055464e-09
0.12213948072457333
0.061006487924498816
0.08664117222862493
0.02539438347347209
0.041302362764057986
0.13829007476775892
0.025376546336973303
0.05002664910251798
0.050828483746724086
0.02544732784002832
0.16040449712581134
0.09966144520680836
0.07695950352381037
0.0743267239151566
0.07525245485838084
0.038934907589196086
0.04053795619622619
0.09552978423706003
0.08032691208332025
0.11190207455158288
0.025377273646952
6.409792235459149e-08
0.1714458383706438
0.029665406412091908
0.07267389160980252
0.03508341947313525
0.013964294069624685
1.412935849430094e-06
0.026918041422362617
0.025695771544367304
2.037733817864242e-09
0.07829959774834902
0.053442139281357486
0.03616159259677474
0.025921998896135102
0.03019551092745928
0.13028975844950713
0.04052623753806063
0.05504591316041172
0.025375953439260957
0.0598582486978051
0.15098636191499204
0.04597383331626361
0.06545024268169347
0.13383568591040312
0.12646999484815213
0.10388740774733336
0.10963746155345144
0.06529454019556262
0.18884270118385368
0.0880171160226385
0.06648244391605868
0.4269356074362946
0.4328343647417719
0.2074184095523761
0.17357948778546753
0.14615511009528429
0.17398803236545612
0.4119341909131494
0.4312406330580407
0.21782393666485844
0.4137097960413307
0.22942189513173625
0.4373891960815853
0.193913301042396
0.9483324310272682
0.9985352869167587
0.41871733668799865
0.22052465936101412
0.17673159494409954
0.21507073630269413
0.10822887242337227
0.12804266445744736
0.4081665357108302
0.2980243923807863
0.1580976179348151
0.11191624961183896
0.13341706175390053
0.0253759365102838
0.07022830458154107
0.025413811632389004
0.11543028314329845
0.016364595066856932
0.021066027770381992
0.07623993631750449
0.026383763523755453
0.02540040354351832
5.9416682756012044e-08
0.033642110601883136
0.025375964142699832
0.05824870281524663
0.010444545926912106
0.0669900681650757
0.015289594141869424
0.07686558996673867
0.1746583827000874
0.17298290677868058
0.1731570810185664
5.662143660956494e-07
1.7955600837075632e-09
0.056034805519295364
0.025377147130766185
0.025467171586166543
0.02894618680544614
0.013968706634601109
0.07464744109617985
0.03377547694366737
0.07746950420915838
0.026438898835302347
0.03633897564267194
0.05842125709874426
0.058408553926794636
1.4701857399331473e-07
0.03264732587117825
0.0696033354636064
0.07908742695494954
0.025379879382329548
0.05134541745466559
0.04010401027490058
5.543108983101077e-08
0.03543924549935152
0.06297521447348778
0.17768231317174266
0.011289924905422093
0.07433541344044864
0.02095511346718159
0.025377053291027428
0.1229932877666452
0.11406867705197225
0.1159016926844024
0.17810990835818166
0.07573696603189194
0.047097565732812735
0.0723900170690454
0.05811434003725687
0.02572314853868542
0.10156808805874323
0.02584984842916921
0.07696997836463512
0.02537088700857593
0.07830441787729922
0.0372824704133349
0.07086649154916225
0.07314914526418416
0.11660202568260253
0.029899005231685663
0.09355058042507476
0.03816827331034279
0.0657309753088594
0.02538147136282536
0.05859335510995665
0.05466497673135375
0.029269915723922405
0.029071884828487424
0.14318175075805034
0.06326326874967672
0.0844406105790083
0.5874165028406408
0.7796873236702863
0.0259354641141346
0.5111287991554347
0.08296949333924096
0.10154790683866112
0.19554903528396447
0.19232924485826608
0.013049085428983438
0.21780177027160624
0.026229038911222708
0.018568019693443703
0.15258621125410787
0.19646507723586126
0.1513780393389389
0.1611874892587512
0.15386990949102086
0.0976255948334832
0.02401941361517352
0.11921711197490388
0.11367411033251808
0.053067908128600495
0.05084630809759666
0.052934443833209915
0.05345123288027962
0.19533123239723368
0.2296490593428347
0.13902195582490098
0.218047220041938
0.034185479814889216
0.11021676642242867
0.0968815639904184
0.15986188602917745
0.066175689850848
0.05966407555481935
0.07261155632680172
0.1219243905541734
0.105484460940098
0.2271873522345741
0.09914098923094593
0.005274586463776671
0.13965865167414812
0.14065781576123612
0.10453142028372492
0.2314189060702454
0.20678120746350853
0.123832867144239
0.05810522813864483
0.16105959036462214
0.3341162136035753
0.2552117756141919
0.14597201919274105
0.10602984310964676
0.05060501882415032
0.2451280422656321
0.058974167127365175
0.05967522774775905
0.2566784324356594
0.35209585372358143
0.04626928817375424
0.10217578584477814
0.2500896260220933
0.24478217345524325
0.10090377842021228
0.0501803382119457
0.10953348209401843
0.021601769239131097
0.10259220366681587
0.15294957677661475
0.14056613640012314
0.09412073383142174
0.15103753414101415
0.17681412404273608
0.1049953036072196
0.1526799475721618
0.04257708970149846
0.31998635363762123
0.4176917340172911
0.27679239140216505
0.05580392023776151
0.22180165544213232
0.13281447150945974
0.38835140237666177
0.052167799503185404
0.11566090750575635
0.3565759965837075
0.2439323391759283
0.13293844812413425
0.053792301667281724
0.15794046680151969
0.1591295722398651
0.08767607542011682
0.11884765371570173
0.08221137476473782
0.16387201573018462
0.06490853977748635
0.151963434362052
0.15398912204801926
0.13570596232976756
0.053749793485499714
0.0670223707913223
0.13998504439986403
0.1307969129404698
0.06998871203105056
0.05898716885700025
0.2232819395515777
0.36665040213225664
0.15908712759812987
0.13525068950556526
0.16869218750888376
0.1338384388359499
0.13217175825273092
0.16885501672973766
0.3473435853964764
0.1486149797692455
0.2545103513393825
0.25632010689541623
0.3819380720576389
0.1179886415392088
0.058871486846416375
0.07673144500469811
0.02727327148670672
0.16209788104575326
0.0407208783550055
0.025636599973119418
1.5648311491899475e-07
0.1868343275113908
0.025399217998583173
1.5769075875577743e-07
0.03199416317529978
0.1486621441806355
0.0253760185022793
9.946760776100199e-08
0.04878878277803587
0.043780874124635265
8.255161135298421e-08
0.02537605964557851
0.027361468169518243
0.044416525101329096
6.809838182247928e-07
0.02538862352332956
3.736079533772743e-09
0.025448832730901483
2.1097547746162746e-07
0.03185163194765133
0.055761002497086494
6.498030895634772e-07
7.096258595323274e-08
1.1464007771183756e-07
0.008275123055330853
8.175063109421339e-07
0.025576370008605187
0.02537632212507344
0.0545983798324059
0.08984921979223262
0.12531445902369898
0.16880982823775556
0.16309218012004706
0.02538203068374367
0.21095847101601528
0.05124590574999295
0.011670857702774174
0.13482471738601953
0.0253786086472346
0.026822392062774814
0.07958970371513688
0.09354551040174824
0.024573703168255853
0.059875430448946214
0.1268223701052405
0.10706289338900726
0.15416127201214802
0.026070567733389383
0.025376227329961826
0.1289112207085907
0.0694392963436381
0.025376603353718413
0.05723157327791481
0.0253819568029724
0.05418830809757359
1.1141448549368427e-07
0.02553371713963977
0.10132628828319544
0.025375939869376408
0.025316718029710892
0.026473806217972327
0.1186793284750956
8.209122821601832e-08
0.025595189074783916
0.02537641979217921
3.739035487852207e-09
3.501656385430679e-07
7.0745239033668e-07
0.025377114285546842
1.56519977703509e-07
6.183753051927512e-07
3.78525228673754e-06
0.02408373431429716
0.026796968316590928
1.9493818785856322e-07
2.0081493210780512e-07
0.14237101154414614
0.10915874194887036
9.118727991187671e-08
0.22115917421478146
0.17227422563553282
0.0467933802952048
0.25485719999876044
0.055177652764890776
0.35592409246177337
0.16547662572113495
3.5336842463532685e-07
0.11404310086736147
0.13839133942295195
0.04962406085356032
8.228851566370073e-08
0.08255850009611204
0.20857231229127246
5.8160087400020836e-08
8.177882280402992e-08
0.04634787762273343
0.02591910669192725
8.304776446738288e-07
0.025377401308230057
0.1238672262533636
0.056516742216711977
7.097515417158901e-08
2.152563284305861e-07
3.739376640847972e-09
0.025379171404939074
3.5251256775834756e-07
0.05751958593033985
0.02585250841657409
6.57150254082935e-07
1.89095743905632e-07
0.02537602587870569
0.02538453435199416
7.991548811855677e-07
0.05209093892121623
0.03854419241303562
0.02544457878305791
0.08913157080714107
0.3245569881693792
0.2835268383101532
0.08026468804426314
0.16650588023787846
0.2594211226691654
0.205257328176049
0.134875853974596
0.28168822327325943
0.28463908797247345
0.21678721932008535
0.11834209483164056
0.16856036490158408
0.025377766171484645
0.26894096592440586
0.269317616910287
0.030105650559631412
0.09415834675951386
0.12454345922656565
0.2253476147508889
0.025377970355103543
0.04647759142546901
0.2327879106132735
0.09838174469094152
1.480695622017885e-07
0.0253775846401016
6.668033211700765e-06
0.042277044145174345
8.656921477573933e-08
0.08279223674566018
0.3431553640645078
0.02537605528827433
1.0395165498887991e-07
0.030352278390316432
0.08039715673524518
7.421543885665303e-08
1.9674913370197704e-07
0.02988495650138845
0.02537596812562952
0.025376007635376945
0.09637257103676157
0.025379359302155357
0.0515853802097347
6.8689660090908685e-06
7.154341752561077e-08
3.947819415652854e-09
0.06214622708141571
0.025421162003660083
0.049714924479204316
0.025377284182107118
0.07627809307056764
6.768004552764565e-07
0.12445372545064215
0.1813482134155155
0.025386959615905303
0.18664588571627694
0.0976523197365132
0.06530090660495838
0.056890644293813526
0.0253777278699164
2.5888310402647288e-06
0.2084231811958066
0.12889318215435955
9.474668096765985e-08
0.02542134472367825
0.1041033502214024
0.02537587004172671
0.06324778654374241
0.02517481602952349
3.741099163852658e-09
0.026503553489702687
0.025375903647777184
0.03799525857822228
0.09386884264964164
0.02537593691828002
7.268865785294919e-08
3.738551192239066e-09
0.08467707550316353
1.4636430694247675e-07
6.809972635381056e-07
0.057612646692401785
6.814882371578489e-07
7.095920258189852e-08
0.02937232521149708
0.02537737566735061
8.283363610018374e-07
0.10968855814079527
0.059767475973445415
0.18510494489544088
0.039710895430562325
0.14339174681405065
0.07194982474057647
0.09581517257692382
0.07102844494746963
0.1050815646529823
6.668012650953516e-06
0.13462330257001393
0.08795280897226103
0.028209991849226432
0.17216434397062969
0.07341568018498364
0.07783444763544588
0.1143632107224679
0.1240794702366926
0.03908177811124481
0.0254220569095746
0.24685576662926345
0.07361615055859898
0.05361559603295685
3.4505449521124285e-07
0.04354764844753165
0.23247766758287816
0.29714719305763043
0.026622629479424356
0.03917754320327228
0.0583004302348883
0.02537712259553523
9.704917938786452e-08
0.025468927337220757
0.11346391863848497
5.816088544033316e-08
8.280123687237665e-08
0.033083062893579415
0.08022006231858142
0.025392767945064967
0.010148459218281477
0.012648203808479915
3.739148897087009e-09
8.244404794129608e-07
1.958457114216904e-07
9.226585584315783e-08
0.02537875646904768
7.096183010108506e-08
4.256986716585091e-06
0.025375899967197416
0.0507951997112526
0.025502453052971788
3.5798958128169606e-07
0.0826053478706444
0.025861929699759062
0.025587237683683997
0.2602849068522969
0.2700264445001793
0.2974526562936334
0.2391784644130079
0.06273095852027949
0.4353043076553798
0.19263525509817125
0.30562948954854197
0.43234536858215855
0.1888797338914774
0.19263947525422093
0.08509603766448859
0.05132241351563604
0.13068501491424933
0.02537594864336766
0.28136594978229706
0.02538371550074088
0.2761626742232146
0.010340418017998057
0.08402643455142576
0.18275007165891016
0.1798777578525632
0.11865834787918385
0.07810982545273512
0.05721553310906409
0.051738273956398684
0.05142670120918754
0.03204465593816778
0.3131431749360457
0.1922252979893017
0.1705640185646737
0.11500708767919995
0.061376737755752475
0.0839777063647541
0.0369814337421088
0.02536334663150818
0.12363948819527867
0.20334683684884655
0.04631189423568188
0.042042513949422405
0.05624760463392598
0.08755514469504083
0.11803828819477202
0.053856028211120885
0.04770534806300528
0.15997947129019086
0.08624232913539648
0.2313322681770491
0.18551829942257045
0.14814869478194698
0.12043802482007472
0.6723188356134656
0.1777613502867923
0.174192394364026
0.41335228180997796
0.2772494095045388
0.2571966529034112
0.20141622183226052
0.02299684646858052
0.02802776563976011
0.14925405296870803
0.12292594445419652
1.6211716772421965e-09
0.16694506740179366
0.29503843175800765
0.11968450106752584
0.16599385618409854
0.04453022487756349
0.03265588997340914
0.05230730795315671
0.025547553289094613
0.04951609158587534
0.0255909754950398
0.10266173887821227
0.025376205310589886
0.15666740151728684
0.306827113824919
0.10947195291971792
0.025355418421628504
0.12503009667751008
0.02849757673010692
0.13376488384649884
0.04581038912848611
0.05150175003647533
0.05858865027877281
3.289341812770941e-08
0.08813646791604544
0.2254906615595299
7.724757365125377e-07
0.16706990513983666
0.031458579179427085
0.020562034635889927
0.08256204689029678
0.02293341975760304
0.038236871383000234
0.1326898443566381
0.14483224715169415
7.225329877289656e-08
0.07585308315899915
0.05925913793345981
0.02967366528004908
0.025376069653934376
3.444173966944505e-07
0.0952492218846582
3.7391285717285966e-07
0.020174420882016444
0.043071843779744816
0.03164432801647444
0.05247601743512872
0.02537581109024057
0.05109773857879979
0.05155409138294219
0.02538543473372509
0.06419871554761307
0.06461854195028183
0.4045749498703531
0.4137629976600726
0.06959959151256287
0.28570758785957545
0.1799968611724211
0.19771449977786776
0.17413265945862325
0.4418707016583271
0.14286812199664667
0.05589388395589416
0.11491629567735055
0.19814800422993376
0.19414571306817746
0.025242670351115427
0.11368691310534003
0.023994367183708662
0.055765251733425995
0.05596504495088482
0.10552981165467837
0.052698359700049664
0.18495301693064906
0.025422258892955144
0.08346426725059533
0.11632248397435654
0.10068724862782877
0.039695513025022576
0.07108958628231142
0.1342869090651974
4.782490902264749e-07
0.025365637102631945
0.1282858203552929
0.027776340366306586
0.0919965627553082
5.3580782932111436e-08
0.041537645761076734
3.7475015274566953e-07
0.029483087712407305
0.08093515217396059
0.04971603211626728
0.025513039289928176
0.02537888224428146
0.0607992872400069
0.11304617052428904
0.02537639340614461
0.025358356451943908
0.15133402272512594
0.20055142170132084
0.17484694218238014
0.12269554631787186
0.025376146894804563
0.09210788934687192
0.04044506448719888
0.14022133744642798
0.053050694644169005
0.05107101933489976
0.07184522370339383
0.18827668611011686
4.374575897707607e-08
3.6986856852142984e-09
0.052468084894314086
0.015920679332303088
0.051467229632695566
0.08782595723389335
0.02537676782029485
0.04551386244889029
0.17931352329782144
0.04093543844654855
0.02535882401557984
0.1796243603037943
0.13395655865342546
0.1023335436199636
0.0232762914688432
0.024234581221107127
0.14006323095830367
0.1264867039623676
0.025376152019626667
0.025392886693109355
3.931631855826655e-09
0.05839238319362147
0.021604104300114658
0.02535379635085375
0.27974411924205234
0.1249615294502361
0.1236740935667699
0.17241422541825369
0.04510591605645085
0.17019159859700114
0.18856824479252884
0.02537995785893529
0.18876812248238084
0.1434052802375246
0.034384070163256376
0.05424402636957032
0.0513171541872969
0.12529850275197896
0.08350274502660307
0.052528702379566056
0.05238719383494034
0.16838559771363915
0.04948236594467275
0.08641849102972878
0.07100216894016734
0.12507630415880724
0.27193444626108376
0.026598441422502863
0.2822495299077431
0.2469077979443976
0.04745351168547875
0.11533599755064244
0.11292644026408966
0.05080168161000456
0.02607633071426274
0.10140643092253694
5.4502758263538444e-08
0.0289943376809412
0.092087672436462
0.05397193527732772
0.1854036017375047
0.06909172356609634
0.02806443574658479
0.06919474321642605
0.062011096554238
0.05746666028231735
0.15667948354018973
0.17011935348964946
0.18956606182086894
0.027500287729574864
0.20270068258581864
0.09572045878585612
0.16426220630098853
0.33542371299699664
0.13442414412304302
0.02855634273697504
0.10978553294416897
0.02549990865222285
0.1769649493352342
0.06597031590685415
0.04511135780687901
0.025310673089279083
0.2629363826056331
0.1803251520116669
0.15597897196396182
0.02275101370635461
0.06729305822122153
0.02372980197886122
0.20494382521436644
0.026060112743862825
0.024338556466783925
0.10399346136393968
0.025381916121408745
0.10091408730939756
0.10657947948249263
0.11268216527812835
0.08350004306906639
0.08628193174031208
0.1592352265470369
0.12263027981736133
0.22181220047250924
0.246552588440302
0.27187629280512843
0.1553216465966365
0.3761197392663356
0.04828338233598509
0.4093153713493276
0.06490432356078757
0.06400560774296694
0.27552616607343106
0.29045613584805896
0.4299050609172278
0.2838463659410181
0.20035764188807265
0.1476300807332072
0.2421599686402387
0.2613406754293317
0.16626508951638885
0.08689440709968609
0.4353053323013546
0.1537047732545706
0.2895776681766767
0.4203168053245641
0.17226652081875146
0.19898744245860547
0.1335485874370145
0.4114210914220418
0.11196273000914296
0.053152332533369234
0.030826033696902788
0.0761585114163521
0.025779839092027832
0.09316223659983183
0.14990163257694572
0.12575727442426965
0.13617549979613613
0.18495295335105205
0.23720808398502696
0.316757737083236
0.16825157791637474
0.13628687680468196
0.1308931789062027
0.1194776782143194
0.054133407264243004
0.12966595510216514
0.1643775428567016
0.1895774690184262
0.0253819985235872
0.18359063221053407
0.05274347636063716
0.08063313007269918
0.16910057203084575
0.035004650800809896
0.1692824734319596
0.14154850239077274
0.327488847280295
0.1837934127490903
0.43094737112579373
0.17218202025529672
0.16454208628800882
0.3006131974013877
0.11788173158749607
0.2946443973932265
0.14503968341646062
0.3866749476805029
0.025397385462122838
0.025371840381507988
0.03471051104596306
0.11135106435419748
0.1902870174368065
0.028962263301430792
0.025376848345117317
0.17624349169615405
0.07411084095676451
0.2899462698332237
0.3260096545982872
0.42556442230432207
0.4195571369560085
0.05651167063171372
0.2752783194206439
0.12513374473887948
0.028755659478308437
0.11066280395035584
0.08753023977864402
0.0254086673919335
0.025376292554307945
0.1894215982547338
0.07236097521969544
0.11230044035071744
0.29226436812187445
0.006508748186036425
0.3745254499373217
0.40492785248168855
0.17207012685475462
0.12722967555317416
0.2943157180102327
0.13635777363423227
0.2304767360616227
0.10481327278600476
0.024734579780771256
0.026050989081746412
0.04801140684889164
0.06441458013672323
0.09720171303579382
0.1275755088848951
0.3865661251304613
0.26430948088074835
0.4262460289867408
0.17221939450771634
0.18317392761432935
0.4328377387676565
0.09904766993866973
0.2324922063234001
0.1754769528864035
0.3909547641716089
0.0253757694365364
0.4188883181095953
0.05146258804643223
0.1149650295835318
0.11194148116970777
0.1809304167417428
0.20208564628367656
0.04369313454404559
0.15550536325269698
0.17362754837396407
0.1835930462891379
0.25416660944728503
0.4197663213171357
0.3483528006668508
0.4349987230224636
0.13883548710671015
0.4034327629836397
0.4347919977255869
0.07316075673827806
0.4357091749433723
0.17170463289380142
0.016735556261221675
0.027760731945890214
0.043474624793894495
0.2437017390556677
0.19793715729589506
0.2791876945641092
0.3512776286052662
0.37446688515304816
0.18763501323117185
0.43184553454571
0.37830402302970817
0.3286319816001035
0.3119540897312495
0.2338998185449976
0.06194002786283316
0.16358094892892078
0.12688827520072568
0.4235008302185173
0.07644051883951614
0.3088404335015681
0.17263761902007996
0.051779519871860295
0.31917599505335364
0.10829403904954124
0.1048906992425109
0.34024929681589866
0.2458396445422797
0.3856045268888513
0.4351118940193116
0.19937555512852748
0.1724442028941538
0.14457327199074427
0.1762619838982848
0.3510669270736492
0.17189184396511994
0.17068033540870928
0.16219642621014166
0.042893871945835466
0.17718857776280889
0.2113529412638788
0.24107792305828615
0.19845767530065309
0.19008974816196933
0.1943807477974029
0.18618309193067215
0.19578110330883428
0.2230817377990291
0.2770064218572736
0.43578340066901466
0.1726720798130829
0.2859198447385167
0.14747290000709076
0.12789608513807038
0.12564889017924946
0.08165130086464878
0.1534972455004399
0.2792625269973937
0.13461691247164492
0.28141333713942623
0.08391526566711342
0.1777734481499381
0.17838734813341942
0.12265423224186768
0.16759704279688126
0.14525343958144052
0.1729318076392282
0.025575287241579148
0.18369926663540093
0.0507399320523447
0.061202177818489474
0.17980070683846947
0.32626304892581764
0.43483790963923385
0.3206235565792832
0.15964434682499612
0.42949759039845614
0.4248649429738843
0.37129731589446496
0.29270807678577915
0.4031113447594751
0.03672339788421064
0.1944973663348928
0.2625245327408541
0.3006696537795442
0.12222569641142705
0.07180666822342603
0.1787791789379342
0.20523197811573535
0.06702851826512538
0.149893855212211
0.2868639511644792
0.12769057013182847
0.2049136836655456
0.08172899258556643
0.029373246172160774
0.07807376842653962
0.1884159679753548
0.17306981717090458
0.2906381823581727
0.19368223926253672
0.05190122198271061
0.025376216347138342
0.13211969767791795
0.04308637532610903
0.0364730929696538
0.2807147468211712
0.18414890680983634
3.329120214636148e-07
0.01963535917546297
0.09964679120049832
0.17136452311659206
0.22300192847151484
0.09333505660998496
0.14625175056176498
0.14094556312921006
0.14864016475827996
0.02538035627688673
0.08620662161610185
0.025375984059438042
4.782490902264749e-07
0.12486420323910973
0.1045768912023314
0.025376445067520736
0.07399549372103804
0.10121743666988876
0.04448480305409051
0.10777486030733903
0.12637683444221015
0.18315731030820176
0.054299656626006616
0.300256670435856
0.020420876831556984
0.12258349928670514
0.28242273194822537
0.2899165191593709
2.1769708800588563
0.13882248412983605
0.6146649125416209
0.4777764242689046
0.3286181847951476
0.4261668484475391
0.11336347822116015
0.2599921451763533
0.4625695737753476
0.1205164427984722
0.10142070203246588
0.08872540777355327
0.1060347648964392
0.1331242669455838
0.1134104585256283
0.11061184270815977
0.1304041457408305
0.06377084833420815
0.042510747549205634
5.6266128535852124e-08
0.05393302200218869
0.06277753106274782
0.04953999502361788
0.12423823671740115
0.14835986369682747
0.02538284725576116
0.08196859778798525
0.07100600731026191
0.27330669967812743
0.16731810887409346
0.02539972116565015
0.14100649861441664
0.06448239166433657
0.10618505283946254
0.3445661894901467
0.024279427170910625
0.2669783420430831
0.12334329796609632
0.0741173371431036
0.04931940303980974
0.02529129147937905
0.04182285207422299
0.09703712231922527
0.05828886542327352
0.08012716501281063
0.15863998603200347
0.2757814706946547
0.07998185953139418
0.4229567302831477
0.021657127087146604
0.2104431035903174
0.432203390376018
0.3798514831370491
0.4308053346069592
0.12929220102150726
0.1458870788708828
0.17901839654727245
0.16560127593632756
0.2153599633698409
0.030503551611435545
0.2756700462350336
0.02526090405152508
0.10801725565046437
0.2705124517623909
0.13002508259330836
0.05561538984193693
0.12427512276842388
0.004942967655119125
0.403200605370095
0.057913383232672075
0.020038306037393983
0.003855316077463671
0.06782069537439298
0.030995488508513525
0.0026261724090573344
0.0029321975431072273
0.009102789063181628
0.0028945281017327238
0.0038174553429375594
0.011375246359438946
0.1199407379731178
0.003023889681095216
0.004907443444330585
0.05910666051274865
0.36899543018279374
0.002632118686109896
0.02792842435822332
0.0022130903121682427
0.015987373667850528
0.003243372628188761
0.0029436154762247386
0.0020669332200803528
0.011494722061338156
0.0076679513787083625
0.003619208099906728
0.003513254727104816
0.00288844833291599
0.021279548369792983
0.02049826087983581
0.011424883667962852
0.004218404410863033
0.0022323698627477006
0.003887116597406864
0.14946554569346795
0.009924808349805312
0.0028945281017327238
0.030094483865841418
0.004151742382645045
0.07502233731279814
0.003962999164669606
0.027434102308724045
0.006839498170890926
0.04316196989569962
0.02510097534806909
0.04170222258990679
0.0036697555180820298
0.7593160036390951
0.0038888465012235367
0.002435037413173407
0.04693450612436921
0.0027010131218489445
0.004386743018001346
0.0029321975431072273
0.034503548080012485
0.0373809091877889
0.0043375600696026135
0.002804942905599968
0.0673951203015112
0.04625405494342401
0.004053735782980016
0.01000145473461651
0.03327612228898112
0.032723079304140014
0.002915989651266069
0.0037501800377236923
0.00781685064724937
0.003324604390842153
0.0035849468762949345
0.005974175069245127
0.012081387279839269
0.003788320591880885
0.0038801058384274334
0.003348888664338225
0.047895830249977824
0.004605498414777612
0.004918349018903122
0.01081203134088596
0.0016416373294972446
0.004001326776435307
0.0031299716763569887
0.0025895496929731012
0.004391926524843498
0.01541315718464942
0.01736521367435524
0.0035170939432086746
0.002482922056964768
0.0027237176086609433
0.003082545770428528
0.00890945730594383
0.014743002188955287
0.003603140046353772
0.02107142104316554
0.023337651031102045
0.00859983301830008
0.00781685064724937
0.005256419709265124
0.044368937303222285
0.03333764331398259
0.0030442586339103923
0.018990651029512563
0.07236191866348665
0.009127253323677692
0.19878753117361952
0.009006442010712427
0.1379631635142989
0.003854469421231865
0.19878753117361952
0.02116063014247451
0.024128739574230302
0.0031078254804298012
0.0071047960266174565
0.04538557235217802
0.0033259373248015573
0.003251327887589349
0.0036514348460522147
0.002961123844736604
0.004430481853123435
0.002592188094859981
0.11930020529468853
0.019544803948312487
0.008028581399739354
0.002338661373266533
0.005816805791191401
0.0035424087696557228
0.0026165428960615504
0.0024389911550395985
0.018049640258117863
0.028345885551815036
0.22721309464892694
1.387835992873292
0.2599551434886865
0.08283468936193977
0.0961303046490828
0.1476179442306353
0.21617384434700976
0.056720628690964336
0.0245948009585903
0.02262788272469685
0.0024251291352362114
0.05320748517730952
0.005135526018737175
0.01419719851234179
0.2038851216586518
0.003387284413449011
0.0035386329380478814
0.004455085310701858
0.07057848661538889
0.008844235760232721
0.0022456032245091622
0.003656245418545208
0.12394096158726205
0.02708964333996404
0.0027690822082497273
0.0049643847549471366
0.039856266252952285
0.03143935158290108
0.00368471338550175
0.0029282227877013398
0.003656119453602449
0.004326271854973405
0.015982053876926056
0.004851995195994585
0.03106631606384152
0.0025295932834853074
0.061767767834778976
0.0030422967700876177
0.07552470434014985
0.0046029549442254
0.002735370167471761
0.01995529635877924
0.005797887402480802
0.006103952915445925
0.007193606431021215
0.008539728726275762
0.010048928988126976
0.005269696050128499
0.01736521367435524
0.004645620433196518
0.004011659891834019
0.005269696050128499
0.005037155145754357
0.004792630462889206
0.5126138666395053
0.004496435673909677
0.003341912744255504
0.017718142654918945
0.04347721967829253
0.3055951873870432
0.004564082443936956
0.025853831871254684
0.04543369412213296
0.023271156861179417
0.01922148806160264
0.012465646943659935
0.008438668475162336
0.059869461851288885
0.00781685064724937
0.05246231176178125
0.016845117936458362
0.0118683729058869
0.05095532580176458
0.5822340315179969
0.002948101919451067
0.005556421521133494
0.0032829356448564463
0.02764053317397346
0.0054482885930911785
0.003701673933742115
0.001847129740221761
0.013725175993674564
0.002681902553496051
0.0022893604740157627
0.0036744543231361157
0.0245948009585903
0.02269509192763897
0.023070989533168967
0.0028945281017327238
0.0028945281017327238
0.0028945281017327238
0.0021961409616907514
0.0031707199199095945
0.003951865862100144
0.009479911225373757
0.060202460822843785
0.025610408178644115
0.0032108971440264014
0.004536587664788219
0.07386607439210062
0.01619969983064063
0.02738250880832754
0.15478144841329033
0.00363471407961297
0.003790396232516856
0.0313680139108751
0.021325136334238763
0.028920952979528625
0.0026416547510386638
0.031233483718633482
0.05427273949491807
0.043385665174389416
0.009924808349805312
0.07153899029998488
0.018544335626896013
0.05775941418204705
0.002898470719664157
0.003689333595178087
0.002886851521864548
0.028390645784926605
0.025743318355807152
0.008388055106957537
0.0045240543835236785
0.007930457404253627
0.005086879768313399
0.006392831782235511
0.002336937427183097
0.07674373799918834
0.003991694419879883
0.003391354389156425
0.002792652344448979
0.002678497267464
0.0032611195395522512
0.004698466612501514
0.00983381369389187
0.0025127542493234107
0.0035041811193118463
0.0038857949369517242
0.0102032933561908
0.0033142553474541296
0.009002914370956027
0.009922476556691628
0.0037806743035328047
0.023613026465971392
0.022405005118062937
0.13732648403228073
0.3347816173330457
0.13683295293681244
0.12910165204418805
0.0954263518383184
0.2762164953859408
0.16629957320887034
0.10821551296818352
0.14030037582146346
0.08197558175347164
0.028267926896928138
0.025067659365483202
0.025136768002388257
2.542630395102473e-07
0.10969188816343313
0.02636347588953009
0.0693919332700177
0.07604925586135983
0.09047966885183813
0.013375747366059587
0.05790468124949881
0.2769426425996829
0.30158506923786066
0.14808987768495435
0.20174589032726375
0.13022200790795796
0.09932603723451587
0.0831267401180701
0.026193122007764053
0.029436548790817876
0.025108031109970085
0.1335540602530312
0.3134256685554803
0.08474154432241232
0.08124112890308267
0.0560969376722437
0.1440650388907883
0.006401244200571489
0.20945886996019167
0.2996237590489952
0.28527452949801185
0.2837144138674514
0.15334912172970885
0.20494352108698566
0.08052960919366994
0.0786407136420764
0.093509016628185
0.07542455572355045
0.1525596602685149
0.06238047003011945
0.1254324970044315
0.21998542024810294
0.13458445998548174
0.27778809515597225
0.10124712766938596
0.2121631432917576
0.08825490372475908
0.14741238160986572
0.09652180223971044
0.06664160079994064
0.06316911048313703
0.13784232852201764
0.19442106173816806
0.027923894975803484
0.2281066834564012
0.12408170925280886
0.2787548039823697
0.09133030588777837
0.08364430073510734
0.1884707537938862
0.14738853027298413
0.2465401380072825
0.20928148204318975
0.15456266391145196
0.12249039063077355
0.27405970106216304
0.2682637556669732
0.27000905446821943
0.06369002100054041
0.27450263790190177
0.21569807431582053
0.3301525399901393
0.2618135791398704
0.07739630459208692
0.10099346043707576
0.09409206724215408
0.07764701967990081
0.14415306553413884
0.28052576831267706
0.01442898755627081
0.21404898991714755
0.15103755416124282
0.28431025932149034
0.3082827223222624
0.1301766774498651
0.31895631075042585
0.1939054960046886
0.3644722965711428
0.06313216510041048
0.14856762968960593
0.15677217693255474
0.02537597031905004
0.06446621736066963
0.08332033363220223
0.31582892620584263
2.2467287736292862e-07
0.2564007714561252
0.07140003489663238
0.2809627376891123
0.2264256355453236
0.10110609018635322
0.2634867084394429
0.1527705629224866
0.4297992947160351
0.3296163956506572
0.31297790783185425
0.24400847656375935
0.2865666323521657
0.05057022980159054
0.21767633365181352
0.3373747592336884
0.1339023082898961
0.05116298136716296
0.22388059253660106
0.020001695864195985
0.026033268257491842
0.06672127781633598
0.025379106560038917
0.025377595079069074
0.07738305733129823
0.10683301298386988
0.14896390851497154
0.09317093959904617
0.23427249797855146
0.15082899819342965
0.22202070048773115
0.238928814189078
0.03263975537816855
0.11286677190847308
0.03887045260501499
0.13966536048071854
2.2733399612859932e-07
0.06723339362705973
0.025369160281758472
0.025269178729304557
0.02541385615829256
0.1531525492637318
0.04973852212521712
0.1049212352734018
0.09007311317756504
0.01570465648240641
0.08649161627241421
0.07926349918822008
0.3465280086537085
0.1981502012081331
0.09169183247727948
0.1949968129534464
0.4180648728222754
0.023929360288839845
0.3578659391025933
0.1447321625384226
0.1728582178375231
0.024060898005816227
0.08691133196858918
0.025377067595865298
4.408996930267679e-08
0.024552116128046458
0.01311320796938128
0.023384648404249125
0.09397689203685283
0.08409481431209144
0.029289955773728043
0.011962786737555893
3.1302328155585426e-09
0.018368627747198732
0.09994422470693587
0.060959679406844325
0.14400520754527366
0.016048447696429796
0.025491812538771117
0.026428668868750903
0.013025089599522005
2.1728020861485162e-07
0.0255975668713832
0.02537596532525729
0.08291108466125757
0.05801291732456373
3.5245655103947848e-09
0.026730413135749358
0.12462657974039155
0.03305154959227378
0.021922976097999463
0.02516026507466091
0.020487730313266287
0.025277107493103402
0.07935860828071524
0.2648804488550043
0.0979507829840993
2.2086736921598798e-07
0.05616288745559355
0.033880976184931716
0.08451513987895838
0.11072144718729547
0.19214243385503932
0.2540413787055257
0.24027268624659975
0.1488144407988059
0.1384459464328348
0.025374838734831536
0.10170423880042108
0.02849389059696115
0.09442615338701936
0.08560901238332637
0.15658828784407433
0.24004337893401434
0.05637425788860311
0.04446245033117942
0.07842880580534044
0.25250067306014035
0.2249821122653808
0.07888056152423563
0.08749753387052311
0.02052065025122344
0.10195456823398348
0.05316463366917444
0.15048743601442888
0.04946745733336665
0.025192384015325902
0.08489565496136416
0.06153163504355921
0.07744141389333857
0.025559917376241238
0.029773763235383412
0.012883709841082941
0.18063357162218074
0.09771801433969733
0.01881763963398744
0.2182312704885208
0.29261200071557864
0.10973045270723694
0.3038668727680195
0.2706351788728516
0.2526626814866776
0.07207866031354786
0.012335391612849831
0.3059154551821948
0.06591563968527171
0.08708469111331554
0.00553053797283711
0.05803673443047591
0.12418094037389835
0.051701993958125164
0.206996425642252
0.20002836583636344
0.2870612229346078
0.27297722155683585
0.1595564478701435
0.1479062185607452
0.3690742124731901
0.08998472672990382
0.3239945119887758
0.247466589068884
0.0949567234575068
0.15264482559172407
0.1920078939095784
0.1482167204129247
0.2073980784388841
0.0962273330748611
0.09788953508506874
0.12464596592124275
0.11567262135604404
0.06622765215953627
0.16529251471922346
0.09792553869838393
0.14144980347172695
0.28379333248091115
0.3204440254748217
0.3736774453074055
0.2079829260106855
0.3716966727703805
0.16792868462030314
0.18353549380429887
0.16759730202303252
0.198587760840558
0.2327109487162501
0.08833285350105521
0.28779297078215266
0.04492004800135724
0.2982994465586579
0.0346225857353719
0.2870220120138177
0.26231697607214804
0.15039783494190656
0.2701879193260521
0.17617137620243845
0.26875563704052785
0.2974157684827821
0.1824619722285607
0.18873330714977146
0.10496231260890547
0.15783606750306528
0.16898399271067344
0.3718498651096307
0.20061143395704886
0.059805026079348525
0.18842062478174212
0.11247009308622903
0.21910284538417846
0.12953840171224726
0.13023447880138614
0.3203870381404187
0.14810316635490384
0.089130372335539
0.020999205392587924
0.1406768329215975
0.1464841090280641
0.3870410914452255
0.06842128945327125
0.08418821708595152
0.23769923113555544
0.02850355203169818
0.3134674097896021
0.16789194745098332
0.19871175192977866
0.2692575897253233
0.043290738704915566
0.2843777885882563
0.252590331497803
0.32619420294967383
0.2771892623407983
0.16796260965848686
0.08784980786660672
0.09516632990417644
0.08339815778941895
0.1886851136494161
0.05309102329037521
0.22886190454896704
0.06091058193504824
0.0614418587059973
0.16938557467196216
0.058494232141178874
0.07907963165876558
0.05192906904662445
0.16299009717195534
0.123633951731733
0.05154690771557343
0.12906336945839214
0.17483320280706335
0.19148052050545772
0.13880331770461088
0.4346157315043163
0.4223163522888522
0.25673641322030605
0.09738098305947417
0.20825545240943927
0.051316303655467216
0.16410384626438335
0.07842230430761693
0.2671809737838297
0.0757979092827105
0.11842363577739165
0.05032385614841518
0.1984005920001061
0.10903544975924527
0.14633060573137127
0.16330355726263193
0.1007147155277758
0.1503813686996885
0.07816432061667519
0.025513891736082508
0.19149120991869512
0.07187157100606538
0.31031439464436145
0.09719608444006292
0.12915708163293696
0.26621167478781965
0.15166275349682667
0.11684318831356373
0.3013388230677967
0.20646624492985088
0.03914563614736069
0.15253308439369892
0.1569995522607651
0.1298106551235453
0.05728405812589856
0.025602090724878724
0.07509228188461553
0.05345765475678562
1.0441284264639986e-08
0.09821345429269264
0.1319866484585822
0.14626110275387375
0.1146661481455694
0.025376463466952458
0.058259317186176926
0.02537711251678994
0.097097970962274
0.08741209351740856
0.10627086799605888
0.16809766834884912
0.06227885846454295
0.16083106123660915
0.3851060521914352
0.10692063122621744
0.1452500076124052
0.24154501096475506
0.3391666289677561
0.14823784631766213
0.14641011511020602
0.11702199050385376
0.027353420813429608
2.724162791277865e-09
0.025374377338421742
0.02479816442403382
6.860840927582215e-09
4.472036641163943e-09
0.0357358286619675
0.02548692721039324
0.2646850757798441
0.14140385932581334
0.2628536078250485
0.17867341325017494
0.3077919546153339
0.3569097743683817
0.2731178108660406
0.3996546529536261
0.2990209295316212
0.25699440232730403
0.16578158922541875
0.17524588080680076
0.20993902300708397
0.2673557191537393
0.12899196402823931
0.025421299317235798
0.08018183088859196
0.025381781670579917
3.87612333180101e-09
2.0351008696209185e-10
0.02714843121424029
0.025376086404805476
0.02474235757966992
0.02537596922831545
0.045157621156351725
0.08540327440819788
0.10165206520966467
0.2900884210903604
0.2061600979077262
0.20105584498841855
0.3512158553765312
0.1563001501708272
0.3589586256820653
0.2620253910278646
0.1973450590301805
0.13117309972069335
0.20222237498961654
0.15064550719934655
0.1426414106706382
0.10113200790661024
0.052163868705996916
0.11698532618275083
3.6921243824033513e-09
0.058267656994017085
3.926201910813336e-09
1.2327556267018587e-08
1.6629988045638394e-10
0.030374298385819714
0.025393897625103315
0.11201363103017296
0.07934252878439825
0.09392436248826684
0.09500700505497148
0.0253788594547554
0.14231386831343235
0.11706686113352804
0.10216528362597402
0.09529983955312303
0.060339022076836175
0.09945065774716136
0.13444375612356374
0.09659830505589796
0.02562339385008166
0.15134661375634678
0.15971851987466856
0.06021353909170207
0.058532486597113215
0.06148265135310412
0.02535859752124037
0.14121356360313286
0.2156895214341087
0.15293387167420547
0.197143567544321
0.26981241361011377
0.013163959802743942
0.15853531096103501
0.02420423096794877
0.3511819782370333
0.2843171030867274
0.1586450580065703
0.10016091440766672
0.12714815904465868
0.2121891773991323
0.3153263335151689
0.18864075724922244
0.1566370605790918
0.2052984580202008
0.03144999430712383
0.02537928350156924
0.025368760268083303
0.13145389767415264
0.0833365020294157
0.0249928284562122
0.08679918447451314
0.048589106502243136
0.129001535016244
0.11550383679598615
0.28661261560347145
0.17613964364664755
0.061511644638059436
0.2301245474828808
0.2901635100489906
0.34585994692986805
0.0991505731747144
0.02566801634948071
0.1380222938925388
0.15360063005253766
0.06651859557943453
0.20622575758084927
0.19451237967458565
0.046080862926387134
0.2831189640180398
0.21338774034224176
0.2795579279056112
0.17364355736215495
0.4235389970624891
0.4339916322467941
0.26080221162023404
0.2734755781869401
0.21055632632739468
0.18564053460768568
0.09159171401105733
0.12199872663435793
0.1681229585714215
0.02540390876894129
0.15413278900624555
0.0762898814047479
0.13328076686943685
0.15006656210180688
0.14885677447766132
0.10823735104298568
0.1872650177272501
0.09725337742597408
0.2584535426858665
0.16953758725236276
0.2560200253932687
0.3801334026536679
0.4291852985220668
0.15794107119589929
0.2695354300575191
0.20747496422179493
0.34799769424149146
0.15685343086062495
0.289115042469604
0.157069685571876
0.1774235028900665
0.19815402818590624
0.20947116908512373
0.2184571876706501
0.3059781142179967
0.1949583875981068
0.3440276138758473
0.12271220172223048
0.10558606291820584
0.02603241782859221
0.024746131515822743
0.13570819490324856
0.010083153520290737
0.025371425879212216
0.11113126843648516
0.026561561782372692
0.13418320252060464
0.2256283308054167
0.21134625676223373
0.10219821734520436
0.10067674633642502
0.18785398867328976
0.028430883421653726
0.05075232321467929
0.0969681729985454
0.19977440988782405
0.15207033616482432
0.02450862711049756
0.05826187890298595
0.19918540051606606
0.08362503689082723
0.11981736021780748
0.10293218793438462
0.12494915799786953
0.04064329477078374
0.025455251994786092
0.08156462828058503
0.21748586572660344
0.21008405326629107
0.27559342570728484
0.1933866708210792
0.37939091006104175
0.17121600635589376
0.15017699980186192
0.14762234579218692
0.08903092708616353
0.2117947129677038
0.0253826689729802
0.05481474189797732
0.16535236623716226
0.13027758720303614
0.025375968915234245
0.19475486589086974
0.2461291983657488
0.020750885129792302
0.02644456919988249
0.0314360092279141
0.3850782760192235
0.09140399987035476
0.08761877641407499
0.07771014497940469
0.1040137539454724
0.1886266305588843
0.06579893440936742
0.15258739419795864
0.3656593138372674
0.2397593810676161
3.750428164893365e-09
0.3511965454496683
0.025374573891728557
0.25118492870685
0.02539701366941993
7.540465472102471e-09
5.666309557736202e-09
0.17169562649002768
0.1541968626914527
4.723027574800223e-09
0.35330529635177144
0.02542248181027713
0.318233168251265
0.025376648032548018
7.869060928493057e-09
0.3194011509500271
0.2978771327113777
4.439995976315886e-09
0.326899817722478
0.030407219034553568
0.2634990698192957
0.025376304405887
3.343772497107638e-09
0.031367489770115525
0.07960485531451507
3.6146620969496944e-09
0.3751388391915732
0.02660476403209985
0.24464559771463976
0.1295720653490777
0.07183064685866489
0.11200707024088437
0.06426656521271693
0.23036743835724455
0.1436963402925311
0.09068916038527078
0.03824970907066143
0.11878671075834182
0.06087042829285541
0.0670648489521153
0.12249076145905405
0.26039173621120915
0.05453702450141961
0.1219444023005914
0.11531303063360952
0.2217490464788721
0.0671554084950504
0.08778606059687251
0.12665005016736744
0.20548528898952634
0.047006089302372
0.10207491728264896
0.02536357246669358
0.1078603591378164
0.05211480214822251
0.05600573574329183
0.05036279937953588
0.04705496603604554
0.07670203631097378
0.05469531289679826
0.06963834385775154
0.07440005097360818
0.13347528790148494
0.03386529419508643
0.1545721798289063
0.05322499908640455
0.1425183040805491
0.2702644538098885
0.2480426447704365
0.45297316064296606
0.14511449264985615
0.4713004276981919
0.2758804741872484
0.34413930415223204
0.3692774796035645
0.9257905313813636
0.2352431521870224
0.3888233039847596
0.3025048859052781
0.3524533704202027
0.1030062808527036
0.22231499579959207
0.15469809333097145
0.02550217454919194
0.08255783189342447
0.09606697642644207
0.04862942775037789
0.05945430837150292
0.1536293011925425
0.07422309676282432
0.17058272454354048
0.12808641555388206
0.06423888726394343
0.1302398861928318
0.10189808275303128
0.10153955659426156
0.2573696203870946
0.2501985484996148
0.2428314288195975
0.1883956367893698
0.2468655563347185
0.10934660946838623
0.042307781897463495
0.2907365294370081
0.2324009706161569
0.05524926611246162
0.20335212896031615
0.1160663624617228
0.02538234147518247
0.0640733487452952
0.2410923984284595
0.12888052471834627
0.1218867813389396
0.13321608679656227
0.20259941736163792
0.21322338715853176
0.14619740190512212
0.08779238620934401
0.08998446423003911
0.10585422485075534
0.14538567876993144
0.11611593034115422
0.16440708505364673
0.08833089755525647
0.0579331959220907
0.1021363375272472
0.06496445757301578
0.03341991055553223
0.027803095706523562
0.058145373511557234
0.02548819101255544
0.1100931575205625
0.05105838366303017
0.02608076629132836
0.05007345949028553
0.05060234629780743
0.10550994970858296
0.1893532467754572
0.0506610848939277
0.05079243925643175
0.11326708351384028
0.044588671298893295
0.12835717917553033
0.09843541533548528
0.13375828038728566
0.1699288488844678
0.05823122422892904
0.08164390253300123
0.0903131434774454
0.23129783414769906
0.05839864655742745
0.05195339367396325
0.13789960188747674
0.2384828693264326
0.109987796724874
0.11602039932692088
0.05073333381521833
0.04115216165491053
0.02994687340724253
0.1538375998721982
0.07366873864443506
0.060300868757080635
0.09899039643950686
0.23008897334426875
0.10194779915300482
0.033602882978650835
0.14417518937924612
0.17416597040032852
0.11318536049475073
0.05797054653473279
0.05629248863051035
0.12704966384938046
0.0511164489330614
0.07627972591739972
0.09457996561087233
0.14271261466732496
0.049315438450342405
0.02538228978858455
0.025378155791528943
0.058312859763726126
0.2260802993665
0.17263887634101027
0.14678231218647794
0.23533689138365346
0.05815169634472558
0.02538028832004121
0.05911591203856835
0.05206471815628647
0.025376164625917682
0.0405953750774506
0.13281736150421852
0.06742843157813694
0.05825815325379114
0.050784018210006984
0.030034124356625762
0.0253760206505076
0.05654344313398552
0.1004760593524237
0.043005014972126485
0.05852141213182618
0.05810186681576768
0.11370182097325908
0.058221498284181376
0.2181110763805114
0.0798233340988819
0.06901347582434418
0.051240911066454835
0.1647292125067443
0.0984097379176919
0.051309502438899035
0.05168045459269815
0.07718330750399262
0.06587951642598955
3.6500015318535953e-16
0.07958908049455753
0.07508427152805963
0.05848774501108993
0.04312843457447101
0.04013189838122857
0.11597248167413815
0.05680268663580682
0.05820981371296916
0.027363285602584803
0.07784392094489938
0.058224008365645785
0.05834193391968648
0.04890784266612445
0.04884678148313407
0.05537986945346254
3.783418863972143e-17
0.02697392696994344
0.08624773735467188
0.06354094690791788
0.1835421780732193
0.10354616337168104
0.025375967390754102
0.027385113944655967
0.1162395674047418
0.1742935189947358
0.02539252140568386
0.1152156731853372
0.025376193308679046
0.025345389696075
0.029898574349248083
0.03610774742568612
0.05809491324969495
0.029063446007459155
2.1561872329422467e-19
0.02537597181953513
0.02547351023916653
0.06848165896880863
0.058727466112515926
0.02550169675712157
0.05833306704985825
0.15410128227023562
0.057604650453594385
0.1592858653069961
0.058326716344879986
0.05821425548547706
0.08149947828929639
0.05823313592509868
0.05827363530732961
0.1341438763974201
0.08042666857479024
0.05784137019080799
0.03169882659064776
0.07463461766510146
0.11732151419822527
0.040151241698534255
0.08944948041803485
0.26459249106204463
0.026182608046002708
0.17579501749206075
0.2020343795516936
0.09672526214290003
0.02834771068379944
0.0379106399158833
0.1097992896057134
0.06391647690444928
0.16864695433047078
0.10708423031736104
0.2512551693215224
0.17420663466730002
0.07280584204878085
0.08029250010846327
0.23280287491380164
0.2266234213471505
0.19073689448464284
0.11697588188435587
0.15735855757230036
0.06468367531926246
0.05383099031723769
0.11746751376731925
0.4374188596582176
0.10187952843387428
0.10879984828295876
0.031081552054152625
0.17458855251613467
0.11432189111251953
0.058644811185018825
0.0721150317946727
0.08347770122125793
0.11822365434106352
0.026018156819385803
0.21888661178914726
0.16586600956657752
0.05791803916853412
0.0957216048641085
0.043918997060290746
0.045960872894581714
0.10441321498775492
0.24925397722174045
0.06366395882138062
0.1081764159601784
0.05095624284858721
0.10141949395312327
0.0507527017289413
0.1686933192614738
0.10191921569839343
0.142850166850513
0.09970301472248848
0.09695294854327363
0.11924082334290476
0.09558702713954008
0.17501413203330626
0.10682708328755552
0.1097123085178024
0.4270995051349519
0.10934545288560137
0.16823027501000967
0.15952546762389747
0.18340915912545447
0.26209436725790924
0.10744507371874644
0.052272200683813136
0.14074357077514604
0.10108151894028898
0.21298162544363064
0.07716734325653214
0.09675588360169024
0.14347387907756598
0.1741666995668067
0.1561125929957041
0.02837216859373565
0.06946447347322046
0.14814566877906768
0.10024580381175167
0.07022380387206797
0.15745789136236155
0.10835696189575124
0.08003560113355998
0.16334272245413167
0.05147699704652271
0.2348269276423439
0.10403812211623664
0.28486478083522315
0.1263516546086577
0.055132647345838
0.2235279590867494
0.11347006221476115
0.18943731030871414
0.11722166886553376
0.05766050827737915
0.2810841982648594
0.1749767773466997
0.07668530108456577
0.2185509693618418
0.0922892955713487
0.2390843265447517
0.2554709918370679
0.05117140791492196
0.1963685306870291
0.13677079497767913
0.2445416073429409
0.15069991077978875
0.027439274182783708
0.07761037775369893
0.0742655469633024
0.2643054719282818
0.02808138529082104
0.0254580329785483
0.10774311527146856
0.08748830028855796
0.05822894129071456
0.10239072129851304
0.054388564271850855
0.07424225872107777
0.032730076477255725
0.041689252004332364
0.031192257380340312
0.06838838143478207
0.05823208135786517
0.04095361128623448
0.3213665808156481
0.10690843133008374
0.08720785513532553
0.1743537475508432
0.07087650584819276
0.09168967977857594
0.11962097432752455
0.21696403189634267
0.1989018820014952
0.09856791177926366
0.0993741952352841
0.22495428050582966
0.10807548965873463
0.3222911857293401
0.11818630936126702
0.2296844619820598
0.2720356571039428
0.09940527042605192
0.12700442860991665
0.15092570015732049
0.19339790419330552
0.053804954239707416
0.05821104419129395
0.17487627324308666
0.13120624416141127
0.1374489845609202
0.2913922531337824
0.05790472738099558
0.1797529425876837
0.056043137391194014
0.055359813412128735
0.023468527766690568
0.08563881197270902
0.17400903863399764
0.1594578959400425
0.09321539563674316
0.1362637467024677
0.10197346979539497
0.033778046400033485
0.09060290679513977
0.12575977047426606
0.0709307274972447
0.1780244777434088
0.1375370792451155
0.05823239297162953
0.1421523973730751
0.15092471819784245
0.2999962224272369
0.3435553280118268
0.16757943794617072
0.217335731754944
0.12394620726607172
0.11959032364571845
0.07704915964464397
0.10519041635539007
0.11931118620803388
0.4696746523871605
0.140706874045076
0.17404561134908408
0.15596840724675448
0.2464720308711121
0.1581753116519825
0.10846471919317688
0.10774977431125288
0.12330208972500252
0.105013071437549
0.09993232164731
0.17067286932641246
0.2603758233764869
0.15507059735671122
0.11073628900340587
0.19863268208964674
0.08338845715681277
0.13485356929781991
0.1143553606546484
0.0212739641317638
0.06112385207684597
0.11783393709877127
0.22950946657028365
0.15153384768115066
0.1044257106785395
0.17544265990644844
0.2758261149817565
0.04795860845946826
0.15581800263843587
0.30428529472633803
0.21804452801746527
0.16536080737333658
0.20878108807021306
0.05138901382999359
0.16065946448098353
0.11672813753057412
0.0769317724383969
0.10347332842636583
0.08618205303867242
0.14686837826878446
0.1600191911618692
0.12360503693786225
0.22684684394673266
0.2666121186685417
0.38872666558470814
0.21171676297502293
0.18256659648212875
0.10078523483755747
0.06341872272815313
0.10246542407300664
0.2335210207038881
0.16378004010925715
0.2264950473045289
0.05603406310853984
0.07192909975210289
0.13040899409273934
0.02541957975012531
0.15481676322953974
0.07564215127291637
0.1972268305818444
0.093353494383034
0.10645065436726436
0.16987168906292224
0.13833490521314462
0.10525954070070616
0.1452774773561455
0.2303217608196717
0.24823789453613
0.13246659063039926
0.17309226489663218
0.2710052599531875
0.12755063513946555
0.02537592416567526
0.26581773243891976
0.0899201664519231
0.16199679680485718
0.1820454539266157
0.1559023111338104
0.2312865762927323
0.12829100093883275
0.11979648286578785
0.16883140299779906
0.2149693797643356
0.1913107167246577
0.10768896140197234
0.11109705239322183
0.15651202586436094
0.02759996115320696
0.025375934959608912
0.2367928969117853
0.139185967726597
0.02543928765264629
0.3295057533425485
0.1194711638695099
0.10133556708639968
0.10615809137492203
0.025625394771009925
0.0526357537202294
0.0927391645104056
0.13887709122559047
0.02540993764673094
0.21057901735333545
0.09485857911549142
0.18492170039217465
0.2360742112889943
0.19051981753594235
0.06850235426183035
0.2790727459876835
0.32884207306626084
0.2378958604155056
0.2554656636955412
0.2622400177186513
0.08029674965324456
0.1406828043812357
0.2432502517015439
0.13049565462401086
0.15986678536372093
0.1303686311248456
0.05156320398555102
0.1944387674337862
0.025373013584321518
0.06537775315414304
0.10163746477537124
0.1315291476598612
0.16020404067672034
0.07289066505914757
0.10555630145798778
0.05053324069281154
0.10767000269430052
0.2580337697839607
0.22040037676139146
0.02537615647584624
0.19451117669594534
0.0744896116318508
0.15099493061815958
0.14405500920868036
0.022560117254059056
0.0984220928732864
0.08266367785892613
0.1992333086100346
0.366330681957676
0.4210438468771802
0.2590474412414519
0.4046607211317948
0.32655185397188874
0.24879781314187804
0.23067250152914195
0.17212168063179095
0.22348188761738602
0.17724151028340587
0.2080211819288264
0.3452651378954089
0.09435781282525374
0.19048834063978373
0.16193077732832573
0.13181148132239562
0.2535386093495693
0.02537206960382213
0.1945701017750612
0.0916266606343864
0.17158861399609487
0.05318196704882198
0.06835423264068577
0.10033955149778938
0.1045546000516372
0.11060964015283274
0.12283740585207
0.0981512519404761
0.14735575755970606
0.025311616683170748
0.24078461675061014
0.2343037039402658
0.025375957462469168
0.14784244599930027
0.12821516508642702
0.14269326869184934
0.22477726493951114
0.02537271248259129
0.14650282900330158
0.0992860856497964
0.1796976754195121
0.05555742535397115
0.14993697919811513
0.20742319582769375
0.12100459030975187
0.017074798089113306
0.16714616779166075
0.1019792570001651
0.2787563497663633
0.2579291738075741
0.30136926110769485
0.2982859310978209
0.3385984695049306
0.4298274612821019
0.3114223124820689
0.2827160335428204
0.2786814950372705
0.3184364631250355
0.2895672876364249
0.11217234623115152
0.0996721236499088
0.08831036339055072
0.2860184457464875
0.15826800088308346
0.1466267491754889
0.0966332219138085
0.23030229336006305
0.1430879839022695
0.29829004345235005
0.4135900002877897
0.27973016146575697
0.26545531387315463
0.3495146975363592
0.17913497663409794
0.27722853931618296
0.049163720155556805
0.07355828913154408
0.23867727528182198
0.2370417412999021
0.05307926764081049
0.11906967749622528
0.1954994512808008
0.12763704220184996
0.06821694873357523
0.2291587982230833
0.290349744653682
0.20975975188109794
0.21372022898645732
0.10185410380032184
0.2937417042933195
0.29533748759462874
0.05692987667366189
0.05810538654640302
0.025375803996443656
0.33756773629326464
0.11662863781016558
0.05026656228384782
0.0743676837769646
0.2753213349815136
0.05627735297217329
0.05755394770230768
0.2361490952654383
0.22622790247048336
0.108592917988917
0.1600842671332018
0.4107996316213363
0.21488121497380044
0.2899041983488493
0.19297103417346373
0.16537209445052234
0.2553188257614056
0.2717658754080342
0.05114199134083815
0.05305326107963358
0.11723454421525012
0.11487087813013774
0.06917074311774501
0.05049569393850545
0.14783008253492852
0.028280849906630882
0.05120603910481498
0.09906175486642724
0.3426295032275237
0.12582304191472315
0.025424998340860875
0.025108221187946488
0.052279918191948084
0.025385188980066704
0.0702178421132347
0.050329469887002765
0.09323593130925037
0.24536258337768094
0.07287050907887771
0.0405826579958004
0.17585775239327658
0.1943112933156476
0.15085327595993145
0.22378741143591813
0.012247720711131648
0.16819864442762678
0.07532392189899073
0.103358004508936
0.11284190382550628
0.12229785797016132
0.051338478760966734
0.05106113718313199
0.048341527185373004
0.04100124550978727
0.2479538055739598
0.10849080405140916
0.051727242408819527
0.2337605109813421
0.02537330493390737
0.05210859500888256
0.2136767454982353
0.07770896224098417
0.025375900695285537
0.10225038058869602
0.2480105430448451
0.11186309417466993
0.100412630112627
0.16539731584668066
0.4015557743911198
0.205856323241981
0.11065163262544468
0.2343306233523372
0.37471651153932095
0.314404651077123
0.199460671808488
0.3930756690508918
0.2543898781326349
0.19082755485325886
0.28872120543146124
0.16076593042088394
0.14704949937364264
0.3584992475101017
0.4039519529092273
0.2755160630972692
0.40566541761580266
0.3693030637366005
0.282339655860189
0.2485459277840928
0.2311472943853741
0.4354756896978773
0.16626734084185635
0.11967029454474495
0.09528267418625017
0.1337672751615468
0.025414605438370208
0.07530112950694985
0.12210968887431635
0.09108171891930207
0.11334240435764555
0.050935793011225146
0.05117132699537757
0.028062108077434474
0.05154592583379922
0.08386442738453427
0.043935217369066096
0.025382299069228547
0.10083748947487174
0.09874767114467464
0.17520682700601595
0.2809797121215399
0.3740156763275816
0.14967245665597498
0.18960475257959244
0.2983008874663312
0.2265914301319343
0.25659891278148045
0.30558066265840256
0.16556104095042665
0.2335004192431285
0.3285908497637567
0.2437172512273022
0.07243924016735019
0.1293006823658852
0.3336894270526792
0.2318884709855409
0.14596136334143084
0.24056789633714545
0.4245110312248216
0.23049747744485305
0.11945435304178045
0.430042405884683
0.4338281506277515
0.2875742411250643
0.2301078886294526
0.4248320855613485
0.4023306167353094
0.3582075434178543
0.16772005733225742
0.42949213145245024
0.365452067434299
0.2681107297758015
0.39621208165084254
0.2660308791969705
0.1467662355838804
0.20043781359617374
0.2610022129737116
0.21016043096099166
0.15329805951106984
0.2917231414771375
0.26078087154499024
0.09884864740304447
0.10945491889585546
0.35536168376963045
0.09466177327414167
0.08411987157098408
0.32662911633682545
0.3806591003961716
0.2273841345330017
0.3327674342724708
0.2813146530820516
0.3278534036277706
0.17690811510153734
0.09959119189909173
0.4298883460922121
0.14151426273083234
0.004383607934324434
0.12760009166984984
0.28021736833657435
0.07212487488124188
0.10184489768305699
0.1580874758720523
0.2551350278230456
0.14513586844049958
0.09199573693345707
0.3129654533378667
0.16504850002305602
0.13515272698165234
0.20591761417298504
0.4308978323751951
0.13211682052773335
0.27237116384339205
0.27769110684788445
0.0597863446024321
0.3369015980468666
0.3799497521912392
0.09024922031356804
0.2003217874553936
0.43224943590750897
0.3278827764302688
0.2924109655030334
0.12063786153745508
0.18886595337571804
0.4348213535017674
0.1968802592704642
0.1634464533849846
0.10244907583639468
0.2095580104546053
0.18913799181024835
0.13827660176120393
0.22131771875569686
0.2234649513481489
0.16613605694528905
0.18529666764841754
0.10384022601450596
0.3400636660864915
0.12242447632087725
0.048938063316478674
0.4286913181293268
0.3003569247853176
0.15907863302529476
0.16473275553582695
0.4091031123369091
0.37389028050194895
0.3793899871714124
0.22972808460497565
0.29476951573754784
0.4240021320627892
0.36303284028652794
0.13508393543712055
0.17905385151994013
0.375947434244158
0.02786548469551163
0.0527540675053244
0.27868172840816297
0.32526190711988234
0.1375795577669497
0.10766350859060238
0.3798531010686924
0.4544287799774476
0.3626343039108868
0.3898050649966803
0.2997081832416534
0.3214995654259094
0.4073956711335237
0.3089183582111571
0.2413071723638228
0.2155474208080945
0.1431528212734007
0.3554650415156881
0.15869635644685734
0.16696605994783453
0.2815103830796735
0.2509165187178977
0.07585924254987593
0.13059089406512947
0.2534706686822084
0.14030641802974708
0.12566030986113236
0.15516209651242402
0.27181414706189083
0.314007839569531
0.2165303984428231
0.3731028993534095
0.3531960308742729
0.4354086513625368
0.3183029020689335
0.08856306834749987
0.3405205413705812
0.4242997036862042
0.12625038266444716
0.15135643185495146
0.2369570659158893
0.2488191609234764
0.2896539635061417
0.3841394671818099
0.16307388131845266
0.29254733295032204
0.3056056130327281
0.2961984417988177
0.26104815534526016
0.2759350156206818
0.2517192359567579
0.3733710688167983
0.2299878538713204
0.2365427017132125
0.3659290562007552
0.29982037290792063
0.04827796553720205
0.2282634165371777
0.2880518360001517
0.3232176326852594
0.288427318077328
0.21750403023096104
0.2323793355469039
0.12297914533412276
0.1715096304557302
0.14666498481192042
0.1349470246178299
0.2673426580887964
0.13830588041515451
0.14537257105746912
0.047345811358842055
0.03797068348736062
0.09421698029015098
0.057886013946798535
0.03412632891400046
0.03525470993221932
0.05820303345331999
0.05156205493181997
0.05569893393303792
0.05713635791236931
0.03377033512117149
0.058049619527504974
0.032192891384190285
0.05313692553124027
0.02547694242762474
0.057886200838997724
0.07482034365351904
0.1211293700480022
0.02537399652855631
0.05762256427747699
0.2103751876410063
0.039438349758877896
0.05821359507071116
0.05663367365340235
0.02538452437121624
0.027656980000307682
0.025753386616624768
0.0479569482528766
0.0327374491934166
0.05836423755591575
0.05825705853304387
0.08320525401210903
0.03734245989811342
0.036811891656732834
0.058218754418287014
0.034408823914577766
0.08069550173536448
0.058261768793975224
0.06822380809652626
0.11509903790714915
0.10838176472052792
0.11805787763008105
0.05822222265040688
0.059396776032477575
0.025549265156227758
0.08000214639114589
0.03230159180636098
0.0582211410004179
0.05486562752696349
0.0568960074925515
0.04929695267243218
0.05940901831804325
6.467027409491609e-14
0.031343350033956933
0.07783048227808907
0.11446764661953784
0.04944528047842946
0.08531287948578696
0.0318351992065721
7.256561222216304e-14
0.02621293245663948
0.058241215946029615
0.08764982936979017
0.03349814948783522
0.11060687383202247
0.07544064504290779
0.027021350138337355
0.16894838342301674
0.1798766858710674
0.09165536413172068
6.500495791172048e-16
0.08668257675673142
4.2396990948178143e-13
0.05827360640939235
0.05849022525645752
0.05894622230646384
7.108973450197615e-14
0.06473455569121048
0.04389703595286689
0.075047115578433
0.043555781716847125
0.028606125850686517
0.1232237346350316
0.1148263261169476
0.0559837790979853
0.05755976204172164
0.015720029062121433
0.08479869318003158
0.05482784840619947
0.06921531474005396
0.05713288803730875
0.10388983149317424
0.0583065327166473
0.05798494110447858
0.0576964177037692
0.03376645637309812
0.05131802487829951
0.0535162399765033
0.1262199858572801
0.027692278540968767
0.16065997850335711
0.06305987390684988
0.08094798429555608
0.06042324184401724
0.05744958956449923
0.05824002748057872
0.17246959016966196
0.033293215876996775
0.05464276768179969
0.05106265482764112
0.19802097261476345
0.06984687488424335
0.052251939432097216
0.05402941990975888
1.0294346395181038e-10
5.356439660226948e-14
0.16279654161627624
7.260840859732552e-13
0.11392719457877565
0.03818574311639205
0.10446440954602453
0.11033886289375336
0.05318679651874838
0.0566530386949455
0.1291549219785684
0.02537790180279602
0.02537058169270555
0.5176169286511108
0.05098978518731303
0.04603091929330822
0.08778266266036659
0.02829261009652555
0.07319415817270263
0.03848846662710058
0.05782449500961675
0.0258645951680813
0.0566930358822652
0.03394913544514742
0.16494711434193712
0.13089890284337316
0.1144643850085166
0.2647885684058926
0.062078545850857814
0.10028149479667522
0.032334099434711834
0.06766365894507496
0.04613367293775075
0.034055608208083364
0.05079736142860613
0.05817037972487429
0.07706072646988668
0.05727798202910937
0.058208614817437235
0.026831444777265817
0.056016305304700406
1.0294346395181038e-10
0.026814653995387724
0.0517180234262092
0.18572150163487167
0.18918735217324645
0.527125162219978
0.20181373174403186
0.2910357443667041
0.1971924359668487
0.058236653631896035
0.15709664213746424
0.037891668646048635
0.04211261692751227
0.2432912071618114
0.054895984146116884
0.06615196143080185
0.03563828012267253
0.02551658623134992
0.057500415561732326
0.05838963913545059
0.025393280940815208
0.024647572935688575
0.05822457281814599
0.1799918526907171
0.05675624335234685
0.05175587625221868
0.20171644612004905
0.17380013410231115
0.14331732839660105
0.20605720721044815
0.16768737610785428
0.2857492503258303
0.12598470272215487
0.05981526372501598
0.02558442199725533
0.036356757765724695
0.025741639813639212
0.026072987744139228
0.02537629550412283
0.03680104565888072
0.025860371654149825
0.025011733472235845
0.026387898078099728
0.1234329797649924
0.03839549826215967
0.15803520064846605
0.059202448427097924
0.057904669208604376
0.048147478685654416
0.047839046004018435
0.014950727794766387
0.0440026435994318
0.07809813324930535
0.2979319627576829
0.1125222233743802
0.19599112758396067
0.09831227502758068
0.0638439678061285
0.15130509060787264
0.11115740053853278
0.11612234449559332
0.02538422320224817
0.06297459332017925
0.019010815154343268
0.0434922131120729
0.16675489049192047
0.053564264329625036
0.08487394617696865
0.02741193659063068
0.09436614451612924
0.2347581483201067
0.05252431069078937
0.10281971916031543
0.050392296768632
0.07473872462627253
0.03622837364707319
0.08251121901868301
0.05309199423372892
0.11028384736417733
0.05057417707714263
1.443475646148576e-06
0.03948254817888559
0.15753568919422753
0.13533137373061885
0.1355386338645062
0.08358975859811507
0.279586478347535
0.29506585659237883
0.1345574918550602
0.25472802881470075
0.06264353019414501
0.05437722303470325
0.07271329949018243
0.06717244547498501
0.023950432036493663
0.03592498040537096
0.0360437927327781
0.025560597701231317
0.025376576911365075
0.13918913722560775
0.05922021528555658
0.04655535319890417
0.1871292171250355
0.13659483147725665
0.0665771648017786
0.0203148775674302
0.07489302028272167
0.2120150101809097
0.10453323439326964
0.07877041764449694
0.01601549780237565
0.04983186495689424
0.06003004477000661
0.05033243854530902
0.14429991935257913
0.1527455651834603
0.025493555248551382
0.07898494161103059
0.025535185141965996
0.1475858570954482
0.043831446235243945
0.1558640133755712
0.012849937029445473
0.0839547921131948
0.33651683026213425
0.202244893041452
0.21297568345330267
0.19604818857981549
0.1582456150230138
0.08308486119345504
0.06496119604738551
0.025384876848594255
0.026387351793404304
0.05575387059423212
0.02592843178112253
0.04164176346569876
0.07509394832107788
0.05973515870601685
0.025386463357370357
0.1402132388112884
0.02544551060897621
0.22955298913641345
0.058242315749479114
1.0159480212804993e-07
0.02537880042382867
0.025379480762319568
9.583924470188245e-07
0.13556660733876352
0.12191836335886735
0.025339583963696802
0.06153326615871085
0.021494086925213585
0.025056012124281463
0.073761714364574
0.025433710539646232
0.01997619711773578
0.037462349916896426
0.1336831681912531
0.02715763954741123
0.2207770951969801
0.028646243336770613
0.08587277105863662
0.025375941143240512
0.0266574319143584
0.039195993111488435
1.443475646148576e-06
0.13875415809066896
0.08422505366133767
0.09569078580115382
0.13300061694133536
0.06226125943317424
0.12550464366692407
0.21034777335659305
0.09893652225604993
0.07303445470404113
0.08239738622471507
0.07288543955906067
0.03959619614462076
0.10055059865751748
0.06071844932599305
0.02538548554288228
0.08101759872344376
0.025377254041197082
0.1303247371782881
0.026911000586496817
0.06597108210977076
0.21031091112562286
0.025300095902326347
0.15131775029197642
0.025958949662611062
6.740739286816394e-08
0.07581123007385993
0.02537387376001638
0.1273586489192722
0.026129318245221887
0.21585315980171327
0.1091105092410674
0.06435938246274064
0.3219152353076085
0.1846721420916941
0.09795543822704972
0.16732655867532828
0.08531499971454384
0.13933584701512242
0.02768931653391924
0.08903730880251179
0.0715437290554036
0.0615586838319767
0.051589058594014574
0.025386012751253368
0.025376827793188613
0.01886632328879625
0.02539399944130655
0.1071599805386384
0.08262053351800062
0.051880220638569084
0.09244920388046428
0.10678642652702552
0.20122718631482855
0.05063315294358379
0.10120331709231434
0.2086268461112588
0.028723222684505764
0.11784871795193748
0.1015189574127839
0.12498794276671404
0.1039487572652706
0.05371967258900207
0.02595470987358548
0.1367555816604157
0.22993434963957546
0.12571489688830378
0.2106453032391463
0.14765672216937092
0.11592067048302095
0.2474292009250843
0.14088929137129047
0.07536179331365864
0.23174112638263786
0.14707631786256373
0.01291629792792647
0.12119081921972798
0.04957792053734589
0.15845917068142765
0.05458323995146334
0.07317474004573975
0.21613449348470987
0.1931033376800396
0.0903031155960542
0.0190159276838028
0.08054319656707537
0.02522370778644
0.23622871990595
0.13626905511828344
0.025378853053876216
0.0950116815937813
0.019103474135357932
2.712450449455547e-06
0.02538159339308664
0.13072856400321078
0.013353846285588906
0.12947406255586422
0.035466622712161514
0.025392379769134558
0.017766466298187015
0.040075066764537884
0.07486385972576366
0.02547632858006369
0.17178279509718247
0.01849462604756545
0.17264576651062585
0.05448770952772443
3.2989600535667264e-06
0.026195049991628343
0.14099991884023594
0.02525775701186889
0.1752340950590462
0.24496681683364285
0.0748540034766569
0.012208096116344205
0.01616200747744415
4.033207670841932e-06
0.1712768583623236
0.10657915392442867
0.07303846743546633
0.05844593996399109
0.15666713341926986
0.055086695599023884
0.04610187492836483
2.586965405654715e-06
0.031491970187241286
0.07781366130001563
0.028189732850081993
0.013876699791426745
0.038862192163698184
0.035220139280917426
0.03752601782047617
0.02023370055139578
0.018947662156971468
0.1097758784568381
1.4322711567806944e-07
0.17001685401067576
0.04672440365068891
0.2485753191434021
0.083228888057231
0.030369240030972775
0.04101355687119771
0.10205654533966764
0.01865751643393988
0.02537865973899815
0.02192539810441216
0.04118879092385138
2.374317549248373e-06
0.052859198503188654
0.037784439075122994
0.08341998352911027
0.17474020716210364
0.02393381647400512
0.2471747479021305
0.03626055457156602
0.025371928682495645
0.025565567301602005
0.12952885853648444
4.3743185852589294e-07
0.02536391398762474
0.06479181984190238
0.04528985854068415
0.04832042026096805
0.027359398103739142
2.6241960709377795e-06
0.027960794188294825
0.1897789740626162
0.025672879999783148
4.845894260198156e-06
0.1234898330006737
0.12782479248535725
0.18435749835007345
0.038280685155183465
0.028068502359795716
0.010472370713086031
0.03817086983988725
0.055518943052629166
0.1721888703979799
0.09001433613899973
0.05815692079318537
0.16198776094018125
0.04327102094381177
0.025381312071051376
0.13271288424525732
2.6448916927182444e-06
0.08871359253242643
0.02809702004917597
0.01454124075894262
0.1398171441732132
0.1284728231430749
0.15497661806490656
0.07943084638540808
0.2508285386603901
0.025406674253954643
0.0427514786980303
0.09253018185966236
0.053730260868811705
0.019324832832426444
0.060347678214245526
0.02419908619389152
1.0011418763905842e-06
0.124808840372802
1.5990012006323863e-06
0.05085111330310415
0.08172943577125473
0.15271356509551107
0.09445977984996026
0.06021461322797918
0.09582920334043978
0.10231319196298412
0.10444534312156296
0.12842917964854342
0.053465333953054514
0.02426742508083789
0.010438243484656964
0.038105621922977964
0.1129925634405294
0.13784863216169058
0.10791806417593976
0.24656704783768876
0.048306598721216495
0.048789101481348365
0.02565158976043545
0.11786648141535078
0.028128476370456637
0.019728793934412046
0.04648544897846768
0.11518355583518865
0.11723935349432435
0.13963157784278055
0.05052542214628218
0.026001304115089444
0.04373907176540252
0.04907104735178002
0.1179763866660744
0.077215251522703
0.16919312192232175
0.017788645282819628
0.012470004966199415
0.0474304145664364
0.19862663981577092
0.14475483596248412
0.09044774707406217
0.15681293372043112
0.26962759809962
0.18223384218883687
0.14890232815805038
0.1721858214864348
0.07188874030550185
0.08076773755117468
0.2208286738992375
0.050250585003386326
0.025391921845434876
0.052584434525735343
0.07849725281985308
0.044152810999068544
0.05573868637017025
0.1110695395626178
0.14394548211562358
0.025375821833631487
0.08992335373875522
0.1319093516295946
0.14179054007779252
0.02160791790984792
0.059344307874792813
0.050627067104959934
0.21370188763752296
0.1357859343148821
0.20644368974100288
0.2937367352654397
0.07206473821245622
0.020302627615238843
0.1793073928522283
0.13224072171850895
0.03958095515592629
0.05140531272723115
0.2932412089600481
0.1531909751688892
0.0575824664247813
0.054416341630793945
0.27417136159094585
0.10250004874623699
0.10422483168224916
0.08235950007506056
0.06583428502132871
0.11721386229885032
0.048938809967705804
0.06578353352212174
0.10904658520718538
0.023707288804016083
0.0276926457204858
0.10050061470166592
0.03761525611519262
0.024239060216852504
0.025375940843787324
0.10400548451179108
0.07089252711110554
0.14248006559464824
0.15449472429023353
0.08434269668303045
2.115696493579332e-06
0.08031369669230509
0.11340859183246645
0.025376484078981455
0.02546876065306401
0.08286526913795858
0.07309600404543211
0.02507643749339353
0.08865572435255324
0.06717268636451619
0.05181284644130448
0.08823719168697791
0.13437366644897586
0.07558986941767447
0.10567279354543344
0.05515181470522024
0.055636454143925713
0.1193420617689778
0.08321572266593698
0.03239936185433636
9.889896948222168e-08
0.21953180679754755
0.05775267102753024
0.051420641181761526
0.025823419764887112
0.06934743730436603
0.10323191848474758
0.02985448529056273
0.025953124273406816
0.02634024984334259
0.02321713434125624
0.06931749524097576
0.14658859468557114
0.15944212537677924
0.1655800073473348
0.2528519413323017
0.04714104431902445
0.017605518146581886
0.21894430689692665
0.11309353979324804
0.02539014500493793
0.15385436822267126
0.06743303038048347
0.025551752766297283
7.086153449075538e-07
0.025491565172159163
0.12173310566164325
0.16004661354761873
0.02554151793561198
0.025376100674516133
0.10368850996689467
0.08022819597399382
0.058283563860855474
0.05827013394244768
0.02539103798198595
0.058140302564295185
0.0582144089001369
0.048937068581869136
0.05364335320930096
0.0275120134538012
0.0592173600332009
0.027496012453374987
0.03677945476538739
0.025535359988097382
0.05792556822722851
0.05826384192140752
0.025376205814718427
0.041706669478880985
0.0555650664788659
0.03969661576175024
0.0573447025812745
0.04674182745021314
0.061938776016136725
2.6642455882864936e-12
0.11660273030074984
0.02537598503053657
0.06163398551996788
0.058274206708226126
0.062129788635070377
0.07452234296100395
0.05568669117304556
0.05778365254852201
0.05826016441084191
0.025378553490894053
0.05829155020430899
0.05255691688465789
0.050949915660342536
0.02696341977483482
0.056397462440465285
0.02589391175847534
0.07731312336957112
0.05829221054490541
0.05814546764805116
0.0581399544854389
0.15795497981940845
0.03835500157595858
0.041012621595491634
0.03004595934694969
0.0876124608839113
0.05468914841740611
0.0253787799222387
0.05104135419558036
0.07730946623770517
0.028167233019672132
3.038099435747184e-10
0.09483128437759136
0.058212361907886916
0.055827404181885816
0.09493400106921178
0.10420958185311216
0.05132721281480431
0.05322283421651982
0.02537871916839549
0.058188570406887914
0.11498381826447872
0.05498416441657975
0.02537597719385649
0.11012364298974528
0.025376485872067648
0.025410245673361233
0.041636414023570135
0.08312758109889397
0.027481667841169864
0.026896041242978976
0.058328717350927664
0.027636750666429497
0.14939141093235694
0.05073878350773076
0.05832978560842179
0.058225391888229186
0.0771832683807464
0.05821641442440908
0.025376110475655914
0.06465839667327533
0.052337675392608515
0.0733518832776522
0.02537882921773476
0.08794934013767902
0.06594873651241416
0.07704777462800816
0.0508240241545419
0.08447504452050335
0.10069474738147853
0.05827396650777283
0.058178518818936015
0.07743364817283639
0.05068422047927106
0.11171523719098347
0.025376113817534324
0.11337652370534962
7.88985674432851e-11
0.05021272224987318
0.10192331754114094
0.09262050915741596
0.05099658837067236
0.028311145779258792
0.14610110149082126
0.030363677353271726
0.05160905099278852
0.026716039151341475
0.1733294303865586
0.07210211184605994
0.0696418996165884
0.05369579602983831
0.05823457409814437
0.032291513919889235
0.03753663210947585
0.02538676431299876
0.0952754878737078
0.05127362462310578
0.025381668153268776
0.02566927591771102
0.05072029911515608
0.040743657751972
0.031040943430747037
0.052535125191367466
0.07734311232211867
0.2532712885064253
0.08246300551582647
0.13155973060083445
0.15069068461018667
0.05043256032742824
0.07372977446615123
0.23801628246281936
0.14575166852361626
0.05219702213339497
0.11881856487290735
0.17856723927225102
0.0447236640403961
0.03383010766704987
0.21986537472359632
0.1192837477285364
0.02538827579084853
0.0507786747830499
0.23586798383967664
0.044610039521781414
0.043719639115690094
0.15049054136179596
0.16856362021511925
0.10772812729477173
0.06700454523452154
0.07879048848066485
0.06629832240603573
0.12716816716195686
0.03985036698630677
0.0582064726250467
0.0570510499682481
0.04370333478972167
0.02537958908019866
0.05768380715530441
0.02996568447109758
0.03520089163814475
0.025376076390150187
0.050710443694565614
0.02568645601526861
0.1188264751255444
0.02901090428878298
0.11876335140151208
0.16381636071240566
0.058197042233894936
0.025388718066747352
0.11574272980924022
0.025731434310514417
0.025442849513959857
0.02538752854835205
0.2166026420590124
0.025375940433007376
0.02537818246376984
0.0507914084643456
0.06865089691629345
0.025383274072604576
0.02598438064440067
0.17443501524687047
0.16607409425119998
0.08616984074125475
0.11527591938225536
0.055603222203397897
0.058206693764793226
0.02537595171042649
0.1624790805310263
0.06440471064310464
0.05087096014960668
0.05471439709647266
0.025379535473590013
0.059016391321973234
0.08129415385842785
0.060275758675771264
0.025380859554683336
0.025375938827083003
0.02537594328507442
0.021644012892386832
0.025375940864893396
1.2888750083725559e-08
0.05235740685039687
0.025375932881814816
0.02539009581018933
0.02537593816175729
0.027567869577623395
0.025379214218090418
0.025598128845256876
0.0352612410753397
0.06282804972542393
0.042746616886044975
9.400761046532434e-09
0.025873921995868233
0.055809923055461036
0.11355443245392445
2.8636847738817067e-10
0.02537594325990009
2.271334289651784e-08
0.02537650504848289
2.515708857657177e-11
0.025424234370408867
5.563833551807106e-09
0.05592321601341744
9.150370637020609e-11
0.025375930941072947
0.025418896007826455
0.05638635760135894
0.02546362802777051
0.03052501270677865
0.06931585143524345
0.0416369509689412
0.17496971465166578
0.02654697283990722
0.06958552982427843
0.025417208151580755
0.025376404940724837
0.02538386113788393
0.05822180117482721
0.025376440348731304
0.025375944227570973
0.025422822830408327
3.7143115151876927e-09
0.05448694725479083
0.025867926878846398
0.08544626247136665
0.13824502556273865
1.935084276323993e-09
0.10220141187051586
0.02633487778465816
0.025376688534460304
0.02537619806175364
0.025375920062073436
0.02537635931629382
0.025375910675941228
0.0582044035912921
0.0272428617494828
0.025375945116465525
0.02537596918414146
6.877512939687423e-09
2.648664147830673e-10
0.0504337690819361
2.8635836804284973e-10
0.02538456751499777
0.0253772482964479
0.05573615653565988
0.02537608834645237
8.95890989546019e-09
0.05822679173147158
0.04799013037099864
0.0255223674589702
1.1644857614021625e-13
0.03391621250262832
0.054966078030648166
0.18623266591921367
0.025376339830290456
0.05821917146018149
6.111435963243158e-09
0.050752359539414524
4.404265944100033e-08
6.970055731507427e-10
3.985773490253044e-10
0.02537594802579968
4.208898573861693e-09
7.519600973836713e-09
4.605122683297106e-10
0.058159595958930964
6.783231934024031e-11
3.856638105145303e-10
5.112777798186732e-08
2.863934398469231e-10
0.025950510074313288
0.030894741807622576
0.08749366401498175
4.0648462823966114e-10
2.7728432686238684e-09
0.07362353696250869
0.025376184497851808
0.0582357374390537
0.027417097668071776
0.06740657144593291
0.02478257794372365
0.05704939451114039
0.025375957438967138
0.058263941847011225
0.05851021226724242
0.058405879888992575
3.124239625024364e-09
0.16903437599226134
0.02539591054447099
1.83309818181396e-10
3.6141209102725534e-10
0.041827208580456035
0.0626462095385394
1.005262876222212e-08
2.863580133080288e-10
1.922011331189148e-08
0.05130546291848579
3.5663899516329176e-12
1.4242233081092808e-08
0.02537594216286906
0.025444762742875784
7.825518538202488e-09
0.03624579578666568
0.025436165613339414
0.03617432318320689
0.0525153467791082
0.0577836027711321
0.025384122923047432
6.859083245990507e-10
2.594632618196461e-09
0.025964669623485228
2.0633450723355044e-09
3.4537537264447047e-10
0.036189167982336866
5.702374068961247e-11
9.505139551246219e-09
2.863574071707875e-10
3.7679059505528644e-08
9.429667112712603e-09
4.163944964904448e-10
1.1644857614021625e-13
9.336703810165706e-11
1.706515134183644e-11
0.07549741897073681
0.03262724300300065
0.05248438674629488
2.0920258764189773e-09
0.03511734313654158
0.02537597223295339
0.025376876816004208
0.025434345405982262
0.10259300533910136
0.051907893218247125
0.05822429254974175
0.02545221720951246
0.02537984994163924
0.025375941041679898
0.02537850263277571
0.025375942601297045
0.025376450706261745
0.07268002569625494
0.02537594318747475
0.025375941840619712
0.08086651389544182
0.061562335897879676
0.15446459725862266
2.240241904790586e-09
0.05038496800243267
1.5447817393560732e-09
0.0574240144954456
0.02537625876096704
2.899587853280896e-08
3.102760233897666e-08
0.09867246193476893
0.05815573583377201
5.6995401206448744e-11
0.02537594115252449
0.025385303322430386
0.0255744278128938
3.2374811326820963e-10
0.058241019712380326
2.8638304819261283e-10
4.2185042898754784e-09
0.025375952048521017
0.027165398230750832
0.15811950791940727
0.025375948706728768
0.02583232902482509
0.05182356796419908
0.025567122853492733
0.07901097874874909
0.0785444461206212
0.04254819202538018
0.025375940513765103
0.028841061858573838
0.03689744259974126
0.026247157968783574
2.8596955289322288e-08
0.025375940983128054
0.025522254794959526
1.0934451171342687e-08
0.025375941154673627
0.0255845790868792
3.057133050056627e-09
3.32191311845833e-10
3.821889550285173e-08
2.863513202297268e-10
0.04203236606953795
0.061242529184631765
0.21438602977467133
0.05833483346183901
6.543727592819273e-10
0.054031178470433525
0.05049926734379445
0.02537594901855552
0.061517446345210225
0.08334010024632918
0.02671799308371709
0.025376937268061832
0.025424848809917636
0.03369235692007225
0.02537594289204071
0.025376153309512345
0.15317643886393345
0.053570457619004766
0.0607496090616273
0.07896036154345742
0.05528564654066629
3.2784791094676434e-08
0.026043721271579532
0.025394281190572947
0.058230584319873685
0.02648093691026796
0.025382918033907992
0.12072231384615577
0.11322626932185267
0.025375939374651883
5.0474433832902156e-08
0.03708565231253354
0.05826775105960864
0.026729220213703442
0.0253792900718298
0.08934200826304609
0.025375943005609542
0.05454010022004189
0.05270129053967542
0.029519911307302568
0.22445170190188324
0.02845916859799777
0.0506340454907598
0.025376055959694555
0.025375943433260117
0.05265043304969797
0.02537594150332429
0.02537594342254202
0.025598947481999385
0.05822107696424425
0.02655045426870632
0.058313829326687765
0.05821938812595818
0.05823360147550584
4.3123675115389767e-10
0.025378868143623848
0.025551345046873127
0.058224563321960125
0.0582219477728579
0.06626331992454168
4.26871745526351e-10
5.574533199014518e-09
0.07083546692650637
0.02537849438048824
8.09697112725887e-11
0.058229141315174475
0.12191365796526883
0.02556071455007831
0.02537831310554091
0.058746132578350936
0.05370866753701744
0.08189768655554287
0.02550756014057665
2.402257695122401e-08
0.05446461861180005
0.1606765732421364
0.02537594814216091
0.028480007608346233
0.113145321513936
0.07641292891725103
0.1819006955724546
0.06901547626240606
0.11748376548023405
0.05165153338428575
0.02707571221827641
0.05825822524667906
0.04135738555697634
0.025380421184553976
0.05822497881651763
0.02551117776162207
0.058156286204616374
0.02537594105681524
0.02549076331144174
0.025376129933520317
1.0588163284835243e-09
0.055935185262867525
0.0253759458346568
0.058161203031537184
0.025376069299341792
0.0582824243462836
0.029704093098904892
0.057505380482572435
0.025378260017904643
0.14495510828651656
0.0688052389405996
0.02537597306009417
0.025378239067779987
0.14994001616023653
0.0754041704754784
0.07418409587934892
0.025381970659123503
0.054959648322257235
0.18934686450958674
0.02726757812836099
0.02537594280355741
0.05558561559242218
0.04128608131136605
0.02537795386549921
0.025375939994628505
0.07425461897688965
0.05177311141273711
0.2578783070392092
0.025481709015453536
0.16968904882422875
0.025387102359678643
0.02540072669728541
0.02691779555827045
1.086163633893299e-08
4.3531926700236333e-10
0.047063325500155816
0.058221784801028936
0.05814139337314285
0.0253759398896628
0.036368957371454735
0.031222727331407726
2.8527778237231166e-10
0.025379200661740816
0.025273253541738476
0.025383700129009867
0.027077134131983063
0.11931473913192245
0.16417470149253907
0.1570979824908152
0.22173831595437105
0.12720340120525647
0.3394418833178661
0.1322574839243819
0.11016631572329427
0.3142249934745702
0.12134514147706127
0.13339075630744213
0.11929810733819927
0.3201206735503012
0.1554290637719648
0.09739547407799827
0.02275669826258614
0.2336686537296901
0.11631359138388042
0.05800863566849894
0.08603778346866907
0.22840400155019355
0.3700002498853018
0.1396555556684716
0.3105244328573004
0.2328088040086437
0.14806509041113544
0.047250486023599714
0.1827633764088995
0.26724257542017155
0.026154793225443524
0.025985196660496552
0.01785015233880694
0.08165051609693914
0.18631477836211552
0.16296801810943884
0.058206410862115865
0.2840679938709384
0.13974712939704503
0.253389933188188
0.3742671687759253
0.2518783972774312
0.10676237238045948
0.2902240002133122
0.27262337228820605
0.18229958379169664
0.18352613098835174
0.1696917271220359
0.258429333503548
0.00047901513152472
0.08167134150924066
0.17168354898355204
0.11165127624162223
0.0007452661018232378
0.0732751913956958
0.20035453304646705
0.2254530157433771
0.18163695391110365
0.4163025034223854
0.22567674028595264
0.3404501544526472
0.34279720618636494
0.10860249003756438
0.1576034604695528
0.2932264024936705
0.026670206913375398
0.047443148159569716
0.16415312479769062
0.13753188689859286
0.11609252701615508
0.03126727411944332
0.12957407749394306
0.1301042603562775
0.11853827800645253
0.1683780254510486
0.3819704270117619
0.08439000688479145
0.10105130708243393
0.03205089416293192
0.2253769612998528
0.1996074596832687
0.12245191520105965
0.08493292588930679
0.1979435938982169
0.21703830407055996
0.07166130126691116
0.09743756335047933
0.2837109636716999
0.3118205977986174
0.23729590914252655
0.421695751737434
0.21372259935468746
0.3916311382011717
0.19566467486961853
0.3463326722901591
0.5915310294782828
0.3814284942985829
0.3360437448489787
0.2496848855697976
0.244716906639276
0.2289413646913355
0.42623956172645416
0.18021464365008574
0.1493094549644662
0.17974073565061904
0.16059038281074087
0.134114332940406
0.033790502890568896
0.15202120183162593
0.048975843114884364
0.09851943894003784
0.054075069646074864
0.08687209028127775
0.14920035277685004
0.22179651215368704
0.09037620086929632
0.13870268530794985
0.17634649936654306
0.02745982480489769
0.03249470682439873
0.24899717257747464
0.11811522273278698
0.09048266403103464
0.17819980322854415
0.0285890403204564
0.049289404529695685
0.13080014027946013
0.11867037320069655
0.1287507721502133
0.07471307513695738
0.10594197611929462
0.06465931003253172
0.03846764550882385
0.2244965425697218
0.26656768786106033
0.17586985793554594
0.04854709058913384
0.1782570893559039
0.02571405883718568
0.038291193601113764
0.2321019462585791
0.14972733602240332
0.14875445433367593
0.13750307447322455
0.3001559115688193
0.21056812338447825
0.12161052199274468
0.3903582873252933
0.18227213287750035
0.2871506036808357
0.02919262589900925
0.28053258327431296
0.14432399424523504
0.22261778469451848
0.10191218787071132
0.18617736433361665
0.16601427997318285
0.1394636763831576
0.11581756501800755
0.18772133900324595
0.1123395711978326
0.1182921365773609
0.10221063828977378
0.35888934118245724
0.2253911823874377
0.37188575434170174
0.14335401763036018
0.04296594700513128
0.025388659863079054
0.11015475854002277
0.060286080815982725
0.11345427687434635
0.058097544296859274
0.07599438411902375
0.05994797024712959
0.05665252133052701
0.12143015456662985
0.07552044469660722
0.05304015089534759
0.02539266229742596
0.1780252763582444
0.1432442422929111
0.026191571587190557
0.06941867530333272
0.058402769465799476
0.058407475571359
0.05810536813830115
0.0646075732762906
0.025376334113581683
0.0556490666850102
0.06510708681226338
0.0254431242141942
0.029461426211517355
0.06455974262980364
0.025412423575821196
0.05205405006158735
0.050042618178323985
0.044983887582183
0.08760614588299083
0.02539406082884137
0.038213366495146735
0.02537756801231409
0.0273942133189743
0.02538297809493201
0.29492516447881484
0.02547111952195309
0.025375815767695133
0.05824728809224294
0.04894860403895725
0.025375939840074725
0.05824254313090407
0.02943639282431825
0.026020218887034548
0.06088140757478903
0.02537481530544989
0.05243330818133447
0.09609576691912036
0.05841827206942101
0.051757490135704506
0.058348292312211
0.05792254760303544
0.13516405585342334
0.029072789577825726
1.7944073397423305e-09
0.025398719474992643
0.025376485504391737
0.03068017995173892
0.05348696064225197
0.026198246880190828
0.09328725601521742
0.06207373270906887
0.025558158480698496
0.124601352864168
0.0582420113027373
0.05067870269333452
0.042341697009990166
0.025379978387764502
0.05096299573454439
0.05692035035121615
0.02536875423186109
0.1609498237119279
0.12856500486111802
0.05625663296967896
0.05938010295853405
0.025715942097018104
0.07590497494391645
0.04839484051284297
0.02537594163854888
0.03341450058677357
0.04832222502922957
0.02576762925869875
0.044526180373425685
0.02538565066078569
0.055364360130025256
0.02583920896049012
0.0761128543102971
0.1279080256240725
0.10080399322673096
0.12808226859062666
0.05058281590052094
0.07938054368643588
0.028493920542049307
0.05120081159081796
0.03025714565849108
0.02712299765822984
0.06614607148584546
0.02988791473556556
5.672154858041076e-11
0.02583706263439376
0.11581755377384564
0.050953832120220435
0.02739412520174243
0.05746889488910858
0.056101776586445766
7.257755628216695e-11
0.058237407373800475
0.05018523752843899
0.12192198933911545
0.08283579783731107
0.1668682639807218
0.16864519055312488
0.058221798782903615
0.10464700934781276
0.14526633047752974
0.1279481339565226
0.06901336923768814
0.05645285037492063
0.04944753538782993
0.171970113224521
0.058138798592607226
0.1766976246620592
0.058022527165865576
4.062568824431765e-09
0.06464280174002371
0.05583912955850531
0.08602525668022791
0.06415323914434228
0.18824639319369896
0.025511680232971498
0.07398378251108642
0.03809485239602207
0.12298110978827904
0.13693217707028765
0.11963682858951452
0.10755297519678676
0.026725012483985584
0.09952036959733544
0.13136885413603128
0.02569465508429817
0.058692127327730416
0.0591432271868662
0.02538331871953733
6.353037718943013e-11
0.025717870853702248
0.18982920047401386
0.0560942759038162
0.02537594157553788
0.08829343136564144
0.027090459424173468
6.318585651341096e-11
0.08706745029573303
0.058243521809833526
0.2613833410823448
0.1883328635171912
0.2504917971531677
0.2659607513031826
0.2502882016945475
0.16663832521994704
0.0873603779380317
0.12619521682600934
0.0509151558771628
0.213248037933608
0.13040977628044814
0.02538804085187164
0.05076701146284735
0.02537854969574196
0.07542721496470979
0.06440497613806953
0.05132762806551555
0.06810414545498365
0.06843748882889872
0.07578636152820828
0.17210937509740412
0.02546202068163456
0.05859781677049635
0.05107152281359451
0.06302009816918508
0.16296036565401378
0.11689674341359806
0.05951187130083565
0.025382381680140887
0.07606718369198309
0.17973733563467206
0.04774413841733565
0.026250154524965333
0.051366666752355225
0.04541927027119653
0.031950972008432395
0.050512963438875735
0.06734723171877911
0.05481381857890974
0.09403709258892094
0.07879385458244796
0.14845013615898284
0.1464679575346909
0.10640097297455982
0.08892328154952485
0.025376628413858814
0.1000158341227352
0.02537613821835302
0.0959972658599035
0.09597835070042963
0.09299955242583482
0.15060292682660534
0.10629419190258232
0.16116175918518855
0.3128537132998192
0.08843713058979286
0.1778229922365799
0.04033025604201241
0.2950644403265453
0.07813735454206121
0.030271812637704287
0.05120213513276867
0.05086957165374658
0.025874920401726082
0.058262980930157235
0.02537657194905709
0.02537824858266903
0.05821075740563567
0.030223657872592995
0.055365546656110716
0.0583881974519644
3.5026468132643974e-10
0.061119779053278686
0.055371296918515917
0.055210564889777054
0.12719573601393702
0.12886172865395254
0.30304852774767965
0.1075653933639395
0.1204545134085234
0.1122569148149876
0.0711938566081817
0.026179646711415174
0.05756188512112015
0.057651779143041676
0.05952782290381429
0.05502945349898533
0.03776820992321416
0.025377995773322944
0.05822764815838208
7.671116587283536e-08
2.9508287049248053e-10
0.07424012455352569
0.0609493820843347
0.14724841609598144
0.026045430338476047
0.0769305754473352
0.16508803751523116
0.0518575887961406
0.21155731794206506
0.02535624202330116
0.09096258501575648
0.23514220768993824
0.040667444106001385
0.2036949053407543
0.19192400959046527
0.02537616548275579
0.02537022265403684
0.033406991776915536
0.0303869986359534
0.08291218974936537
0.05910293057364995
0.1979553846381228
1.5177563878570348e-08
0.019970412313861062
0.02537508271491356
0.028273247380074824
0.033849703897068886
0.027881896865866077
7.671116587283536e-08
0.02673202738221925
0.02921462465366852
0.14801871520352808
0.050365294153408464
0.08846029206368912
0.10552053388881637
0.0471037937106502
0.022725605413083858
0.02537130829207346
0.025376008705303852
0.18336028667985052
0.04876423937343555
0.26137770523572057
0.09027600239930604
0.06830612041181078
0.07740750766321118
0.16757979441618426
0.044204642265204715
0.1008613387285132
0.0735815602237328
0.08925135120680039
0.18948979572748045
0.0431670554633255
0.21046100906819426
0.17729281955829934
0.08843392004987335
0.1258586636260024
0.02537614724033724
0.025370326720771337
0.02537549148452829
0.019287091571607403
0.18934260616967535
0.2680362293626256
0.29845495518861737
0.3648177231500995
0.2547451705581856
0.3203635315157693
0.3410436767433537
0.13803210876187405
0.01141003894081463
0.2148163225370476
0.06627608738529395
0.2862353257796528
0.025674020420049792
0.025376948759828412
0.3944065429103512
0.11123258759105382
0.2017197976611224
0.2864295737202969
0.08629481631973769
0.2361281456860902
0.0329783602427183
0.10001421250248173
0.3198899791902465
0.08469723711219201
0.0257078286176109
0.23667581003168586
0.006115993385556406
0.008907943729265937
0.08792971410489987
0.01139377838683918
0.07258540320048168
0.025380271052551043
0.02537960840217389
0.3681508164498637
0.2392115245917092
0.21917721329887635
0.1256406346418064
0.112591334156269
0.20669740692276767
0.21514780323692384
0.14228238909673235
0.2570290877041775
0.16215215216597964
0.11270350729113172
0.05640672736969689
0.21969549539285935
0.3214115229336178
0.14744331725434862
0.14113212942710532
0.3539976068795106
0.11288853287734593
0.17225358861806964
0.13362243667272547
0.052103159919981525
0.14888520609843156
0.02540178131607937
0.10656778138711637
0.026950524142486672
0.20479280129448307
0.04310347668437895
0.0583537945841603
0.06408450724054345
0.1333982262105153
0.02537750403578113
0.12096842670242952
7.671116587283536e-08
0.1131911806828902
0.06608717672504236
0.1818056720153403
0.19160450915929564
0.07980288208705225
0.06660519222499643
0.276655697408359
0.12239149704842822
0.01729005362479993
0.11371580542465633
0.17736356596230304
0.20693446935288534
0.2631038653679061
0.17955471116813235
0.1191952339168522
0.2453070900931818
0.1662369922671061
0.1941114845071986
0.2520594616311199
0.12249854122371158
0.19489282116340576
0.15183989983275456
0.09751923318288147
0.1981357729270901
0.19794017389209187
0.1546960429132463
0.05946919097795843
0.08405332216466953
0.3105275267831185
5.601499729517769e-09
0.16133516295341424
0.07400931185230812
0.13300512501155173
0.08498183551725205
0.1111049995357536
0.09333490090965066
0.11439919679015605
0.10910407038859074
0.1024476825638161
0.13586333336483136
0.2123742960417151
0.1254560459697552
0.29722758134829663
0.15572405977128811
0.13312425084894255
0.08471419581220511
0.16306198318951395
0.25613571577950023
0.19685988840717053
0.06234437107549076
0.18411299024276914
0.12072770521144956
2.996109117611811e-08
0.09457337086666734
0.05654744874533137
6.037742986749741e-07
0.025376126848547752
1.2905417381060466e-07
0.0253696968674916
6.036908048060426e-07
0.021099998900129528
1.0263873838561929e-08
0.10041797252861692
0.06861055216593581
0.02556182593493267
0.04923136534319117
0.03203962057533884
0.09190458180403896
0.0269254907481698
8.995689850860917e-07
1.8169971694198637e-07
1.2202588745309834e-06
0.02757896701891333
5.127557968512474e-08
0.025953078696729973
0.07359235567728982
0.0249818493467086
0.02533156043347743
0.02620614019990873
0.05225703787542372
0.12298455573114925
0.14439606082765544
0.1064165997297792
2.842016675214003e-07
2.3129209272331942e-06
1.5549716510309346e-06
0.029154659675930908
3.716391451449603e-07
0.04697554856453201
0.02537744695365729
0.0251407365605673
9.281547870547471e-09
0.041438157787414484
0.029603441422525707
0.025428170729313755
0.02548945810497776
0.03107235885310052
0.08552545466664797
2.155762643510982e-06
0.025378223806532103
0.02537617620337197
0.08071654805744519
0.025378153788198226
6.027853221750493e-07
2.7336642345363264e-07
0.05794430384245384
0.053021089405051916
0.055351147876853087
0.025380509119807344
0.025376164482230092
1.154815415960448e-06
0.02538733364887983
1.154815415960448e-06
0.025382026698116837
1.2109507907546258e-06
0.024832783042597804
0.026339571806716942
0.024132580139151073
0.0253759329155398
0.026137809205103956
1.5549718457900818e-06
0.01030218892302302
2.5798212810974976e-06
0.02548810462727731
0.0253852003203198
0.07435948374599895
0.04902721892909738
0.07357265389287101
0.0253905366147214
0.1310984361776249
0.06888302926982719
0.025423478454069063
0.02556047508481029
0.06381923940212518
0.02537670669850169
0.06977029444772824
1.352518167517868e-06
2.645782385460761e-07
0.026225983421007654
0.025964642521008344
0.025399667968762682
0.025382622144116147
0.050272992356593126
0.05589503041254651
0.02736034552781089
0.015840634469097267
0.025367884211372357
1.3204764050088921e-06
6.039063718823861e-07
1.816968405540336e-07
0.02532426720336797
0.025376317495073242
0.026630310419385662
0.025844885115393863
0.02557593997770966
0.02537600592843357
0.21525190349813125
0.030408246575496407
0.031714417578847916
0.09859482313067963
0.08298776328309118
0.03334857162979797
0.025377732364326583
0.025376509650758928
1.3801398802920768e-06
0.05643627787747488
1.5636956044953496e-06
2.6604996893971536e-07
0.045814827521778866
0.07225112209329147
0.02538760197954864
0.01131457667524473
0.025476272340457257
1.154815415960448e-06
0.02553248473503944
0.0253763375303617
2.8347507740247542e-08
0.08326722356851342
0.02536560972135929
0.05117180545705608
0.025376310189002986
1.5549684773285385e-06
0.08131373308211083
0.025376645435398814
0.07623514341327732
0.025376065164381012
0.03853328213581073
0.08621620840101132
0.10941721552974283
0.02721146236755194
0.19754173925414528
0.07971402565516639
0.054371282317523584
0.06548327098256099
0.07581929792347195
0.0260008302975227
0.02915885085398816
0.025376648442862904
2.712720631037204e-07
0.03005032041062625
0.0253865183861548
0.0621451570578932
2.8419903789700516e-07
0.025481463307330948
1.154815415960448e-06
0.06496241968195414
0.05797835360137521
0.04722341194165562
0.09815941551395793
0.13387360245060873
0.05149706007097395
0.03846837039514416
0.025868249903698192
0.04778416386532475
0.025383510051912327
0.025800615449275033
2.7316037475495626e-07
2.695006899573233e-07
0.02537603716134201
0.05904129390940328
0.02538189212445558
0.025743703129784426
0.0259352502637022
1.154815415960448e-06
0.024192187091778127
1.3292625984110178e-06
0.02537599057645579
0.019815653295618456
0.025376103245287142
0.02537582856799802
0.025376658564255836
1.3165400032479068e-06
0.11279715570028795
0.025373477245363797
0.031707084822921026
0.041183662008388265
0.025329485006427174
0.025376746785544968
0.02537600570265581
0.056960656461864725
5.1857097814391904e-08
0.05616132338851131
0.025376738193952492
4.327420782573361e-08
0.08602763272307762
0.025376145440894192
0.08572645370156062
0.026073088391663148
0.1027691310752764
0.06540291640639405
0.21459788140805872
0.27280664566946433
0.05873269596296825
0.16120015740907506
0.03885484257629112
0.32417690020589546
0.3463072944386601
0.14320464179221276
0.14665072687597175
0.08701795611117284
0.032244194043580685
0.02538399810127829
0.025376523251523567
0.057960878911462274
0.2517950999058284
0.06082625953652974
3.0391923522946055e-07
0.048807301658068236
0.05490708129438023
0.02538581767507057
0.02556904459452247
0.02540149141193196
1.331574759201602e-06
0.07343648579073317
0.34289090132854794
0.347277748910594
0.1446264025710841
0.3460295686172683
0.0807026244883987
0.2816569143542306
0.4008902950654212
0.40112034017807696
0.16747837410737587
0.3921421072167508
0.2525345721441356
0.2798237655741936
0.2260466703835104
0.2671471742283037
0.2864897060259609
0.2428261758012767
0.037953436662500215
0.35320816214677564
0.1524963721192015
0.02539854034517124
0.0323784800112696
0.2264994333724199
0.03239385336549988
0.021615479692208558
0.02532651562257739
0.22358572071783805
0.02537647475939601
0.02526342609547885
0.12256854131771346
0.10513634484030326
0.11130476727112062
0.07831463049744294
0.08440556317481546
0.13258778260368329
0.07671631006219316
0.07793415388446863
0.1066381135672064
0.15038096477853255
0.05686333268846293
0.08916621335802008
0.08153781733169574
0.1063186640214445
9.039176333059829e-09
0.16919155036545386
0.0746212181708021
0.025864533517362426
0.029647546588970536
0.06209008788713465
0.025048666923443857
0.025376090556038046
0.030462166158461288
0.025373221382777908
0.02618825678146466
0.06649195719295962
0.029028723737210355
0.04516388048654532
0.025375783417138847
0.01852374534879516
0.16681267910183706
0.16000501197080322
0.091547077800379
0.025378036349047492
0.1614055920222669
0.0722442211475411
0.025376004545908302
0.01192822831486215
0.19050133100437133
0.0748343856304777
0.026878990755395127
0.025383552904936203
0.13941509370740607
0.04433391320162658
0.025727166182250003
0.058163327469137084
0.1296031957374037
0.11484877514371986
0.05717633618959216
0.1728221272338134
0.1070879482835421
0.059642019443935025
0.11955111407173505
0.18651456258981086
0.025567826245444614
7.518057771763385e-07
0.02861015692565015
0.15246233137765805
0.02537695562378187
0.02537727652220833
0.134457491691399
0.11068879941870376
0.02537926628894311
6.61722986819551e-09
0.13638615973083207
0.2516165100289464
0.01909799499288829
0.025262788794382214
0.01688614287080617
0.02419233246263642
1.5038345782950418e-08
0.022503794157063998
0.025379894402803888
4.2395474397254484e-08
3.1232878402428635e-08
0.0253760246357273
0.01634273420787091
3.4131253575074703e-08
0.034679920798371136
0.07479693087221065
0.0917328015983506
0.2368011280028443
0.08649523920999823
0.4284360466751971
0.0510517477943474
0.025380707716273328
0.17496026277632598
0.09508037275289914
0.009242820885396871
0.08801424281449648
0.267017247573536
0.02589599617116704
0.05045875374112691
0.1679362484058808
0.08603381649037782
0.03868640588714738
0.17733051632069768
0.08963465436647361
0.0790547193089435
0.03207999734104078
0.025369297128357025
0.08494757510796731
0.09949014012258277
0.031538623496580445
0.02537664479173181
0.01012342102076328
0.020316921406099888
0.1036188213282904
5.319992168085748e-07
0.027442507374204537
0.3043529346521809
0.025379630677041867
0.024933521979597795
0.05190515687109335
0.035648709817799384
3.7533984196783036e-07
0.016828163474008243
0.059385119639999324
0.025375932947535467
0.09424334349274198
0.02560339335168469
0.0765362453311064
0.13725922650349245
1.04867783824359e-08
1.3790141411326387e-08
0.11220606574608354
0.05323927519468216
3.932604987568576e-07
2.0481265995063345e-08
0.1329992698339706
0.1908008948211416
3.278450962018733e-08
0.025380156518686896
0.20378955699420767
0.057350786944312074
0.09608428377591192
0.04453109109014935
0.30644621395757804
0.19386880160883396
0.04807425542589214
0.010230944536445932
0.27444363271192146
0.06485904034550423
0.023891319645464884
0.05556159416550053
0.05226430713302772
0.026980615279185726
1.861400284988286e-08
0.08355866518674568
0.12340530791515665
0.08879783579342712
0.05930978534642376
0.10859189569035307
0.0840917600758028
0.017945147420728804
3.298047053053744e-07
9.238580559695887e-09
0.05266583465314168
4.30986412499575e-08
3.299882442837986e-07
0.02565168433884452
4.3282607191499566e-08
0.025376779932955142
1.6270046677780306e-07
0.010037036373593277
7.429320619027235e-08
0.025371329687167973
7.371474255758416e-08
0.02537786423828174
0.04377937377434287
0.13558684319780576
0.025391198933322867
0.01986702839837912
0.11315810646574564
0.16837451234015546
0.07063218810381877
0.2723487801359493
0.09766734939872136
0.02648305660334326
0.025373190363770958
0.010535077778019295
3.9324923206174507e-07
0.0774513492914491
0.1600513706180232
0.07255140765167052
0.3335981733043634
0.10100856485409328
0.025377204166953302
0.16802762610369998
0.17557726021911174
0.13048294373709504
0.016810249711440056
0.2983143430474447
0.08334330644574213
0.15093182867684096
0.02295620806526125
0.02537738327187636
0.17344485275184945
0.15045741788183167
0.053921026184364416
0.011671629300495765
0.023596528510866185
0.09814161596498584
2.082012002220073e-07
0.02537651085903472
0.029855808274767418
0.025377849395682203
3.1138052401091965e-08
0.025387416698354183
0.17422803688194893
2.418538533126203e-07
6.812192272947077e-09
0.025373566933694143
9.232689436359466e-09
6.444985828243363e-09
0.05547652082156487
0.02538765959749438
0.04337881799028893
0.025359027647679718
0.12196278150077727
0.058268335561745425
0.010228727464855562
0.025376906586971268
4.365113946537796e-08
0.039876298546731664
0.019926564745449567
0.025454771883731263
0.126036768780658
0.3391416807952642
0.04010850352034225
0.13650871579525994
0.18097129386905125
0.17363899476478276
0.09313799933157896
5.857749068945093e-08
0.030165071632777762
0.15606852350490574
0.03965150010544129
0.05802149420109354
0.03449781224297551
0.10304332780273427
0.025376102640271427
7.264445500887733e-07
0.02538855215644399
0.019385925178912185
0.0253685740579222
5.04089659674417e-07
0.08092697964766549
0.04052315217878647
3.1222234884078167e-08
0.025371265778207027
0.025375287574594257
0.046789864215869
1.674064190878127e-08
3.493886803644112e-07
0.05604024412525562
4.186832028345272e-08
3.1228776730484194e-08
0.02537610455096926
0.07526871631786773
0.024359769038539984
0.025374524836029592
0.0676519763242906
0.17204336121448846
0.1335196735416812
0.1728243573357121
0.4316293264703054
0.2511851822707974
0.18794810102579246
0.4158494411344086
0.1900984972916418
0.17214565916516494
0.16846895011133994
0.17112292484253488
0.4297624836257892
0.2375460356035784
0.2473846344114499
0.17226657046047292
0.17259272264464648
0.17488551224559465
0.17285780992931138
0.1719938293311171
0.4454197798141712
0.13622636134584026
0.03442356967530552
0.21800158696334795
0.14325490769298355
0.04301548099195576
0.07583001189158864
0.12514099103588033
0.08605564636418643
0.03205561022644905
0.1962094557011822
0.3304505950645004
0.09603969138134454
0.04442353479955876
0.1723540200487055
0.08944327083696765
0.05339199250330244
0.12147070489233446
0.08172149991311174
0.09125626411032384
0.02549057837477444
0.025377514075322228
0.15862879768187768
0.1698812725445075
0.012757784784289879
0.07194008500190703
0.025377254557816486
0.04893483907572057
5.30474643019089e-07
0.02541144386538882
0.013360451002969636
0.02535749705114069
2.0317513060192712e-07
0.07820978666417322
0.07085520960175981
9.409088921471863e-07
0.0253748889936548
0.1099043007117341
0.1540728204382622
1.0288804061263004e-07
0.05073202586200301
0.07271132272024006
0.04680325877466352
0.009426020705815958
0.0225058360271543
0.0563933328330098
0.029423751681973507
4.21127696523433e-07
0.024649836253818308
0.26967260859009184
0.18580652032045186
0.025375853623330058
0.04179636861851632
0.1810461201583367
1.1291071976349358
0.2373969783828773
0.1911858967418632
0.8064866253336397
1.8399883351455943
0.6350716945154286
1.2368067673507
0.2517979979060268
0.20078237429244672
1.5005946068496654
0.1551196736040795
1.6905106691743046
0.3644309448412761
0.26039993870327754
1.9436071408355515
0.7802298352846149
0.17533958717969406
0.4426019440449337
0.7994809711892451
3.438304077060867
0.14091142858712682
0.29904797194344235
0.14727669716479175
0.03349957486968188
0.07917836454304837
0.08148872218210125
1.6590540433045367e-09
0.003594527247862869
0.0253985356073075
0.12394462902613693
0.02632539762674511
3.761054404112847e-08
0.02630131967224417
0.02556726439083401
0.3910619269925029
0.09255617602876716
0.1421922671491933
0.15985702776350896
0.11248465373912386
0.12520941949311246
0.020652841465944115
0.09156737588449036
0.134538356663196
0.2283178643142983
0.20602058143750165
0.18305644907409588
0.8753412090261572
0.1021058142549652
0.3905626584726015
0.15203404811187324
0.16230070673661529
0.025382940765817957
0.025533203840258083
0.025375492281279503
0.05834615910933238
0.025376134817230327
0.029659679258628176
1.7023772681861852e-07
0.02537724547359768
0.13630926416348518
0.09282230646749988
0.04522505836840368
0.02563659379633822
0.08393786530509513
0.07081729421530178
0.2475695482363908
0.20414101671390664
0.05454790427014746
0.17254357471136916
0.09677200304975668
0.025103832433961724
0.174825435876039
0.18785693548147234
0.19359149228879255
0.1933516901252104
0.2762860051724615
0.0913818400503904
0.03254160490434601
0.050445922469310615
0.049245557767207036
0.15964189453635824
0.08204610566358432
0.07856607807325858
0.29769294918457795
5.053736123511793e-06
0.027266939782416368
0.09324406892553287
0.01002719611486338
9.208666173789351e-05
0.022018611282460743
0.15988076986051014
0.010034420393742813
0.03367036164491778
0.052076963972722906
0.18430201320676604
2.9417864159823917e-06
0.1047426946502382
0.07159522690384686
0.03825213176348718
0.010025261139776271
8.637973090749122e-05
0.010025222756196994
0.02495005514777033
0.01008086700983246
2.8816975368207777e-06
1.878861011953374e-05
0.29916754702711884
2.551078449167248e-06
0.025376396659095867
0.0253838936273884
0.007289315618580302
0.025376785038532572
0.0253767828592793
0.02603261288688876
6.547399957238446e-06
0.3523027560731807
0.07784617771967116
0.16280441049802974
0.056586056288835875
0.1711794803197684
0.09975651961563464
0.12496608685294537
0.2718123091594332
0.10605166977174874
0.0897026690284724
0.07786349222903602
0.013655752324952504
0.09548744084647053
0.02537841148811368
8.217696942635575e-05
0.02540812687473451
0.17158223629766373
0.11202282781045596
0.01002731814950306
0.02538004162362572
0.0262806681703659
2.4051426214623758e-06
8.905407804700868e-05
3.3667619821946546e-06
0.025633991889636627
4.1453795757939076e-07
1.7312998558640617e-05
0.020135559164830067
0.02024093410579694
0.04331394257655585
2.7965171094123313e-06
0.02590111208970545
0.056212874159642996
0.025376848562002063
2.173727056510288e-06
6.787325948469838e-05
0.025401804367393945
0.010166488901436113
2.8530079603824385e-06
0.01004699668727228
0.01973331206521351
0.025025156117811902
0.09521412445768317
0.15751902056218828
0.010027674764869356
0.1938784398945842
0.010025084060847057
0.06912267940258399
0.09710592057653326
0.4339880082797493
0.2331468638757312
0.0230140539765188
0.43123087516004294
0.2448328711543277
0.05926001371434594
0.035619455726253586
0.2651626238423804
0.058419545805821274
0.0001385703992837529
0.17601986877213122
0.4353835331511315
7.105399859793874e-05
7.255078047980534e-05
0.13888287800187785
0.03427160802252573
2.5507829785402385e-06
0.027717220308345586
2.7540788466119317e-05
0.051246846474216685
0.02484365384627519
0.010323501094939022
1.701470680116833e-05
0.05909531929903933
0.025449966252207374
5.910997907395027e-07
0.05506421545464395
0.013793256944698651
2.4482826981584215e-06
5.909761791882436e-07
0.025459758253495352
2.73888033923047e-06
0.025387451534898044
2.4928050022225272e-06
0.010238443346932606
0.4357369914802892
0.010026290814984658
0.07853251730477287
0.21284019649230654
0.42879729531843497
0.35876536940740955
0.029987429988562388
0.43355566150611785
0.2992581386443153
0.10789315598383467
0.053439271266213687
0.08802769277095117
0.050937251996212136
0.4436390483873528
0.12165182828034275
0.010179518638855476
1.0666293966350712e-06
0.09883069454383467
0.11145443756391496
0.025377369500003598
0.1823347370312144
0.15045761540963404
0.05035784884400227
0.022654665448093296
7.866252300388566e-05
0.09373202743512783
0.06310959136828742
7.87764131922272e-05
0.025378244955936075
0.025385797009220282
0.02861138105684468
7.306861951042653e-05
0.02537716107874221
5.576712304954859e-06
0.024864507916465186
0.025378362293147088
0.02538280799222174
0.025739344660808062
2.575203179017855e-05
2.754803073315863e-06
0.0061237903795634705
0.0253778280339819
4.995411245345015e-06
1.6855209934780172e-05
0.02538648840617768
0.04609435976116342
2.527577423712035e-05
0.02537541875068172
0.02547208845583392
0.04999724565049059
0.06098796426531575
2.6432785215801238e-05
0.0237829186096208
0.0904763619620152
1.40388435268461e-05
0.23821086257793345
0.17250518565276998
0.010026431037005772
0.01002640866703735
0.06505371070001505
0.17215110916940976
0.05078959403555563
0.14547718488464445
0.22047293199844006
0.204401957145903
0.15637419193659094
0.08881040429211529
0.06715681206332927
0.0244132688610593
0.2001676854312072
0.025394178253599943
0.016399717350388185
5.240099920808833e-06
2.519547752401823e-06
0.02537585348914978
0.04255472380534744
1.2792659830099047e-05
0.0253771692869121
0.08052515109305472
2.8946387200114863e-05
0.025963879547338174
1.4099168454566892e-05
0.012772042474827982
1.162090791579295e-05
0.12178309922344766
0.038077700890421035
0.07415823795507405
0.17222001389612535
0.02538241442630181
0.025393359484066697
0.07492769805174665
0.025391771246089725
0.025375997295029082
0.09841219134208028
0.11155038215478116
0.027955452938853792
0.2029561960550668
0.03661679944555209
0.395136769336046
0.31914175909301323
0.1147498958416351
0.20080950181412896
0.07664224502217871
0.02540709620980493
0.025386558975122608
0.06318087916915263
0.3951112761261045
0.4093201520033703
0.07971270236855978
0.05262054134919518
0.1192575426825662
0.05064675993226303
8.372674354066822e-05
0.01002535869864452
0.025406040467508783
0.025753229375129826
7.592311456437781e-05
0.03150638355266296
0.09863649712243117
0.04905893322078656
2.9121521376049018e-05
0.08088639471419933
0.07619237310890492
3.0066325228625978e-06
0.08283897783207371
0.1603209594427058
0.010205414413536968
9.747897389772943e-06
0.021818105014246896
0.08747364841068604
0.02539066037148293
0.0182989584711578
0.02537876447546321
0.08191545924225545
0.03241184283376308
0.05831283071690475
0.025374003742033763
0.1312431224426107
0.0428047744642017
0.03347615169294712
0.0823701285760976
0.08908754209793651
0.2567580463989814
0.00013550508219511436
0.0291852243632669
0.0008149033454832174
0.02491998315714664
0.1169922469166772
0.07203250960565342
0.10996444782035512
0.061162544323105326
0.21904618557574704
0.31133874594009003
0.028106414505584564
0.2515474431387673
0.23600563835413066
0.21229267666189955
0.19821446926516348
0.3890154057008551
0.2574480791815002
0.2003868165794104
0.13065978215170027
0.07916752433037351
0.05691130569235766
0.119998537190607
0.0800918324755258
0.02547746598004548
0.040696272195378864
0.0004316166829491109
0.08133723125960503
0.10667757588301376
0.07144755526504673
0.1460994470532799
0.05713998983662937
0.1259687066993921
0.07025369626769476
0.19813920994718653
0.0995793880255416
0.2280305756773994
0.1631046524314167
0.19771501581412468
0.20046935519618
0.9390860271223098
0.2897394610537994
0.00029389353572783643
0.07382401182603021
1.1876423694766259e-05
0.15543200682320527
0.00011985705993281311
0.30475856489628234
0.1447872185426041
0.9447846123844096
0.08575448237859816
0.246853152761483
0.34649536088051
0.1794039839343447
0.43584125758920783
0.3028625769116521
0.3235899197110181
0.0730481050600883
0.040793011179552086
0.14549356284826492
0.05892402348852984
0.04855853311981028
0.0407366956768246
0.0002266250890926105
0.02780185785671227
0.07845744513956446
0.06549005625098989
0.11551014214980215
0.06862900207662387
0.07319688924963284
0.20345381531916695
0.14522790863384785
0.3727829235290139
0.11961642775166315
0.295083886429684
0.3287641716068936
0.03528247892420353
0.3442190039216996
0.03749718965830885
0.26684868213217217
0.12519891230523453
0.148971097399626
0.0367696609422041
0.10713164577982606
0.5530948783520613
0.10576820027040572
0.19887381739992707
0.3092885627812803
0.281215572159115
0.2782794995901226
0.12078895042362225
0.27745924122680005
0.24191101059444894
0.318131361320498
0.3140491578639211
0.13551840438304674
0.3364409170376003
0.1737656190473244
0.26918216213390805
0.40253767045688005
0.19452858605259213
0.32489967612472426
0.043155398464868634
0.1444800446772637
0.05660069410217749
0.09219950658236754
0.02558443211713864
0.025707716036367803
7.158607961115995e-05
0.15257620059302288
0.19679675046606465
0.13461550716734208
0.10515483432201506
0.1992184702744568
0.018433287028102242
0.221814444137752
0.13343018887682884
0.4149545395434169
0.15964294369602794
0.3071677894780592
0.37923839216542216
0.38880698731039776
0.2799816345359979
0.4014151079654608
0.19369300238434572
0.3578621283285303
0.10597417828297093
0.1203727044328124
0.148724754347797
0.3069510741532113
0.42381520053183785
0.29998673628199085
0.1651344287446159
0.10073156934729516
0.2849466890680145
0.20625309065288144
0.20135179034918496
0.2465329044803549
0.3727905284317382
0.3187156037654181
0.2817013945785704
0.342816586631101
0.1624804086712985
0.42055104679417865
0.2952476684044049
0.3898169217299882
0.2478776100677959
0.2352263806909249
0.21719705975785256
0.29636098971461844
0.15078919532315066
0.08622222017988904
0.1363572154877266
0.09472355976176317
0.13556168606287824
0.12088504625159495
0.051652522711190266
0.000196243962138381
0.08545628701375724
0.09557649684355474
0.06571652901216965
0.11475621818811997
0.07738416677964738
0.18307677380442888
0.07192781727290293
0.1040627077172072
0.07042282054349143
0.2308394911534723
0.324929604949665
0.09562423004486187
0.025245551729435458
0.4113481846882631
0.08174651876472215
0.030328277674498732
0.0715913828242897
0.05052792343752782
0.2448221535595908
0.13945958863840974
0.1809324713390836
0.09354337790369503
0.24835090719543784
0.14644178291134125
0.10468178185681977
0.28310482903597084
0.13552945888662274
0.31539302235002875
0.07977563458781231
0.16113595301207936
0.11212096031389387
0.09066138934587847
0.0252555576603283
0.07387177716601602
0.02519927971746757
0.11208600026284092
0.19109178506320093
0.1256625370144839
0.1182490795972322
0.1523660170328291
0.03448452318320773
0.087181548334336
0.11101933519257336
0.3054515117642453
0.10896858741708124
0.3763896296008872
0.1947263590529846
0.19325947216618491
0.2106134710540172
0.3238349130651801
0.33681397231727983
0.235058518803468
0.13442824671583647
0.08898928131180535
0.19382159457139508
0.0255750422584352
0.06577216509657333
0.01476552690563573
0.09357789088921796
0.1282417067043745
0.24498702927957386
0.3518883975971082
0.10471509970446292
0.03364738175222664
0.2557132220363442
0.3264120852755197
0.12563324454268726
0.09007630406295268
0.113088008064385
0.07475682919697045
0.048005936271533454
0.14204375823753065
0.07678214821297116
0.18250447460196967
0.07779089546137416
0.02592080893172103
0.04850388463121013
0.064903340327261
0.14888254666109044
0.3279673015439609
0.10844406736646957
0.1428368339930657
0.15094701562216528
0.404434803913314
0.15489280046735698
0.12074535384648452
0.3568547738139595
0.2382905803782008
0.3973860380150181
0.20101620585214686
0.13935262771331502
0.059576406249717474
0.059899631415293
0.1431069019387699
0.026223132692444744
0.028277447087849038
0.04623387924651174
0.044947932063233186
0.09517803624326343
0.04930070838827828
0.04324961500236395
0.0009340549106013858
0.028268041053280155
0.02770376282510232
0.05862482454550659
0.0002643865566198836
0.048776716080669004
0.027769697378211517
0.02925450510724365
0.0250053528791784
0.026730338914017625
0.04570362323917663
0.024826669955445337
0.20436949845662591
0.08127478188506608
0.16323997793315842
0.08808013492457123
0.07207740976312642
0.06883802090961948
0.0005402403830362453
0.0002440035520952272
0.035046652733015334
0.09425995587530224
0.09463063725877406
0.017810580808953286
0.1767231448667716
0.07235009862440413
0.1327358097029488
0.13356687246711998
0.09453013454314264
0.11837852086749386
0.0651117014168673
0.051621761391592864
0.13176462183100135
0.13673614043591412
0.03965783961670906
0.0254773604001766
0.084552282963828
0.08319257620895314
0.07086568390119581
0.23417225772095665
0.13764269134183246
0.02537641245875356
0.1289150576026907
0.08162392900229716
0.08164446124045792
0.07767633138976529
0.06632677359044584
0.02536999020494865
0.09327025231345333
0.09489286506131
0.02537602358106989
0.02538330366862953
0.13436576544222173
0.1353325618138888
0.03230841089900721
0.2500234945583515
0.04872565135096668
0.027901067575252538
0.06727231876016862
0.16967815869616598
0.1185324634815669
0.06409349952301902
0.02537711625669284
0.025375937454053504
0.02537604109483229
0.02606857076651835
0.2536696004773212
0.0537095761617746
0.06182645770044996
0.13501465438091198
0.05234386198607981
0.18153777944286106
0.14521263420027325
0.15487782623160462
0.0197044477707583
0.07321434731324904
0.040808811013140295
0.0764342525335116
0.033500432764423924
0.227111484743378
0.05108080232043631
0.08238953756055427
0.1196998384765412
0.09577019455822744
0.08276114217059609
0.02538476834691901
0.0860496781182491
0.0759610986081776
0.0590117351333485
1.9448120641568728e-06
0.0903571674685842
0.06434852073903398
0.07536726701091262
0.08839170144282549
0.13925444284493613
0.30193071226802115
0.11003242247094447
0.17462445306500698
0.05088914263184083
0.025367270103476544
0.16166090671025388
0.0249159401110287
0.07817456934185081
0.08668933397526853
0.09797671009038547
0.016170153854787792
0.0683885350645106
0.025375880490277527
0.3268820205594833
0.13724711937462938
0.4264144506688851
0.155174419118573
0.3131408825816303
0.17260342025530195
0.08629657031833836
0.02121359182173003
0.06788613701947924
0.07179529127231972
0.11899793533523033
0.11140744909267322
0.027027128249132004
0.07895340036490996
0.025379718018568285
0.02128796388835381
0.08008725795287636
0.025479211757663045
0.06338987170069375
0.14014146014247322
0.19011389288399536
0.3047527745929202
0.19854529903537
0.14730664181163447
0.19016689283709848
0.3036128688820365
0.07133525412123501
0.2069573046311216
0.10440129754839853
0.12397073405564225
0.1444975913291579
0.07874857071352251
0.026012676846371763
0.02557972545191768
0.09646189515195366
0.08627740351573099
0.0255752505615714
0.025281195522200543
1.6818394444283526e-07
0.025375909408882884
1.0147014845375996e-07
0.01427713830825285
0.05420522927775835
0.023798807083879662
0.026020479705086537
0.04239940926575879
0.1721676154521467
0.08162008467620363
0.21730790726125573
0.14102130272702024
0.1922537071079608
0.03891076788608962
0.047529290609475486
0.02537657917408418
0.03633479645711544
0.11151962616892004
0.035580036250856456
0.011604736366157114
0.025375976536251538
0.0643948034816971
0.024970966015761743
0.08371408344521147
0.021035996387972933
0.02537848253609661
0.0279478033673001
0.025414731923660026
0.08732089022126786
0.18874434803692935
0.07500529468121805
2.8381675219942034e-07
8.101911412438896e-09
5.378571697555335e-08
0.10108695754138927
0.025385383078897213
0.025376008066487092
0.057792372548761774
5.6305700563976445e-08
0.025487147200210586
0.10046210694128772
0.02537670006001097
0.08988701840221477
0.10392956551142736
0.15570211822384414
0.11301882265536613
0.11701680096577925
0.0756259520048319
0.08363453750018754
0.05584216632447163
0.07493650793388276
0.07462530567226898
0.02937612988241808
0.025433532145618287
0.05610243789244556
6.001888812627973e-08
0.025371772613680052
0.07571514829160178
0.030812390968990636
2.6748683803553593e-07
0.043186046579268667
2.5346961008035847e-08
5.3944799058896924e-08
0.025376245830509656
3.1180724657204524e-07
0.1223807230797411
1.840259469924248e-06
0.049886734352285016
0.020109561734797925
0.04980567129226034
0.02538742609809248
0.026749580824386915
0.0867156440237502
0.025318857253939585
0.4124207074294104
0.1904812365265945
0.2035157606251688
0.08714464069634899
0.012549543836378092
0.20629595313669413
0.054255616440620914
0.19419606091720806
0.01341553984009355
0.05026696294483147
0.025369691391779574
0.20758961231501472
0.09380917196867478
0.14486336231828106
0.07785619062803477
0.2093766889076308
0.027270275802966128
0.08247754079922534
0.11481190483661816
0.061182065455833864
0.15688115870985445
0.02538058512838139
0.02537480611552705
0.03991871747539517
0.026484954655336828
0.09613343380841877
0.05244960369260989
0.12054191315342658
0.01864418648904746
0.02537965211547072
0.13832384832324401
0.2212743111610828
0.3956516110246471
0.3662824208284035
0.2853248948718624
0.2135668725902841
0.2697544647698926
0.1204775991587649
0.3331717350493443
1.471232811319428e-08
0.15014899510155896
0.2127485593016144
0.025376947568839542
0.04805732287969086
0.018002131917320183
0.09984557503726116
0.035367241005332166
0.037071504823679824
0.051603278268805314
0.0253785521780671
0.0985141286254108
0.2170399380030452
0.15969858216505373
0.4088489927501901
0.3665552175781136
0.028289550837682833
0.042813297671147416
0.4296286231989066
0.2402724217820599
0.08779393711389806
1.0849064357528964
0.3064513950492226
0.36057966996390906
0.1188137734958858
0.115761004245545
0.2836950457944999
0.16597185049364604
0.16516015340063225
0.023860976721202142
3.5377707065423755e-07
0.025734639996846914
0.02537614013184127
0.02540022392074728
0.0590184270795936
4.872298149632251e-09
0.02537594755491584
0.025375970802893496
0.05353634460515215
0.04793680545596983
0.02539593418072286
0.09408208514823076
0.0394612866179757
0.3023836395055442
0.21519860991640047
0.02539099490424352
0.0254455908853874
0.1738556422939543
0.12810144349405822
0.02537616869537041
0.1296353151223772
0.4290249320585503
0.11642302695379375
0.17177760498235406
0.15688681553623565
0.02539141913020996
0.10047402990197557
0.0909824943250236
0.02536214274479
0.11112941618633207
0.025639260617086726
0.02537960485791283
0.02535483751281945
0.027643398153353614
0.02537063392594871
7.063529259709684e-07
0.02531776530597827
0.0513839410268999
0.1372471041863841
0.02526352362735107
0.1398831119495432
0.11646742966801625
0.19265626040854814
0.16469351558840126
0.025454667692419348
0.052277150169556114
0.15358061120330355
0.05888244492602916
0.11973785077918925
0.06413550023776403
0.08076539885060685
0.11972359281582373
0.31676769398608795
0.050072935701832785
0.09675965378986258
0.3109992845342801
0.23896191479691176
0.21065526506724594
0.060287706667912534
0.02537576734593872
0.19329146607043515
0.01003232859453386
0.02537611485090064
0.06960031940573949
0.08173783724944299
0.06978444406882824
5.400771654316571e-06
0.025647957509387545
0.1870666290328116
0.0580159420292757
2.8068667157368257e-06
0.0770795821734087
0.05958302250789795
4.182604125781035e-07
0.02282735267969008
0.010270119082574105
0.13163490170590791
0.025377387413915625
0.02235618901064232
6.357739849868545e-08
4.6779148827953774e-08
1.2032894688112836e-07
0.02755772104713734
0.07207907207710802
1.5984774214455063e-07
0.02537657639407124
8.774811374062046e-07
0.011213301994557024
0.010028372208281896
0.060683593051119075
0.04132382703335738
0.1849422841176476
0.18873452035473096
0.0903584701780438
0.2323065940610627
0.1556624864559697
0.0536892987357913
0.15553192192106344
0.12122875400596325
0.022830044580867518
0.1341002453273231
0.0745993189295854
0.08357785803886372
0.010385435563874
0.11760779313163915
0.08708207746529044
0.051393810543517514
0.012163840622361251
4.708827717707969e-06
0.08189668756028698
0.1719295516376758
0.03086027149206288
0.012989406457874787
1.776447020287205e-06
0.010811239945632971
4.234463532419742e-06
0.01121842196194851
0.05380183773110565
0.01023187894274272
6.334886427976992e-08
0.014343805727169888
0.21688991105560507
4.8220817196680365e-06
0.03327653318073437
5.857726878924906e-06
0.0497375431801102
0.025809954119590608
0.02340179909083472
0.049695419981527655
0.07614522620650285
5.763956857468765e-07
8.711468391956504e-08
0.07254043143932415
0.0610690076633155
0.023614752714379742
0.02286388823454861
0.1859702049894303
0.008060677859071953
0.025373018737588328
0.025381696181117352
0.14611795234177474
0.17543721205672647
0.015681895764281632
0.07322263735884169
0.02760970044492501
0.1723379367627048
0.11790651501269285
2.566774587310469e-06
0.1585121715759436
0.15571520139867506
0.059161483837929525
4.539232734606876e-06
0.07848387029759729
0.12848539190203265
0.025382947628771503
0.11786046313731265
0.03912200484570341
0.010269786239597558
0.050034225289475334
0.19258557194664386
0.02537260290919193
0.02544346650604723
0.02389025770573571
0.02441769455972287
0.11488333496045905
0.025376263686169426
0.025415073692317797
0.02537891538452137
0.02537677550209122
4.537434024204903e-07
0.054246764381036434
0.02586620747187944
0.06097013200911985
0.17188636541400165
0.1602449593469171
0.1497161870806602
0.1743034775892024
0.1562091853939188
0.2181996554119325
0.2906890081986013
0.06313880111093988
0.12255267556944092
0.02547522020749269
0.025284673052592174
0.0926440665852367
0.07736031439282509
0.10081503952000948
0.13118177589665753
0.0878168367420231
0.1131874405104758
0.04610197799787306
0.29083246614434305
0.17166360849447812
0.17233078415866462
0.1720675573366634
0.2327269550670276
0.14312952088669564
0.11980647388246556
0.06049018878909317
0.010128970641542143
0.04814758277815048
0.15290433180431184
0.04812915182422521
0.02538828749638376
0.04643894972643429
0.2517633934286971
1.0892247954005523e-06
0.01854888400086333
0.2044530302143256
0.12864025611493576
0.02537746544247724
0.1233158937432286
0.05828903509190701
0.08093355954310416
0.02537825413552731
8.350098480288798e-08
0.052027173448452695
0.043044552927648375
0.023366791345132632
0.01088931589896217
0.12379870179242808
0.013887391552716007
0.11893327942785475
0.08563688982127908
0.13184874149934514
0.07481662122405022
0.16365232100031854
0.039636927843163534
0.022824419927818047
0.023992471412294072
0.02535616503419013
0.17149792855244295
0.12624875415669798
2.7691691982416568e-06
0.05485287308313473
0.23891133656136165
0.048606430178125264
4.552720962962331e-06
0.09040284260917092
0.27380948429032664
0.010123603494818386
4.28719855821892e-06
0.09585201232244092
0.08546069040917333
0.20290914120187206
0.025000379676520124
6.357734549406603e-08
0.11863408514761928
2.251237986259644e-07
0.04976781424099543
0.15282145159114924
2.7705352127342713e-07
0.06082602104222421
0.041869858135106436
0.07473722379770377
6.303821471526679e-07
0.014968729351720176
0.025376210712881733
0.09180494329500724
0.050709300511171576
0.17217778747175042
0.1719647655864633
0.08385735309403035
0.1254456125889672
0.17587798614184394
0.11528403602793764
0.2604814850276432
0.10511936851058544
0.045888463236751234
0.17221022489810384
0.3849161922155504
0.06742563489842557
0.3392186069003055
0.11922870848605495
0.2053357257570282
0.0552226997551922
0.19038532103581965
0.1722888478050381
0.1289307118161973
0.25759789676039074
0.025377460594567997
0.4260914359351987
0.13512016282107414
0.0398594996849796
0.025679182726020124
0.06757977056971695
0.07681892128117664
3.0676874232223547e-06
0.02537238608804977
0.21729501897758724
0.02537899337652683
0.010704165766777952
0.0800446743928162
0.024516944425402552
8.51603447979535e-07
0.02537689674307817
0.012665679960519564
0.02537493281455954
0.02964898442490288
0.01047101731693647
0.05217252510658569
0.07245790701238836
1.1765793098446725e-07
8.740091848318179e-08
0.04888160772606733
0.03983915405382121
0.010198563912540487
0.025255870485345142
0.10227648767914686
0.11597839799203424
0.016025197809772046
0.025377235074763548
0.1499494014146529
0.326462614117112
0.0407789714744975
0.13856404897796518
0.02580994513784006
0.025376007364160118
0.09624520887669907
0.046781514573377946
0.10938801394242273
0.07957797861182793
0.12942165159815827
0.09395968534454756
0.3070024294396025
0.4210376269074788
0.2982199622300737
0.3074581908597215
0.08985608956122676
0.177588292302166
0.14225483227913135
0.05721824375070837
0.14457852284000966
0.02537584892129048
0.07323799822284749
0.3015257846685853
0.1029244498555943
0.11287330819387795
0.18103770759871812
0.10808643027804987
0.20694270672659096
0.1941889547076814
0.38276710356747895
0.2465010998690334
0.2773503961710027
0.3244953919099743
0.17482241222416467
0.26920026488901017
0.2075986657398136
0.3179624301197468
0.05572471775550845
0.2949138455062117
0.11741350055864608
0.0923540842621734
0.02549699204965713
0.08265157798698118
0.02539694818999331
0.08364704029485959
0.07570009809855527
0.3119695737889109
0.20079260054964
0.2879324942440838
0.4358000679879154
0.3097999604202509
0.3074033902476446
0.3986023832056959
0.21480273557842192
0.21077011195710407
0.22871675217060916
0.14352692978234055
1.8076877392469488e-08
0.10386111145402296
0.0875098364399667
0.05149892535689025
0.11618181773204565
0.2465935912185644
0.1738612860010924
0.23584939100191016
0.3527205902466523
0.27588025046279885
0.40568254199783294
0.4173961685482369
0.21720598436515606
0.3029398313980432
0.4213377362074526
0.42165025656574195
0.40416429341484655
0.4357132956646044
0.14549928782365826
0.4334860294029832
0.1893082542648227
0.049107743887353145
0.0591057081958587
0.04280574633147679
0.026532089751918102
0.025375927949450226
0.037512068028992235
0.025534242033781827
0.025650198258946814
0.11759141776648242
0.051744976384646986
0.14132565427046576
0.16197485876809056
0.2320287858228713
0.4071125733393096
0.3454501189501899
0.2822242224003571
0.19345666083114854
0.13085222808242492
0.21467518588533796
0.1481175315222886
0.07971651077277983
0.025640252603676292
0.032593630919893465
0.02537610520050958
0.025376434122397328
0.018222337778825932
0.11701285743029388
0.058349774652237216
0.08428224119852766
0.135512443512734
0.13749750147726808
0.027169202507276027
0.12876331153227424
0.12084349894848405
0.4658763142618585
0.28656798306917114
0.0853704743854552
0.26433186236053274
0.17550692994108888
0.23673712734930694
0.1220386711409916
0.12861109978157986
0.11293490017770512
1.505742554378145e-12
0.04988320785828774
5.0901850721195274e-09
0.025385079341046512
0.02537725265143573
0.02596354472680791
0.09585164898335276
0.05300578881818247
0.16810330345130922
0.1285832007921101
0.05697174184379231
0.3005968122225118
0.3111476604911905
0.10619494609743957
0.09433166754797548
0.19970050063385986
0.11400116658055445
0.12489896255410753
0.07963294217076451
0.025366882234302567
0.02538857040200337
0.02538643926091416
2.5391921775283046e-10
0.025375940070690564
0.0255024010209998
0.0928422582646386
0.049771072907875635
0.07690435330581505
0.0255962487971278
0.11824579276595565
0.1451703957469407
0.42269603545175133
0.17352295526756512
0.05295248989561792
0.1364835058846085
0.11646464268682237
0.1130078816032049
0.07555216770366005
0.12682862047067014
0.4140903806858317
0.42618830375981703
0.37033899277861604
0.025633568273282385
1.6533161192758074e-12
0.09658581046329076
0.025378322612479545
6.241207976032409e-10
0.04673983745114027
6.82013276086101e-08
0.16376650840814708
0.02543355217351071
0.1878175989690836
0.025519840622686533
0.217182526994686
0.16172496183632126
0.3146576797186493
0.25952705748945165
0.4123942895131064
0.2178753322947883
0.07686224598183879
0.12386651577546158
0.1128529871508508
0.12594850368564206
0.02961212714812882
5.92038978905375e-10
0.02543609328890833
0.07476688057127005
0.036416410499013833
0.1172564281158109
0.02537818457434516
0.20114092450442547
6.82013276086101e-08
0.3040295712960899
0.12929946124622962
0.4294745850116169
0.3709753455672481
0.4988275523982894
0.3860591446908139
0.4371799550700733
0.031164298647435962
0.06428645520007822
0.04962478087853577
0.02611282506162206
0.029109283387195924
0.12973754255893774
6.82013276086101e-08
0.10787514791598576
0.1185839914426777
0.1164861860937416
0.12788655624540646
0.2195141565298675
0.2891871903941953
0.4205229228249313
0.31080583891401425
0.11397473902190647
0.2210840404453944
0.11730246727534895
0.09898531805041268
0.02538400627400372
0.11437323553752375
0.0565135532369934
0.038930549849722426
0.034691041121135406
0.025376194444523683
0.056973266051749114
0.14497351928136876
0.08624841709318246
0.13560143541937078
0.11356867654376675
0.08480776397589809
0.10202545780009087
0.42749037290019626
0.2981657338161636
0.4097029833386141
0.4352344730127565
0.19736834625344216
0.4335966315114377
0.35156787201086065
0.17528833029148702
0.4110911263255782
0.0775947231463428
0.038057370581533564
0.2615831643891237
0.11410880288999113
0.07119621294762263
0.17553921197024488
0.12853066043235514
0.056433556309852764
0.15402640763695852
0.07650957778810663
0.2989850450514856
0.43521000003232896
0.4340848758137838
0.2350940487343537
0.26330103354254425
0.09089557773591353
0.1248853861360949
0.16501982945835386
0.1434198866791256
0.02538252105571769
0.042133843807754735
0.025375931418877864
0.11414128676361344
0.049867628872423166
0.1098151269780622
0.18017335698541714
0.14439823838941787
0.2286594434315471
0.05771170139860692
0.2275725583921629
0.06544176199110291
0.4357180740040111
0.3662379714649557
0.4294696706011224
0.22258747616726332
0.3145732889507404
0.4358536222359295
0.194191582597102
0.11435511649026095
0.02537605774272276
0.06003926430285723
0.0513566611448592
0.07381145355043017
0.1057076923474038
0.20845875928471846
0.025390257007605974
0.07655342378791331
0.14655653796772172
0.07884111490576456
0.02541562897764749
0.026115309359786516
0.07468063539806097
0.1538580920184319
0.0891399347461644
0.14454734702401673
0.025629455228937496
0.1469878191121651
0.2134656263191183
0.1364763310868642
0.11539319541194965
0.18062734659836988
0.057302148374768824
0.05743404024794783
0.025520874944042808
0.09941557226377357
0.02537728921699028
0.02537616066918192
0.14204952560038772
0.007074128929815645
0.1870824209398532
0.11335333502785633
0.3462714567480881
0.2673819091069717
0.3776670687672607
0.4350889934987151
0.3505993526522065
0.4285243138339476
0.2364013475945455
0.11845202619377986
0.1037219482508598
0.026997179345731717
0.02537590049727723
0.025375942064446416
5.734370997454766e-10
0.05251132547681514
0.025376927756652
0.09197643782140927
0.1384152302021612
0.16237650432778827
0.14721202125736071
0.18537309282784412
0.17300043588961134
0.3273380806894205
0.362723940571076
0.17993951008294634
0.4349713334054021
0.30309533823045803
0.3056024362470445
0.4115725935063188
0.4458861176468502
0.2734945096420234
0.05898631894668326
0.2539835730460357
0.4987267541717602
0.1984836388047231
0.3198728705752949
0.12333908835317718
0.15444912118234402
0.1022914684137878
0.051472036170896726
0.05590710658322614
0.051329464945479616
5.129119698138468e-10
0.02538942493128015
0.02537634035540581
0.1050709713751316
0.07967500448140544
0.10187875211145336
0.06707951791451197
0.15849740669167006
0.2242907679302399
0.18346969645852398
0.31947625950149017
0.4347555074385449
0.43584006359745575
0.2713230041775689
0.0737817456212606
0.4352518511975741
0.1860291393048102
0.3220494280619635
0.11269333875235275
1.9898682616736277e-12
0.07894485444441655
0.025598255861893883
0.02537599792975206
0.058668015600448285
0.02537559937621637
0.1496264196402681
0.12428505274109765
0.14122801437551918
0.048286976411666974
0.11959506906655484
0.2019942456344647
0.30450477556830396
0.3542843903873898
0.18378067504594475
0.14541500817722164
0.12101115654849184
0.06791546397271428
0.09980449309857273
0.07206766275754292
0.02537630519680476
0.04024882323953943
0.02537335695464428
0.025370925751762103
0.026406480787999728
0.12269320566223678
0.12162415922823758
0.02273444450244623
0.13859328098187831
0.14823680691349864
0.2158950779962313
0.308510357979432
0.34987425579302245
0.27381115477240275
0.4323234205314568
0.263967831200743
0.3130054854724369
0.07300950214076386
0.04735204547020599
0.02852234915091091
0.13072593588616435
0.19940601361887275
0.2793587220957037
0.08489907136254292
0.230993958682103
0.39117197845850177
0.2066484105413608
0.19497335563511428
0.4339261369280904
0.3283014767220234
0.0817643575957415
0.0683027289058294
0.1372254126439626
0.16274412061787627
0.08415246387520338
0.07123245907357792
0.03573043798667616
0.02537609391359374
0.025781239778463024
0.02537591591644232
0.19850100091967696
0.1641610480428275
0.04240181331739636
0.2407880312855689
0.16348960393306794
0.3009244993567923
0.10297266776453552
0.2259763214867968
0.14122146679256273
0.32555428546962945
0.4330001203222588
0.2221814212556344
0.2212062341874584
0.05048807523363452
0.28608812901628344
0.13020999721290955
0.02551690023582117
0.02538196135859815
0.0253759939056438
8.736188993983207e-10
0.10067166173116672
0.0033922774848854425
0.05353014883174675
0.13869070091009053
0.09125194053133123
0.05212756768864182
0.04883723839635462
0.06949160365696916
0.0609448408751912
0.07503497508051964
0.15830768429907874
0.2556967209598001
0.14577487690078098
0.2202657009410796
0.4274380895422288
0.2967050312565556
0.38384658604756494
0.3133344144854405
0.2753434530252317
0.11984548922786795
0.2948906567410234
0.1356722623226865
0.1357838358839624
0.14293838955619045
0.11361482896721607
0.0935887966706129
0.025375698771341867
0.05681086096180345
0.02537593505871021
0.15098076115412368
0.12606022890702925
0.19745682852152804
0.2294305246740836
0.10321719357573032
0.1125382895960815
0.1631154973597029
0.1812670589061777
0.35698966226182866
0.3577455452883897
0.1676535951338611
0.27706353634103353
0.14240157647900994
0.6019949454907316
0.3115375939494173
0.41795783745791626
0.4140239097102328
0.3913898891371637
0.2618077142801569
0.16697210139335233
0.15257116282248584
0.1846025552106676
0.05074283258704596
0.0580589951349173
0.05824880560518932
0.025373807038961582
1.8606988368751902e-10
0.025519039585392863
0.1101158121713994
0.08734454008389979
0.234687127280634
0.22456056792247686
0.1708425682203046
0.33095029692119365
0.13062572473440204
0.4085428013245824
0.3770540024461097
0.4260078675861539
0.3998503954932774
0.299035522653118
0.28610412817108793
0.4206631092922785
0.3963054734150256
0.2587281435318856
0.4357906740393353
0.23431378938792774
0.2934401467985493
0.2381951935763751
0.11259445989225728
0.025358160245041433
0.02533605010195838
0.04931044482703356
0.1175141168982346
0.16642191850947974
0.02025245848373396
0.1533737569214106
0.08522498601379172
0.3058179303091357
0.30478762106770946
0.4349247304983708
0.4200494698786764
0.17243334047548586
0.17346977944299294
0.17838976975289106
0.02537707569579453
0.025542245094234417
0.07205949959191636
0.05077362382139016
0.025439724305002496
0.06656486239836808
0.02537602022907582
0.11202472101708016
0.15764091093937707
0.2824339817566622
0.36558263048403217
0.19301833296212306
0.3196474922200029
0.4233077040179531
0.39026436618391
0.43376680552390096
0.28895269703560805
0.15136610366865572
0.20697049887602528
0.11257957344426704
0.0984106118377416
0.05260587030573221
0.04616996470081728
0.025347237667132802
0.025368704373397697
0.1300354905859273
0.14396182788905007
0.06866956615771966
0.2654959258107364
0.031755635700453484
0.31141454096851906
0.2608872625651947
0.4344528414600464
0.41816177677821664
0.2959111127610015
0.15347451331889608
0.08208447933129412
0.4358540702070611
0.1127087508974304
0.4338512146780711
0.13330641195164467
0.30958218970401313
0.05245371903670756
0.05668422802345713
0.050407950892144816
0.09779203490296176
0.025378539028587024
0.025328842810937887
0.02838646896417959
0.025380641922026215
0.0839873212837558
0.21602308858895747
0.13264797432708014
0.3007448491563437
0.30004502411568085
0.4031189291601857
0.28957925107730104
0.41067839459001576
0.29111303770257324
0.3037718888343833
0.4312642562925298
0.3398791056298673
0.527666360661375
0.2624077104764208
0.29441698289487955
0.32323919867067485
0.23221848200203002
0.14932996541317264
0.1345047193149602
0.025622150140094332
0.056563636730651526
0.07997122036326251
0.02537593929687005
0.09923516047670047
0.07938318579655973
0.31177692533811924
0.07859973989911538
0.4074047295950013
0.2883870386336683
0.09129690271276028
0.18024978360607974
0.094854620838375
0.2294151967063321
0.31700613571263964
0.22511392724974505
0.18412380017113855
0.12828259935671146
0.2868468493740858
0.15895553790404246
0.1726915974444664
0.26761332173619473
0.21692734715515147
0.35202380425450763
0.38174426090832375
0.26761332173619473
0.11954516855765986
0.427849548729096
0.4262232225538437
0.3141399108229385
0.14315411107064768
0.09844075608226094
0.3383484671509935
0.110129377732725
0.07731004440811895
0.09827732334096746
9.632196202572255e-10
0.060353316473198575
0.057811260726853386
0.15833668338995555
0.2594783103232082
0.02701051373365104
0.025473513414401558
6.375012829219753e-07
0.0253759485478246
0.0369306205193771
0.04959350484266628
0.11388259792661852
0.14439570854518222
0.16991471938104408
0.05612561862936087
0.13686029233520988
0.04842323541951205
0.02537639634023797
0.11029532752243253
0.1270128990637855
0.02904915740463041
0.04542644346619616
0.1276170378261498
0.06649883479124771
0.018712210919177852
0.025959543003382417
0.1741779120252096
0.03948188657854655
0.02558670126002572
0.051748205490874465
0.10550724657687792
0.058070214833585834
0.2749459019323449
0.4332832105838861
0.08396317674223483
0.025647299298367062
0.26307328307402383
0.2470805719865912
0.06741043921103833
0.24489946979655394
0.216635888498322
0.4344774070524449
0.051369841408593166
0.5778037715262601
0.059964876050138
0.02543106404807436
0.03839393650636168
0.18059705837455486
0.2287834744266858
0.19963830272241084
0.2296425543961828
0.2124045175874817
0.2808463940936003
0.13909223527934386
0.01684132615580965
0.1494967239069745
0.2058038065554479
0.22017963781673391
0.08046978526763855
0.18478066847407112
0.20601981188629231
0.05443484367459877
0.10975273885542013
0.1925639346891376
0.025696251493435514
0.05854859745360962
0.0841293495291225
0.1788019753313828
0.025376027269431955
0.030796828323176945
0.058254306759829774
0.025377630346358943
0.03501531126460035
0.02542689687308341
0.02538012647184456
0.03457667275797886
0.05853751429352365
0.025381352064316885
0.12467416631024762
0.12084802989762485
0.05493427830545281
0.07816548026352466
0.028203606430014037
0.02544887720991335
0.03815895111481732
0.07695956757058303
0.04581897533669655
0.0893043994805609
0.029226186059710637
0.047198164087695706
0.04445063692518547
0.05880743628341655
0.08006158182182174
0.025382433860568945
0.05405160355327754
6.49035469238949e-07
0.3020813555270425
0.297366332726251
0.21843685366415488
0.12243814375978428
0.3970885132745792
0.1556482775549591
0.1280098619439003
0.09576719451414983
0.20835077558236134
0.027901370394552757
0.02537251825399427
0.04922746739864335
0.02537640233786523
0.09873453603390966
0.2188507684741171
0.2972517826207981
0.12815952063771746
0.03596042045202776
0.10217523833042014
0.1317356631058892
0.09987436070139542
0.025298914533891555
0.029494504588214062
0.060790662417396314
0.033427838980152856
0.08868155652541908
0.08606905637188635
0.058476458973646575
0.2581694077826488
0.011725624829205007
2.77093479686108e-06
0.032138526805796125
0.35478131388317025
0.12954468887352896
0.02547534578084067
0.09261225285186946
0.2965773262823205
0.13921043769692545
0.18314897924269394
0.11514444128398793
0.1873286018016388
0.23697723195363465
0.10775699085957732
0.10444363061732363
0.167947370317135
0.09313903202377476
0.07869147070553177
0.15705993646572075
0.09857432728931942
0.06549969126369526
0.05332887355128384
0.4008194147378335
0.19971054512879494
0.027104183792432603
0.051197305997399564
0.16899091945221034
0.10386193324128153
0.08769980347146225
0.2559851640351592
0.10996448055791792
0.005229505052198252
0.17163692615097292
0.23593284230603465
0.05480613929548004
0.0778493336564555
0.13504217036638902
0.15635529180986954
0.05128471061305034
0.08196495283502779
0.23591373579122785
0.1491066991976638
0.11188121564801312
0.0797619966651096
0.1930972235693596
0.12907260258670347
0.058504726212907386
0.050845860685135226
0.2929468612025693
0.1038225814321972
0.02535130556717264
0.19340248228207998
0.12233302445266535
0.07677807799335787
0.02541528525634274
0.15430009015628365
0.042664938613154284
0.2427398184102132
0.2884092764966341
0.21568072524441048
0.11320082638574562
0.16411762615829195
0.1190234316951319
0.06826477189128909
0.11954071778882973
0.025979328738195053
0.05068349939535025
0.16688339528520074
0.07352504599217241
0.02512952492725728
0.047277294308286665
0.17222585046036062
0.024769939050936232
0.05094781577253352
0.05113493949220442
0.07250725872216672
0.16586364286541766
0.04906908887339514
0.13449607604523095
0.10413478013959797
0.047774849203237005
0.0395026963715622
0.108149930604898
0.056701718536642624
0.02794178483990981
0.11630834236172205
0.23500909547764226
0.11570503834961585
0.06334116995004838
0.02537620604397477
0.18215121682321794
0.02556154136952534
0.10760901264390547
0.039482905112741065
0.26138520475579674
0.08368930403603288
0.1587964756011876
0.11459354674159852
0.05771702725345702
0.01090780366298604
0.11428172050647915
0.09078933159904136
0.02585047943091441
0.0944901522945636
0.25574577544788163
0.025268677625121867
0.06315686558983259
0.04524465767318511
0.22682342698867505
0.07555209059577607
0.03153846381543971
0.1556030814349644
0.05158288009776848
0.11337493071743235
0.09813182769720456
0.025375946231294653
0.06395191795372429
0.11476326619050965
0.053713045084106334
0.0721946487713951
0.1094451430627067
0.08099520344354451
0.05691624652984864
0.25552957431049617
0.12787547342197134
0.02537593717428973
0.09644000130158643
0.22161034959457487
0.1131180091670924
0.05424161136777192
0.030856413793026182
0.23760556968262064
0.11081323395857406
6.495787356287863e-08
0.08416973453158771
0.22792272093815275
0.025380788261467356
0.06851509618098653
0.187927781496404
0.050451358228126436
0.02537611064446773
0.0812494384678844
0.16716049253453516
0.3214849842269724
0.12614411455835367
0.11740719002398076
0.18701268802944468
0.16718796320491044
0.22878355566789654
0.07042531608424127
0.16800956144076085
0.02588068678031926
0.16831312087957825
0.12368199820527208
0.3847980551334635
0.2316617525201337
0.17647672215774132
0.23432931579425145
0.08408694531849288
0.22169456935922072
0.20979483954086545
0.15233984160875824
0.07569176705288265
0.16226460758743394
0.3516644255882924
0.24924008202610665
0.01170165655677129
0.20423308455312825
0.3421133377252873
0.0021827054222402567
0.06974331201348613
0.15505681434407034
0.06852878439180173
2.929878003748501e-08
0.09018897973485568
0.23078776534170264
0.4332208412495749
0.14003273743663586
0.2677255677745889
0.27978346967299084
0.02537594152520961
0.1324740196581604
0.22450476458650448
0.07274419735931062
0.08761875125452849
0.09316134351314044
0.1087884441595443
0.05555397783048688
0.08477212392172435
0.1584677203116592
0.10551267919400044
0.2257157213374203
0.10295792397628624
0.05004195054559853
0.044536113265327366
0.21234114724997205
0.05049534197751357
0.056700435077696065
0.0745057346258047
0.00484760594615879
0.056281425530091175
0.14526878461133844
0.1040263447774943
0.1964650547640506
0.23759890593005764
0.13805804551337894
0.2808449102237157
0.24087944752298954
0.28830060000006386
0.07506599922124052
0.035552046373092866
0.025338647282288736
0.07670716827967945
0.025376426317932996
0.017165384836036114
0.010058652746494187
0.02537680145521241
0.04178434016680383
0.09236401852996508
0.2501164860836984
0.08369000957570054
0.13005739345073702
0.0821872336152409
0.1504677532311747
0.054943352536565015
0.09257847966908388
0.025057741075390636
0.0253776804559187
0.025378254066621662
0.025386580667541642
0.010040481922145334
6.9199677899419385e-06
0.02538198362384717
0.025378195764441717
0.025376110830652717
0.026938025362753883
0.025383305984263724
0.025386351480711708
0.01261022438674986
0.07388931040892882
0.0419840759126538
0.02543640430682496
0.04833547878844282
1.6552135028397938e-05
0.08581861947640186
0.010034903888311788
0.07460449537244362
0.052048496762925285
0.010035027069807636
0.02537765314245595
0.03100484479638165
0.05703026191431311
0.05593213542897183
0.025455622705394074
0.02537904958472886
0.04874856041899947
0.025430684319845968
0.2019070060636861
0.05346328580043199
0.10475587268106576
0.05642356496045575
0.2528010206984941
0.09000968267670811
0.02123641946843401
0.11871198556089972
0.4307144738927661
0.13029764110462855
0.1935666779297336
0.30568171305774805
0.08527470674763266
0.07215517300560675
0.14338525237973104
0.2790908123274989
0.2828194196348292
0.1972708303336276
0.11949026387007107
0.09783106524290784
0.20545678196256315
0.11965319770747808
0.2486164113505119
0.0573066848730947
6.9964439158367786e-06
0.025457889945547908
0.12401036760858833
2.968710945657227e-06
0.06793691224988474
0.23040545277941124
0.0953462661315348
0.05546275106799723
0.025972569148447342
0.06652205413916454
0.012991228451394431
0.05340977620987605
0.12059639279513346
0.2804887130774561
0.1697923892798962
0.17018546796847334
0.1711682437697831
0.15296658632163554
0.045292122938178005
0.05095772399875861
0.08139398432919626
0.025560253149294897
0.03775194105520818
0.18267555751295428
0.08950655937834844
0.010417072464191596
0.09355463827282318
0.08807165364140457
0.025381737665007027
0.10919354962783147
0.025395391057230182
0.16366088286478855
0.06536039218989781
0.07249500046075434
0.058751555392676034
0.05657023457892539
0.02539205638484069
0.08538821871175573
0.049789816787499344
0.02786409122856085
0.04995741829975284
0.058278933277678524
0.12036585825117822
0.02398249892839813
8.601305358447627e-06
0.024995428549805014
0.12328959396139615
0.012828180509143049
0.013581352243851928
0.02537974532153221
0.06905195257327636
0.0938037380128352
0.13509354389042327
0.3136960290516335
0.8650606745006613
0.18268839435344314
0.09433119071440964
0.2426825364746855
0.060823732538020876
0.006280328729305949
0.06589302650351782
0.07638318601327475
0.02825715645052315
0.02668773011137255
0.15773524433281486
0.05249506503189694
0.025376758178734752
0.06503011437743632
0.02537473873119144
0.03147186356414779
0.0934754676547108
0.03357756066557084
0.08133329487275955
0.18987039650953585
0.07556343229480139
0.10137484533550488
0.016118296838333122
0.011779510186047708
0.05818164431026289
0.1372625257744194
0.07745038237050024
0.10667523671782457
0.13241853541167395
0.031871748095299766
0.13144428820966902
0.32410447542001924
0.0517860424270417
0.1167754614916929
0.17270475884069195
0.12391173269344632
0.025652189262482337
0.17196616902088152
0.17069482213867218
0.02194375513793636
0.05599819305955432
0.17416619929173235
0.09065660632696433
0.04177066082099906
0.08028092523215731
0.188951420431136
0.11593006814751655
0.05011394117061701
4.0291063413533204e-06
0.02785362500615469
0.06118968996281749
0.1076498540223134
0.1079094694516157
0.09785430287638597
0.0675239659182681
0.08074065148426463
0.025774880764240945
0.01381758327618935
0.025196344411653908
0.025719105760817682
0.07743212702847665
1.7022128676909847e-05
0.0253250975229893
0.07660830365364872
0.08519749161669844
0.03050726330933332
0.14784966516282344
0.025675793782366986
0.06599031601102275
0.08123663742761135
0.04901480721152873
0.010426723450656893
7.715489714451685e-06
0.02459057986163484
0.3865505763757639
0.025376943726805472
0.02537746670348796
0.056761039752628466
5.072921939901277e-06
0.025178070320612263
0.12750832996873035
0.025025232834782956
0.04831651595806759
0.02540087882188348
3.0822010342164043e-06
4.063092921328443e-06
0.05958616672895677
0.051282499544288124
0.025560513769614424
0.13025860677810874
0.0790933515350258
0.010063666750617454
1.7582460556338494e-05
0.02537608947147372
0.0739796303035282
0.010641367971332062
0.07262989549357753
0.04484054448808725
0.06565039123511096
0.09809026367499823
0.11773497719089203
0.017560737207763775
0.033903002410773514
0.05689423823325791
0.05017171811477582
0.05285979982246257
0.02537920182112041
0.05894774160293734
0.010027363277797637
3.300193344379429e-05
0.04508572150728321
0.05960735959786648
0.01838298839057206
0.02538599805726866
0.010940342732876168
0.028012204781465933
0.025379453142297843
0.02538224957728801
2.571491940550893e-06
0.0260978973382939
0.025397202782135045
0.1035242651502246
0.03684664081081207
0.02551358553146696
0.05507447527323963
0.02386756600036054
9.917916081144168e-06
0.1198551665951649
0.06618634205243455
0.025378023792561055
0.02592809064981572
0.02537746844603789
0.02537775216261385
0.025378540013884874
7.822027795544736e-06
0.04135499746964009
0.026845266103380814
0.03723443424815871
1.460204973039415e-06
0.02258212394110756
0.0933591274062619
0.02650680409810295
0.09822775685658558
0.030218224898888795
0.025538440578578302
0.02538591524631669
0.05110988592965203
0.06449040163096459
0.0572898062791729
0.20633964253445566
0.08333146322837079
0.010038248336250123
0.1337641921502176
0.14332515259165382
0.05798280046201721
0.021568985630376614
0.08167406079707812
0.07114342601318775
0.055330114521934835
0.07431743252625042
0.12013608966896135
0.011309831680698091
0.056909312658252
0.0484086714582992
0.053295211208049725
0.02536113071114421
0.05352530424854142
0.04644159084567992
0.04809745052727319
0.06717068750852995
0.06934720509440358
0.2055214819107106
0.05821271837910093
0.054939151344379294
0.05356862924020859
0.08153009069858054
0.15517563453862165
0.15178977650781672
0.1191983812233886
0.07448010809568248
0.11433125833249215
0.037954984186262745
0.0658769933118339
0.1722577969616683
0.13171332548316775
0.13559193549496024
0.10160361167893857
0.1216404935634281
0.010183177672904407
0.03807815438743643
0.0279570670518923
0.026128747193172302
6.791676093333694e-06
0.03333568173745501
0.07937858248649096
0.04674077323168399
0.08130326472974786
0.02575337574331813
0.06845037068673704
0.025376127002614605
0.04477033264738736
0.02539477301185613
0.0253806195300722
0.0708067298203657
1.8900041866301603e-05
0.02504922353390853
0.0241500876084865
0.08881412217008837
0.024699088683085103
0.025377978700235847
0.11359283248695347
0.02032502694345134
0.021135141900763682
0.02617829206570944
0.17081282143991272
0.059724338013620114
0.01662391968583388
0.08304821261576815
0.05215050300419525
0.02539566457500939
0.025379242080120733
0.0695370879392267
0.05228554426197269
0.05930607266619255
0.0729908168607243
0.11469399406314013
0.02537769521069523
0.02713791562657344
0.07345479180293912
0.1210634104016059
0.2568603720937225
0.17408307760251154
0.10765046778798276
0.06517202549201652
0.1655003476811285
0.10853462314812816
0.1775347735002649
0.16727469587796795
0.09025697197406267
0.025381148190082768
0.02553210998686399
0.12597656664455173
0.07694429805274977
0.0948707301142442
0.12355695133167828
0.099881663691513
0.07663618784193707
0.08302815465968094
0.10926116810548392
0.1755594751626112
0.3654525322944505
0.16333447831842232
0.243398296605732
0.30481492078718897
0.3717353073495091
0.3941332926682993
0.25728345202696834
0.3539329673728099
0.28863417917248696
0.3209862980167181
0.19273938620898184
0.20366332777308888
0.08552200026009396
0.26269901744631763
0.26897939449559594
0.2546964912455147
0.25158458785555304
0.3427943256443211
0.10348799899272744
0.17037092486527916
0.2088884604386219
0.16292675478207974
0.2334467281138164
0.2543438519105442
0.2411192456540511
0.16369070306254832
0.16652405502912868
0.3167956140653278
0.13789332921224942
0.34918934936382845
0.03309729731647774
0.2226512187445233
0.30187589531578024
0.2064438306041343
0.36242677975222776
0.3819072901929561
0.31912771229896136
0.2580266829173195
0.2369679755284698
0.25979901905989106
0.1889316490681892
0.13165275418065533
0.1139191746286593
0.15110285170774854
0.07642587315349
0.07598617213206442
0.10512028777311494
0.12591753897292532
0.05672007132550324
0.2657871887521266
0.12581427066495388
0.1251128273667827
0.14513561136062408
0.05379785116513358
0.07180815001253915
0.049980883253842916
0.2300098978848261
0.17991713697990394
0.09421054231855212
0.1727381043373113
0.1522534668819646
0.20018027605608568
0.2559900540435553
0.13287408072720405
0.05640515036694468
0.02545479993154367
0.10259017572884696
0.14975650247564634
0.09201734815588818
0.07948201377981047
0.17332911116887073
0.2412632362866428
0.11578903978809402
0.21993980080643435
0.26856556942585885
0.2043095233700747
0.2488931817440074
0.4260185523305296
0.2417252883565115
0.24224080744122056
0.06016320132225327
0.17181983236304035
0.07120625565781451
0.3482580713638356
0.02544038807676234
0.12559966724693092
0.1623955767289849
0.02537748844838732
0.02537594181990013
0.025382712711625757
0.08994437269279237
0.03643523510537335
0.15291798439753326
0.08429973333904309
0.11742361275212575
0.06329029642696213
0.3362053020963642
0.2471797302630147
0.2741470292981106
0.3008907632410647
0.16110868466993433
0.1940872079826404
0.19524417676124856
0.054563823795195684
0.0280067622873853
0.2582746005801769
0.15434361195489468
0.06262305669306546
0.08538825800498759
0.3607865778780398
0.17975373866397715
0.2933663261619383
0.1749042198601576
0.12233440499081905
0.09994216283200164
0.06996609023839595
0.13420718423317934
0.11639630637033213
0.13092239728517074
0.1346885952659003
0.09946515165418696
0.17666961174819515
0.15696277570437284
0.1698381737326469
0.2610206997827871
0.25323449396457764
0.3421722617458595
0.3813009954992697
0.2496652151708294
0.2430766120605434
0.11954656877136233
0.27011982687217523
0.10345352802798116
0.1845466374663436
0.15661440041271946
0.13043757523350946
0.038587869116828766
0.06972936724778653
0.16735385433475658
0.02537713059610235
0.1946143936789209
0.16781264161635046
0.025266089652865312
0.1592560940336603
0.3470099281989485
0.1791834526583926
0.12353862417573608
0.15806958809163407
0.27971362708895936
0.2301704880523741
0.2693740569020214
0.4131658309800425
0.27682839376586704
0.16430588709878155
0.2610117418739467
0.2254720553320368
0.26831494260277794
0.12213138024872768
0.17052182836880084
0.05779510097543807
0.2608683719740876
0.058006308897139224
0.09612833060606983
0.18766452486410107
0.15870328372040335
0.2364113247404305
0.02538337498631548
0.20428145477400456
0.025376774050102517
0.1870627033620966
0.13566921335620474
0.09200839048498632
0.16746173986188012
0.20057483482613184
0.1048104425538458
0.1578667323418025
0.0705401261305978
0.11930292718553442
0.05475099323784891
0.11051083629936936
0.18501155000531774
0.09057649989602444
0.08177012276543613
0.1931258276428236
0.24643120112573585
0.2677875965915503
0.15024872493221225
0.2105633995056524
0.1748360337081964
0.12462781612833268
0.19521250510504806
0.20941728702747409
0.2196903570699765
0.21159004897914946
0.052179959604490636
0.02537792321665712
0.1124540996557708
0.08358968303440419
0.24562509824848974
0.07679553221634111
0.06222415072227579
0.08347653758476851
0.1986437229610016
0.025465261284581004
0.025390114346141912
0.07173697264478948
0.04545867873635654
0.027118178791940048
0.05344186539215416
0.02541520340367568
0.04897587997355776
0.07465740477489906
0.1127724126338818
0.050943879869006184
0.10753446503199833
0.0983363627654236
0.13089727934064466
0.027071608502443518
0.07899756619552198
0.12345866563208052
0.17620058257984242
0.025401550033743416
0.07862774497795272
0.17358527998477882
6.173187476205713e-08
0.05341779058497293
0.02559072955285823
0.020906439834878655
0.07035133880611487
0.05403453928910842
0.14072831776644476
0.08650817894576203
0.02535646046433924
0.058284151533200275
0.0734204026914464
0.0505582278460249
0.057709819916137876
0.05511194242619925
0.025375986031658956
0.06896026431149803
0.048431133769140086
5.65481582886695e-10
0.0343629592845472
0.1489439387616165
0.058219986282742366
0.11874038213818175
0.04572146256232235
0.06932456400205696
0.04566671162027162
0.025376244310210874
0.025400527002270627
0.06504154517662689
0.025376443094261767
0.05523608549121592
0.20218183605798784
0.053265377014468346
0.02761940830545211
0.1506716489227717
0.10512961657286682
0.02609294273209688
0.2893908414377772
0.1983553275413465
0.02536576458212826
0.16029584927648846
0.10269698746536084
0.08892568643184086
0.2255271615942281
0.02562461436940533
0.02543233124720829
0.1728273132767592
0.025376096349162137
0.027516082321329047
0.0254044096309738
0.02547528416673667
0.025483248360569716
0.058241540790848416
0.0253759490794866
0.025613492242992576
0.05889123062385191
0.027047012412638072
0.034652743912872354
0.026363226765402585
0.05254981820097463
0.019724010785348484
0.045197369900318037
0.025652232064787537
0.025377834488312916
0.02542443608200063
0.12743076718350793
0.10052283954953306
0.09854607837885247
0.13491203291431306
0.15993958245425313
0.15848917168324325
0.12001767825167205
0.18711020133910716
0.16603722015544045
0.11269231685018005
0.051831015227123765
0.08314590231124291
0.2111030886970118
0.09248528344083623
0.07465818855643216
0.14907699828740564
0.1517380524215465
0.2052506323828729
0.05037355508166146
0.05011727637544819
0.025389917676933275
0.2178193809091203
0.061963546050988035
0.025400303748716442
0.0253931095142741
0.07545898367235562
0.0345543821605531
0.025287838246707186
0.02968432580788017
0.02537904650106688
0.025425608059998796
0.025386171272288188
0.11787467265059393
0.0661041551393644
0.15800150625279072
0.04372651740821835
0.0587519209886694
0.28748154070194754
0.0517359931703253
0.1416226972840595
0.025478981928950147
0.09237318033930132
0.08142206042723919
0.0868000390068606
0.06302102799138458
0.13867125139574887
0.12468728907548494
0.025377555452523886
0.059382929848691236
0.09614674394980427
0.12212362691181235
0.07985995431101743
0.09283732016273688
0.05473559742795767
0.05431652754674502
0.2162175778040063
0.10377230794444953
0.025501611382302072
0.0885562434464304
0.03222095272866904
0.2147943715896649
0.061427642998487124
0.051592424470778116
0.02663522069499533
0.11515743354275955
0.05687881704162835
0.0254000321889206
0.02870960783805613
0.10084786520864872
0.06034602494828779
0.025376191794479325
0.025376279397104903
0.02537699235906276
0.02500542873746684
0.12412439341889528
0.07512782514246417
0.13109481513642546
0.2290111506350889
0.026430767017777454
0.02537598237000709
0.025376792430567074
0.1067023664334906
0.07133772456736948
0.03149397844564679
0.07812032261420174
0.02547599417204165
0.05806105769733293
0.034881984360044783
0.026666254016936543
0.025378639207248047
0.058282054279715986
0.02550834482761106
2.9893025979124426e-10
0.02563663522574994
0.026558183462094837
0.046213947807678235
0.02525085490562836
0.06189389146308336
0.08393236981310574
0.025384376627736214
0.02552283190283457
0.2178885728149264
0.05822625177958205
0.025981878066183742
0.1546209226982713
0.22022975069208006
0.02752695932803987
0.05824081926355886
0.02882733229065476
0.04505302577898905
0.06480555775349403
0.058226929163325884
0.11235278716310457
0.0581490423216879
0.1150801718748486
0.058225172901081076
0.06514247645313928
0.02537323861763168
0.0551074870893352
0.02537644194942725
0.07195767547189999
3.6411791116452593e-07
0.07872525308544914
0.02895275784479507
0.025384314144514704
0.04377324539171179
0.11086732573610736
0.025360156810871937
5.162991891501111e-08
0.06914155866442999
0.06254462540572021
1.4616347117790464e-10
0.051263107142962776
0.027130499261141885
0.058236795081886526
0.0746956444774172
0.02811173864285744
0.08308022889861116
0.13018436915311998
0.09168017086173408
0.02544699600460723
0.07800943611515225
0.2875925431826961
0.04946415887035821
0.026456283334627958
0.11770507206458512
0.049022012638771886
0.0402688094218297
0.09625704440164913
0.21312710704973106
0.23688885541252694
0.21565251455407086
0.1752550962608704
0.11687224125081445
0.05433821372525576
0.11278199237273714
0.02060380926235932
0.0261245337055368
0.1490536056557674
0.05513840582770335
0.025502695005861456
0.11347031498557834
0.17828281213049196
0.02534925280717735
0.08034976660495037
0.16363091918526754
0.1494509717409669
0.11575839529603313
0.0294546001506856
0.09904888075974312
0.027050793141390604
0.13234035940837066
0.07877354169832687
0.0738005813698165
0.0265144209668395
0.10861331732934276
0.0958226759026788
0.058812576992318386
0.06522021598455326
0.18171526696947354
0.16555158390079305
0.05833288387626653
0.33285688379117273
0.37107113765161137
0.0509147423685631
5.290613652622249e-08
0.2832904405600342
0.17711264296823376
0.031088447153233213
0.12290393832547535
0.20610919875816136
0.10494736972353126
0.10529316825199188
0.09684397334322802
0.025451924318193108
0.07544413331485418
0.12038721208522113
0.07712859981663242
0.025376049686714964
0.051496760154416434
0.025378109241927318
0.07551137236279731
0.025369321246074647
0.08014763804477977
0.14020327827390353
0.25655296269287586
0.061279170305240986
0.0946136556454424
0.07692870784700874
0.2587898787431849
0.07122627681950243
0.02583489037598291
0.08203528581375244
0.5099479101397651
0.03704169124590505
0.02537632300815223
0.07993488101763539
0.1143983534597469
0.19459057319229967
0.054679318953153734
0.06660548866520602
0.06694450618966684
0.05702461058623184
0.12572662085290648
0.053603456654659334
0.22517296643285334
0.33580011257350484
0.3846060464112709
0.21769819178074049
0.1816779727202776
0.1400757504335184
0.2591402993000945
0.17760308175482012
0.22280687636825916
0.25836726114283204
0.4043241975985317
0.15191121400441768
0.1310559751487549
0.03027097085018042
0.02897693399050285
0.2030093484248233
0.2947401615088632
0.026647481508657433
0.025378015943676238
0.05174907693986778
0.05077708754586648
4.163473724899505e-08
0.1074797722125252
0.02572295911757565
0.13605602797694716
0.15264703798422505
0.02540655824876509
0.02576562095974972
0.06921770991078789
0.025793011126690274
0.1337947567382847
0.02600829538985832
0.07710342118209271
0.04321308562712104
2.308406301468417e-10
0.1400198043467393
0.12260446282076044
0.12081127413212077
0.16453414922628154
0.37098977511480985
0.051020321522233215
0.028294683476236742
0.10440318820778764
0.06304209171290209
0.05230891280475114
0.3719460679781964
0.025379774921836216
0.22513203562698092
0.2902353058223144
0.14377793871371894
0.025379588255055888
0.2583455721673351
0.14057653203283366
0.02551749131351971
0.05666269947891237
0.09961462930957916
0.03899102253469856
0.025511676251027047
0.05823433599606874
0.02537580178233951
0.05898464479475585
0.1354425135809986
0.02544654001105381
0.058067777386471474
0.09126073859812156
0.10850546247085832
0.13368500807232364
0.2162425122001221
0.1652054375613864
0.025368317910785157
0.32560207974154903
0.1458268719459229
0.07966984582421098
0.05396857068437478
0.3139245996272511
0.15149391314408536
0.025376417099345936
0.10788285706488912
0.24124822278171584
0.1350024018438454
0.02553686958107307
0.08938431316600079
0.2267069949554643
0.20579506492458752
0.058519951574016724
0.2160304542910923
0.3052357735965418
0.2092837894378891
0.21011607086888187
0.2198018049255185
0.3057601722162301
0.4127892711963266
0.39289488990455135
0.3765723606494107
0.26432849395193764
0.4217644158495078
0.4147501031276186
0.231239894087457
0.4358853341701604
0.3014028366428728
0.3698969107659351
0.4196206829738927
0.4370642482199693
0.5080612383898674
0.434568784331456
0.40512020683887295
0.4336742148652737
0.3982826545201801
0.36836696037399297
0.4031895721159871
0.4254785519934812
0.434765675428196
0.4394274220252649
0.4268977316312734
0.20007878225128692
0.2937660415561467
0.4332168975536504
0.41401777098295794
0.4216531705625582
0.3856872966497303
0.4332290110342874
0.4422999884870587
0.4150268397048635
0.2533848003373481
0.3287836078739651
0.26145123586606084
0.27925710218503536
0.2762533278334219
0.15921494978193604
0.030528349152471726
0.07514845046667483
0.037312758864167656
0.19586525589188905
0.10145833190948536
0.046481056776185886
0.0512499440330542
0.10018180183661374
0.025756853235015628
0.025747695356393988
0.059564641913073486
0.1028464692304867
0.16586311771115375
0.08545736368483572
0.025519237483190464
0.02533035626867835
0.02537673931621603
0.0548478433705531
0.03780722029861073
0.037437865069289984
0.1413475547094402
0.2009557253313338
0.2608418690156351
0.2055204838076249
0.11991103601808685
0.06829102251557771
0.10107797841938664
0.15181407712096695
0.06515475528315261
0.1486555277342765
0.2358949388134291
0.04729570665115864
0.05230438973294834
0.03759036140094372
0.10355337352861284
0.11296408251311604
0.05821833890313145
0.045766141470099914
0.026408807901489542
0.09698568955171707
0.052433259561540616
0.10250825096392648
0.0309781178087084
0.19110863201831524
0.1526792433044428
0.20197303720957066
0.029971157056659307
0.07740357175480271
0.02547488913501528
0.11620147945060415
0.07832688704208536
0.14363844646557375
0.050987270669522716
0.025402450519481833
0.06556947583491407
0.05781145713722052
0.04941774822669419
0.025376112387771536
0.07738092991958974
0.17676686413374318
0.0447601551324056
0.1161031672838276
0.11692027843213873
0.026642192412735518
0.13731547328172053
0.2858011500678363
0.05080745219853044
0.0559883680936974
0.08517849451294021
0.07890843789250197
0.025453535259433984
0.025379289043967558
0.18767093314352706
0.0749355401183383
0.208762732353153
0.08952426732841998
0.2893966451778667
0.1075085243810233
0.08415257484141622
0.10205836865332817
0.030226281428821306
0.054734888920839636
0.1912347341969212
0.0775938652333163
0.07042868422349373
0.07762237034013737
0.0837440554289994
0.1029874493362044
0.11074160897661478
0.11201877549013667
0.1550802296641147
0.1917833881444326
0.2832585983460834
0.06396574375657127
0.13373657835258226
0.13432060888906333
0.0263462190130558
0.0448931246706801
0.13734684532585814
0.14243485463193092
0.08478451973183518
0.028079494949178243
0.05486501997543155
0.06017070740158322
0.1498924309653797
0.13939785004955693
0.05012907722863599
0.08540331556664944
0.029932805203595137
0.028712359996656524
0.32052460022858914
0.14076267868801715
0.024493604455922045
0.06307689356486018
0.06365763035625914
0.15257096979533372
0.08140737499569117
0.07820003272632711
0.05488594171694024
0.07316920455552997
0.10346816292407313
0.17080855188854202
0.0921716604431037
0.024297929186610338
0.13066926440692922
0.07235101902369513
0.058076484390133486
0.04842223546508441
0.0531249909866715
0.034061809935183235
0.039648242634665945
0.03484772648680103
0.02450231030456151
0.039361233407243935
0.033599028085317464
0.12541858877483306
0.2648988252878123
0.0717067955183941
0.3568607617153066
0.4115796471474688
0.2585077768199134
0.16552573600267328
0.19451263620346504
0.3646353730757825
0.0722723688565009
0.10205445487427983
0.17262330814986934
0.049797546444171815
0.036811367193027085
0.03237463856365901
0.025379607337897302
0.0782698400991202
0.14009395747532313
0.0903657062229026
0.03248661114475803
0.07066210260474831
0.16574553379317328
0.012001347800586612
0.025375434660895577
0.11934989451535087
0.17391351467237778
0.08600548245568271
0.026694272389121854
0.12766000168888014
0.06956479110689018
0.12689583814443786
0.15893951242406798
0.2455095666751236
0.2316161198397517
0.025352146648150446
0.3058852686641037
0.026868892829479945
0.04356049040228156
0.08633738016859589
0.010025367311003355
0.08676378827535984
0.03666564005594826
0.07110685113136875
1.325911822868808e-06
0.07840270045444506
0.060343860109044724
0.025491979744382498
0.025805968331152937
0.2352407726686297
0.1038776527919149
0.11116577196914648
0.02537599222323444
0.02506066370537153
0.05839144497979465
0.0936903546912523
0.07018346023203295
0.04911002433905761
0.07398994766860903
0.13618680764637106
0.030170896774366913
0.13841505098674825
0.02540262898906227
0.22839917682247865
0.03797433867003122
0.08682579299748494
0.1545424152560584
0.12234698578261426
0.2369250600609965
0.1332827817759508
0.13209218502516962
0.01956270648093249
0.07706077266908859
0.025382689115562327
0.13580512263476274
0.29215434652328504
0.058272181619292276
0.0523993019522597
0.06575875082842443
0.03277589091033527
0.058266675157505374
0.07103093960559136
0.15098613927379587
0.010205187943923793
0.06806798454262461
0.009118249940056966
0.02936754466777345
0.010038612536766613
0.08106240318650466
0.11557750674497773
0.02698591085452387
0.03309356988050236
0.18737630680125528
0.11682952833553135
0.2465815361559656
0.12450561718256485
0.13679209036791673
0.08050877023308044
0.17039531042515313
0.0490918352058388
0.06590670056317897
0.02839712068602512
0.058852719637952626
0.05540094865895173
0.16668058823627555
0.0702849717014325
0.2474574603119092
0.18755858385294816
0.2056637607063
0.9975042880763768
0.3512082888895338
0.2010207591825838
0.2892372844815402
0.21777746000121392
0.3356129727267947
0.9667502920606386
0.1535503116243375
0.4284968191660065
0.037684151815665284
0.16606690030043994
0.16411719779909853
0.14280450104966816
0.03294826667054625
0.025376041819393697
0.025361201746497558
0.1486147033662476
0.14069432490586675
0.2289529775747817
0.15518493003199935
0.0942085318019129
0.10940278141045696
0.24533288664983616
0.0813595293738732
0.2309765398985961
0.1135551703837602
0.3160933310205853
0.11212966704993417
0.2529366738300666
0.26928229899316203
0.1297403010606293
0.12913157768226707
0.16248435339646275
0.12063280363747625
0.18682624655660726
0.09761917575061636
0.07866198092832068
0.05442144877330099
0.05799367679469768
0.1760578679905293
0.1013597499727012
0.12218457836098975
0.19852566516390888
0.1765398761349945
0.06047707965922278
0.1036123611551319
0.04106856540088113
0.07630374201736333
0.11621135235145642
0.5419772739323195
0.1710854307154766
0.12142915134554212
0.1757392087439225
0.08490061077883251
0.3441821154352161
0.16667369161563492
0.3632847255781685
0.07903003089103908
0.08417336100729977
0.09081742553274127
0.13467114390374804
0.061795744997191385
0.12175728561862326
0.025383547542249217
0.1803875392701202
0.16376133213002714
0.0487559872569773
0.05810708996079032
0.10432435782459157
0.8998293323849305
0.18660784612134176
0.5087136883747685
0.3094255027830897
0.2608814119052282
0.4371558048960985
0.06404622123322247
7.252771523951811e-09
0.24972711425157046
0.025470342215332183
0.0522337219200748
0.02564051502030961
0.025686949824488367
0.17544945439467236
0.06146146010481807
0.02661085481820968
0.25683491997374
0.10416163967964394
0.4323651913798769
0.05022823033390535
0.012077742007109857
0.4089627049442527
0.015727693857712086
0.11053311091873046
0.0824908062113831
0.05505272657967759
0.07279275796521015
0.10408927666992816
0.01344197138191333
2.439126184362195e-07
0.15303284870129505
0.2042985209974486
0.07256288162408278
0.07753127485832187
0.05382977722440406
2.37178292879537e-06
0.21100942213349794
0.09628611895785112
0.12952446684383134
0.4141170807710141
0.16544486447050152
0.24585454320968586
0.1707753213938282
0.4340344337276647
0.04499854503068418
0.20066732379894595
0.02537620420095386
9.656815607175169e-09
0.1476273582119884
0.06681778933065684
0.1336641548110465
0.07129182320173919
0.09176061661259577
0.0556119587023395
0.10674695146884887
0.07852186335836757
0.05978285937127983
0.0853131132034711
0.1283529556598096
0.14075316490284565
0.16585364579366196
0.13955653520894193
0.23370081943388826
0.3541820766804015
0.17033281099103045
0.02537594466270469
0.13834970025140733
0.025648961014007036
0.08718843340840507
0.055342267825401525
0.028955084552886836
0.05968298365131034
0.026685345093583567
0.18232731103625452
2.6778716415970004e-07
0.06596179266026989
0.025373229331784226
0.10519948293106296
0.011236221078365659
0.06795431232427633
0.013042878841551834
0.1236786774562688
0.13013970406787478
0.06050978633252708
0.1081966040017246
0.25751079894793016
0.1764470748926662
0.25226993097828704
0.6948938160846322
0.93808952521598
0.16946844238302752
2.3414745490868892e-07
0.01019022866235745
0.03608998411365553
0.2479938840386368
0.010025499845424779
0.14079661769733118
0.01683558805434511
0.13302323271701422
0.09729154070348214
0.11654854133387245
0.2566140464052828
0.025423370277250057
0.03601840927593032
0.1440044572152478
0.2505379593509773
0.05060437509856235
0.14389217460042011
0.025384578230561318
7.583691545863818e-09
0.1141298788242621
0.011006829744785448
0.04482371954372835
0.025376091988882125
0.024805249166563532
0.1393045970921233
0.08718285825942694
0.047871064906819284
0.1532510556242405
0.12655705887842364
0.025496110387459782
0.04644084493990308
0.0681180524306153
0.062354925434896985
0.22309940816824067
0.04219395735856393
0.0254432992714075
0.027340171845392502
0.027717570591301425
0.09041058226056664
0.043694608567126265
0.028151166117585013
7.311080615895027e-09
0.027571171364167358
3.514684751484137e-07
0.025742913117978116
0.03446138826074025
0.02311408837286389
0.07644768946732876
0.09805343749178087
0.10102500279028424
0.025376226120109903
0.08922876914177791
0.17971716562222353
0.15066679689783058
0.06534670275941032
0.043336847517488716
0.0873155704509181
0.09547716742558196
0.15913542036544714
0.02542957081383914
0.2046117544373964
0.09465778570994103
0.059637038403629626
2.2933572146812115e-07
0.02154540730413353
0.02349244010877964
0.17343920746947514
0.010081126487509771
0.1451775727556842
2.37178292879537e-06
0.10734023998298672
0.029618294621147918
0.2983217544201621
0.10136091845360128
0.1195794657663702
0.21605572522195005
0.03457205008806221
0.18470631882877764
0.034518869317406164
0.025375977497144105
0.057341614549698876
0.02564176078462541
0.025386210060228908
0.02516164148590797
0.0811214749986559
0.025502275671275658
0.07442692051798422
0.06362892954843878
0.025393392452660736
0.043295761420094
0.16371312187204295
0.2364250272175085
0.0422285971731357
0.05704466336466816
0.12002725749463675
0.11591579163041915
0.15296643313134206
0.09713968945123147
0.029502023173764918
0.0790013057494387
0.13301653474474115
0.129898847210925
0.15356113507183716
0.06771308411712154
0.02539097530349893
0.025608668989065064
0.02270711327597216
0.020057754599828108
0.12989870117301533
0.01045691123910657
0.10168421894426967
2.37178292879537e-06
0.1008556654157942
0.30172905751750506
0.09131079726495273
0.28630374258179003
0.11860314184996568
0.05207178109411506
0.12359004654021763
0.12112658377511913
0.16985707061706842
0.01002867732334654
0.01978242704221716
0.025378190402223784
0.15356438575220735
0.08151194429538593
0.1132459530306258
0.1474183852904658
0.021114404720614658
0.4184819694326773
0.025376022310605064
0.11817353801714996
0.05456813360259603
0.17771975874881965
0.10156232624567406
0.13220512468161813
0.2892711209507453
0.37924052468313296
0.11671086677980473
8.049474960185933e-09
0.1666907490081164
0.02584002094206887
0.02556692573393205
0.02562615750822151
2.37178292879537e-06
0.08171674490982192
0.032794672285707656
0.17884554319794838
0.11074680642286104
0.08502801706124045
0.2793377803587567
0.08001813378293972
0.040536036096741335
0.3596062225066283
0.14151662683187646
0.11335644689319127
0.1610546796286649
0.12924230270340142
0.025930225632559305
0.02611872367508985
0.051005803599054184
0.02538319789643416
0.056180713751492806
0.02426992066086669
0.10459389933445457
0.03506979883374737
5.678362805879411e-07
0.2378669552698104
0.025377566826848174
0.2532213178101506
0.025368258268201275
0.18748882262682345
0.11706809411993653
0.3078321722395723
0.43315256094818944
0.1468447155079554
0.12736085763493846
0.04332744406571349
0.20112879710798268
0.1357702794667322
0.025376406208667737
0.02537923070708211
0.14324620566607635
0.010657478550480172
0.025409381906268482
0.056029754999098666
0.0749052049418479
0.017129731179962002
0.09966309159892148
0.03238568540162776
0.044793923737838616
0.037808538484930265
0.052961668538569234
0.01075402644929638
0.0439150168606941
0.0721740635693072
0.041059004730463436
0.0404397783006131
0.07233798257298292
0.30182539414149845
0.16982114398519574
0.14598498814464494
0.3899854133229008
0.4231769685154345
0.8483058250296278
0.060249869319032624
0.04072020403626128
0.07736102312259603
0.2363553359146377
0.03594743528079046
0.02539081111910776
0.028977065043110362
0.02326483730834571
0.04876168631637159
0.03053148997856745
0.2304855000232808
0.02537617585880166
0.07894670310260103
0.025375871249529187
0.0246460789231125
0.020937095574329916
0.06962787205676191
0.025376191087302814
0.1247184376659408
0.04172295255077716
0.027352215551374497
0.06336439511391978
0.02537760753821774
0.02867369767922622
0.02608474936311489
0.34921336729648045
0.02536846029951892
0.12456211415391318
0.06368973202041928
0.05222759571580336
0.2769215939798801
0.0647246496761669
0.22078616032183174
0.1222742033536644
0.10270856862791024
0.08158678968428608
0.03743847795162617
0.14990183533887694
0.11061717923097472
0.24792220409435065
0.08873587204897425
0.10933377284497912
0.16193917126935234
0.11595664276825725
0.025376534598606358
0.09474821341028206
0.11133226761348447
0.09043474994965996
0.07736316010269978
0.3073274507102302
0.025376619373002958
0.15450311965548416
0.19116896991337134
0.11868273499704846
0.21603761905716384
0.4089681329514567
0.2626916967085105
0.34499709042782617
0.4203522626306158
0.2973833812411942
0.07719851554237744
0.05225037723570808
0.06517305302456733
0.11605336988893768
0.0888937290242234
0.2201313379261571
0.058256883632836126
0.048476442580256685
0.025972656864876844
0.051499453253454106
0.05029790970632258
0.0238868392626202
0.05847673493476385
0.08788595760954042
0.002439502418928498
0.0677831056633976
0.0941336981367146
0.2124237910101671
0.24343069304219336
0.23813926917089065
0.3265688879050115
0.2974855283724063
0.2191436342931826
0.32020309180533146
0.17379213001888535
0.02702348334025021
0.09818920869586684
0.0452903726240758
0.19711748722961855
0.13886521873556998
0.10955258114211346
0.056814087863584536
0.2567373543861574
0.22154725086398366
0.2778226933496134
0.3183108465968679
0.25958168626182265
0.12636213924634096
0.14424905852914616
0.15800312415074724
0.29300525073362005
0.0986554283674658
0.05934650543924986
0.04311438045962911
0.1555722356685101
0.02537622427023397
0.11127576593396037
0.028265545698385505
0.12042757455540808
0.1226572577049057
0.1029475923604336
2.157188846697763e-06
0.09321094647888978
0.02537774099564125
0.05293570139170493
0.13203164557054425
0.025377573338864173
0.03278462436044816
0.03897887359597689
0.1955095932454308
0.15144378267347247
0.1275043927679786
0.3813181054897255
0.17996423688921076
0.1927173178550388
0.1726207228427514
0.2106365904307581
0.0972313732231782
0.015550765125814884
0.10939455635510643
0.02532255688461953
0.13907642390290784
0.05613140289051249
0.08385334819144108
0.21334825134186247
0.03532313342821272
0.2339775638681057
0.025384305844454974
0.1112926444687538
0.1556219497205206
0.02538673665284432
0.04058752842906059
0.02537438992734229
0.16396305020007404
0.032637551759439734
0.10744667950064617
0.11797216159656924
0.05198406344326801
0.08602198589393335
0.05369760026112096
0.1288387794287056
0.10194776979723476
0.029667737696831425
0.025377458393744532
0.062061580414884764
0.049140009748188926
0.03521009314054407
0.06525669988654446
0.08630352039006045
0.025414854894115758
0.06313431839513894
0.025383515977425643
0.1421193978781933
0.09934927495230086
0.09643674675463426
0.05936751820343272
0.0463409989576116
0.19729092858768515
0.05328127268848497
0.02537496291109359
0.025375952888118718
0.03160981994689128
0.02538503268663483
0.03404751839718804
0.025447311628552433
0.028883360034663488
0.2559568712813807
0.1526428588614845
0.20700218449760405
0.02606266703709976
0.09948363956951543
0.07745645732972957
0.16732179720612167
0.1866001098156654
0.08272410602250056
0.06261287820848847
0.07601684263786238
0.11142694563123287
0.11765418704891573
0.06803872612776078
0.02536996990706391
0.09780267058353942
0.1848119133740004
0.02539192800607436
0.05215119629766155
0.10965706898169332
0.025442072657072868
0.04666829829655197
0.010626845794934985
0.1375155533427976
0.09302523499459048
0.11088670872130907
0.06674937685154382
0.7542652709823241
0.23412459699692506
0.4052919716547261
0.17760367514427125
0.15728737655668196
0.1190146027392002
0.05820756659354088
0.10392750008103316
0.026199681438975168
0.13298871309833915
0.07716646726160789
0.03563835735710952
0.202477558221902
0.20919135067690492
0.30349260711618764
0.14554559267970904
0.104027870186684
0.05596431929293859
0.028370071968719643
0.10559934885237757
0.05825199005704601
0.14463730835551286
0.11650589969280717
0.05842860017709644
0.04932882201599923
0.10820801651502288
0.07768361588804536
0.05797881215009689
0.11625994738026847
0.02904119486398806
0.1155150632506032
0.07526537110498069
0.1879470340837877
0.20693962370362176
0.250525945516156
0.2944055966026188
0.208470121616896
0.29251253753090645
0.15435061901862068
0.13017306663383085
0.2684467052278428
0.056590964182604016
0.19007574858289625
0.11824922856025807
0.03457332978277542
0.11679613499647284
0.02543430282844369
0.21395473303635315
0.17860957336250416
0.13760598639238789
0.3842878729474864
0.056451389651789814
0.047050200202662235
0.2353383480405391
0.056029229767038835
0.11669705454710745
0.058219513164317324
0.02465420733411345
0.058823733296978535
0.11353914614935585
0.054952354085506264
0.1200146727588106
0.05202083273217716
0.06123852934020298
0.056129540722058585
0.12845851686131318
0.0769249599114199
0.11665217879119187
0.025614327414215588
0.06665057481776948
0.029616402439872375
0.05811186265346089
0.04331245302569688
0.07649678492609456
0.1252395738759671
0.050796570428224073
0.13477100376018267
0.09263788858371126
0.09625506589191968
0.03209720144566283
0.1288398230532371
0.4121581977729944
0.06493994150539534
0.09581012557038772
0.10554562180175163
0.06460522148317281
0.09992654070554137
0.05054876492365647
0.09578519181137764
0.1167959515495042
0.12215406874868885
0.013887507890643318
0.09479017774555026
0.05828213924065233
0.1865195745824817
0.11234750091356367
0.22455474137397308
0.0842274518768462
0.08549529126315049
0.08134117702309042
0.03447871769640847
0.1105710425757437
0.05827827354366336
0.05193839405879695
0.22937120098385455
0.11616224201347715
0.05829172045405909
0.06906098219516554
0.14588319459222318
0.049092523817092004
0.17560943785900682
0.03578418745418139
8.158240467148626e-15
0.025470835539937137
1.8619645298113583e-12
0.09177413338305686
0.1244239338101358
0.0999540004248516
0.12748558086508568
0.11662418960078252
0.1297777216349935
0.10057575727971492
0.06699103114085042
0.06326950101074864
0.033748653019353564
0.05612954820507991
0.00042860142013392214
0.025545645329648904
0.11349146466689375
0.16928278166979813
0.4120498163771068
0.3289761010489213
0.3386454070322096
0.29671740340609604
0.07667028717142768
0.055093556790005264
0.02666507800298036
0.3936330743244687
0.07537186484500999
0.0794572074753995
0.05903808788166055
0.05350267709810475
0.0278102950337937
0.05246599527746189
0.14621379382672225
0.05892469885051165
0.05847067615808017
0.11934154419820898
0.3738120360742205
0.05859887721872716
0.2492371624981618
0.27937835161360514
0.05025751041902015
0.1953140403226227
0.11158222874948752
0.08693108982601151
0.05823809459605225
0.07008694322319757
0.022482178510406937
0.061413711817872876
0.023115209169076646
0.07872529438731213
0.030813726102085364
0.05346122871279886
0.2441635581538675
0.1110325233239437
0.053910355167491916
0.05416577482211277
0.0626681538129669
0.058311938518038835
0.06017747766436096
0.06458023407750015
0.16895530288848135
0.08374344237649592
0.05097936063569533
0.11521825950801196
0.07362413921188611
0.055694661068190564
0.05913323409314113
0.08205788570018932
0.025384783361166514
0.0753928489287393
0.06252056169925549
0.10270909241500364
0.07715266516293814
0.13691790018073366
0.0516331985253306
0.02808128394226915
0.05317043267618484
0.11355505562314315
0.0533555963762594
0.0784634817924701
0.05758185626681174
0.0964240871613767
0.06156187793357616
0.032638715214044024
0.06250057682952355
0.04200850466226865
0.11870865775470915
0.11444852701107985
0.055186200493783914
0.20490823971486316
0.20747695182017184
0.1328591844358343
0.02647624483055555
0.04630081833835389
0.05198567012877015
0.07509245335870017
0.08828199869062106
0.056511435513099326
0.06815266712493735
0.026800514382388528
0.26344874253838946
0.20760792187474755
0.1026361222785262
0.1025185090930192
0.2635792664846177
0.2287003969632963
0.19747066476967556
0.25551969873485325
0.07267164587632341
0.032391139923533714
0.030847446364588686
0.030815048976038994
0.1310064590524438
0.13841764594106534
0.0255534454096143
0.18983047987279764
0.06089586848912834
0.07755491126557795
0.1679061333729702
0.05418425913606879
0.16374334121288814
0.0253022825841758
0.1069982156705442
0.1327028583836183
0.16824625506136234
0.016072405715916418
0.08167085657795889
0.002448701456995737
0.11702041989282973
0.19244161860312772
0.3340427613892023
0.1019055837702068
0.08271535728997287
0.22178225783952346
0.09904740905630753
0.07328347391827257
0.025375977171614685
0.10769819989563002
0.10763924554093918
0.01875044817014253
0.16690111676632444
0.2911187715386513
0.17431252068980274
0.08903463328940697
0.06334737581457739
0.10506797438080936
0.16493849588938914
0.1884680826339868
0.12507029511572676
0.0832828582822232
0.06976553780482157
0.09337979590381944
0.0282236108225285
0.02537578992423937
0.02428028818592699
0.08164059221392764
0.1168402008717276
0.07430501723794522
0.1553579996238178
0.09150023570011638
0.2922493173055696
0.05736810153168361
0.025655346756636773
0.1378645117780393
0.12434379488719426
0.14723928489287838
0.05310702320864996
0.015139162204367791
0.04216132625831191
0.08142875198432216
0.07919347743746971
0.1661589845373195
0.05650480228148644
0.2708166677092026
0.10567808217910367
0.1258145038578915
0.16050230506779073
0.1789826198326771
0.10955238711444217
0.05661243378081422
0.3163785072039622
0.13613181394046628
0.16267424053933738
0.1031300364875718
0.06103940066569322
0.049747701664339485
0.26525897687500377
0.09568593763137567
0.05563187077085923
0.22377385341138292
0.09996107094531503
0.13480384400965328
0.21474241774975145
0.14143053846319514
0.07250881262480516
0.11743282522052235
0.24246504719337456
0.17044577928087087
0.07824757772748467
0.29060309883831514
0.16607580621037635
0.3100391417009409
0.2886368855041329
0.15711879724263425
0.7158417178864609
0.38841163373990895
0.4313839427261832
0.4245460891755148
0.19939731768781332
0.3885517235663271
0.3038141302933506
0.30755480877240643
0.16512247827281282
0.061182809819552375
0.09143287563417678
0.06357875248577179
0.08466417500234509
0.17674292988303222
0.3727740271143363
0.20814719452896369
0.30784139479981465
0.2748362952537241
0.27294002258680217
0.08539756936401685
0.1840976096100756
0.20601430854696773
0.15116259926416845
0.2892890890591764
0.3302133763763581
0.4041315273784381
0.3896768977492446
0.3493666192735118
0.33363375628478176
0.3717604307551428
0.11054268263337157
0.3269529336520808
0.18318240163049693
0.18168272536159968
0.2479883139594377
0.03063645874315935
0.12317234611138388
0.2898456101727245
0.13544681341388265
0.026146656499048668
0.3498796092444607
0.15658559133844302
0.1980413384233228
0.18364009357824848
0.07917328159212103
0.07571517080601073
0.2318028372938881
0.16877804109441508
0.1798054320670979
0.2752110382334191
0.3378730724204013
0.3203289511538725
0.1427421757473945
0.2892434081547359
0.2217471881790391
0.18887179833035234
0.2743317968177614
0.2748884615862052
0.3366271628433242
0.18670273468828927
0.10660543660650412
0.18257645891013816
0.2819390517937689
0.15371782185357366
0.3591161399838836
0.3697117234112051
0.3903282593246538
0.2225249713841881
0.3246723309794277
0.2978165062320376
0.15491239938008428
0.1875526638950826
0.1841944165992385
0.16949383879748456
0.17075124011765874
0.193366327771721
0.2571928662858577
0.0974138876474945
0.2517585258570291
0.14397241916557055
0.2081347112217913
0.3032172629261307
0.189403465823104
0.25276007863457384
0.2503416697258083
0.2719579848369226
0.7817282766544144
0.1836485903998733
0.3727890911072757
0.05622200523673007
0.27747595973424777
0.3397681670571476
0.3248512700093599
0.3026092988910211
0.4232224381278631
0.29667652575624703
0.4250387025089596
0.26882209271283725
0.1911239837524384
0.27683102064768617
0.17136132260684078
0.19282524874203685
0.3525777743258078
0.336576962379708
0.3455878283052353
0.3334327145090509
0.2120906975650672
2.0847561625197537
0.09379906101095008
0.35246691412364595
0.3801861395090601
0.3727711671093067
0.2397340851087809
0.19283295143514095
0.21559328032033606
0.2233159600240928
0.16253366795889365
0.053651338445005546
0.10624674509100754
0.22977975554068406
0.08788214086717527
0.2108719161702121
0.16626854717767606
0.1774068543147596
0.2809311041151216
0.2896870812066059
0.09709601751435057
0.0594456459435292
0.2563895436111551
2.5466811262282847
0.05201191076977248
0.2492067450258563
0.13244333042362758
0.27119165710847465
0.06902467256596358
0.08344643652432833
0.06873542114706012
0.01053199621503192
0.10745389495183462
0.039835238881593016
0.025381044432304992
0.04912912569986402
0.09136912664654648
0.13700406333702594
0.03262067732793915
0.017014117350245415
0.08916451853217502
0.1887170656490421
0.18544837744141146
0.02595180796545925
0.026562864651419348
0.05403609073899966
0.11879143199342075
0.02934058874111783
0.025396441983604842
0.06328044339716958
0.08553446747283826
0.028167677996799763
0.033418249311636616
0.08703622111718694
0.12344675462188635
0.08689211873422736
0.1743445912480657
0.11535395883884808
0.12075926052377135
0.05040652854091774
0.029824626878919912
4.918127353789078e-06
0.03336353398351615
0.022132526666355488
0.025641642812007658
0.05972223284181305
0.052233570361252216
0.06309740954343654
0.11036464061250152
0.15844548357868968
0.08545768260799755
0.18814987728329924
0.1592057144531594
0.044600928721778864
0.060468918840242476
0.0632136957730185
0.15062930705462824
0.14074771258050042
0.11328839623162235
0.08990379662111969
0.06691195169578637
0.05840251171246483
0.05107417929575036
0.02450832948012769
0.034492111541275766
0.02530659958429033
0.13795923525926135
0.07849729773987175
0.07228296732262875
0.1233760748253859
0.2866446141759019
0.09339648702139593
0.14108932971905064
0.19133325855243996
0.12176152372904606
0.26929696544337045
0.188493351611376
0.048191446897769434
0.09594518568666544
0.04905931903612423
0.11504409781710664
0.18607594986659834
0.05444673304186791
0.09112834172229804
0.16993794493566752
0.2667450870583124
0.1869288748206896
0.08934010399927587
0.05858532327681421
0.15931435856680504
0.15696289206468275
0.08840949761344695
0.05297334641153941
0.055623776876777484
0.05819699867346709
0.01753890126345084
0.027458405197690067
0.042534476240049364
0.020987625754932532
0.033584147074442856
0.0543634300397915
0.02537819596238964
0.09243625786206486
0.17015970321149498
0.020262118059863908
0.1963447937668772
0.14089804207439086
0.07845709272415816
0.13789959993486586
0.2423723892439859
0.030384471540825676
0.012008239012651105
0.05972448933099458
0.025724163341015384
0.060847895003312176
0.16306264158284758
0.04263890631325595
0.046677091794499255
0.04960280390003024
0.02541895235757534
0.06473672356917752
0.02539606055122066
0.02630221310853264
0.02661208299222916
0.10170574720367756
0.027160630105279783
0.02593518850742291
1.5657911273687233e-05
0.0400425488750842
0.059337192749556386
0.0584499049949271
0.08061377143170358
0.09257739668921744
0.07241723397073441
0.02393317079109694
0.10975752215409737
0.13389948319051367
0.02547582095660569
0.07440934297762332
0.09837790803863973
0.02291791279003767
0.03231848788478863
0.054269202387925285
0.014070055400285884
0.02606298577676563
0.2293418869488411
0.2662281920044311
0.4357958370624167
0.11995908611282036
0.025519497932486087
0.19053454557546945
0.1338452556182228
0.04024199337233871
0.058556389908433024
0.12902222689399334
0.06982123604678905
0.053250712610413135
0.010460720424315187
0.025769613172812886
0.02540246119561656
0.02628262322740341
0.015099317633652054
0.0254535299439867
0.07742925108060908
0.02111330846576424
0.03258012899720357
0.0498366998172788
0.10301915810585464
0.10118287464210217
0.16313741769457918
0.08973150516947435
0.12042375255046515
0.06601943082813531
0.058337952261233526
0.10730725123654118
0.054374913595420175
0.046970048223195116
0.053433585825481744
0.1375582243559106
0.02546167580034409
0.06581869462275887
0.04681959684537799
0.024984306577488662
0.025387347945762005
0.08373611680320672
0.13472635881017694
0.04283439975551022
0.11130851088286163
0.025379776740909604
0.02537853121344933
0.01666840415430353
0.027581365197460062
0.025363998488931932
0.05490898658166005
0.06606417035046326
0.15392441885433675
0.060197555447351773
0.05593625351294087
0.025403069830516503
0.09143208793442097
0.015019041768313602
0.05439677437690135
0.012085499195852577
0.02987212317821353
0.031137381676355325
0.011599775412656952
2.0576611813793645e-05
0.01029793700452986
0.025376340189071915
0.06656841827414721
0.014273145030332366
5.549734449814425e-07
0.012792786302449843
0.15597633215024914
0.025466485397312232
0.11969233042019567
0.12000330829089732
0.02538484965402073
0.02597755869676191
0.13105101313064513
0.02538076044890873
0.058487750354013025
0.025379627942616632
0.024185431551015726
0.12692986967055975
0.0181285519653376
1.547123659480308e-05
0.08440658721349999
0.06890552424696371
0.0653438614507716
0.06176828529639155
5.1904459907702906e-06
1.021382786159506e-06
0.025380987722000183
2.3133088448102944e-06
0.025378274717065632
3.870449930792502e-06
0.02562212596673737
0.02541480013510144
0.025379616285403937
1.4169680161269669e-05
0.025407892588105926
0.02544707481606894
0.022042365864191588
0.025399566391314916
0.019424242421557464
0.08620323809808461
0.02536664631530261
0.025380132839391317
0.1363266969531484
0.017982889274220374
0.05428419624900523
0.14567204714197066
0.05881659707138642
0.10595298766596628
0.05372277071060818
0.09651677441437173
0.21488877925887406
0.14804305369611273
0.2010826331482516
0.0932895445539636
0.015618269700867663
0.0537242590004227
0.10528871432225374
0.0960566928385592
0.061708142990900786
0.0911909008114328
0.11925710987213235
0.05884607402120921
0.07445358668942538
0.025613476147209224
0.06188639923776916
0.20334317591871456
0.13071898100267712
0.02271487308721758
0.32043661548205604
0.1721981400501343
0.06783435648179298
0.08915645422673459
0.13633737039843868
0.061166414720200485
0.08068332777563081
0.2869955576195616
0.1040008488824598
0.17677715524744594
0.11865880404699153
0.11235183401526412
0.05009741916074111
0.0344242570630513
0.26695927900387123
0.3437503594760609
0.3136310121652881
0.2306406419110782
0.2362781829653989
0.10041443472568402
0.04678089841501711
0.11945593074796328
0.19835802362828667
0.11059729209845752
0.09554544985209944
0.12918254700467074
0.14006341455786064
0.025635572586833712
0.08493295554056188
0.08239236724617915
0.21209286039610484
0.3766886237125306
0.1566371949824098
0.05089897924321545
0.13528136907243005
0.1671776281206217
0.12220869475757007
0.2144577297402429
0.07709938258938467
0.1932991843908831
0.27711202184884764
0.02262290035284929
0.17892723324533127
0.16643695209750475
0.15917402654007712
0.4288450489727889
0.43334166910151306
0.16606718098650805
0.1260285947868178
0.06081092646589543
0.14672743243288924
0.05771391225076997
0.1097629511381166
0.13516300700029132
4.0258066342770793e-07
0.03548677787258058
0.025376368944526117
0.09265209680019204
0.02547910637806916
0.0986647983310571
0.0814570363923505
0.028632346941277205
0.05345883191224906
0.08708331351489013
0.215332459068218
0.019984739665086192
0.1045179433918284
0.21033632484165965
0.2293628150600173
0.12551960401236412
0.4352713783813436
0.17222691238959992
0.14883316675026245
0.1872729363989557
0.2313680472907097
0.19239122472838466
0.09945502801538147
0.4254540453859905
0.2072088401202121
0.050943059418279264
0.3132665081328981
0.15085693578298126
0.13028501650980076
0.07811041092726867
0.05264342615469908
0.07231500055453499
6.436137171778729e-07
0.0746622457084707
0.057817039816236614
0.026524761387788292
0.02559317583782496
6.239413123818579e-08
0.025950117287677432
0.07695657575801229
0.12473477451282144
1.6503841532670118e-06
0.02876992004732304
0.025375991646048892
0.12243961229125565
0.05948154324468018
0.02538295694948608
0.416407184846899
0.4140418151818092
0.06501433557798841
0.0738689599775837
0.028086440428592242
0.03695266653791924
0.41960919379510747
0.07130003837151919
0.0581046753538824
0.2315291738413679
0.10499662655654217
0.1383835603935339
0.0901023718904075
0.07891947436532466
0.2919524390539248
0.1316987066904843
0.1736235559241563
0.2730937944814001
0.025686242512225156
0.259694703523052
0.10513224402177276
0.14086226164834315
0.049645366740240456
0.02537716597684958
0.09340757752346956
5.214863460575436e-07
1.9587632189058455e-07
2.656998069286053e-08
0.051374488364236484
4.960504704004525e-07
0.025937803648332862
0.0631703610544015
0.048131526702070916
0.02559515839207681
0.15227151291353944
0.05466799349564783
0.19334303713090106
0.052423026367806776
0.2365917219905794
0.10126902268756206
0.08045382885429367
0.13872430949914918
0.025380268082957944
0.02985443846175805
0.17687016330841196
0.025476051105104223
0.08707863574970368
1.23493862121125e-07
1.4218297993834426e-07
3.9834167155072815e-07
0.01956007922048447
5.032002074818847e-07
1.887534602830133e-10
0.11637688807193372
0.02548392221502214
3.6102308426799435e-07
0.1082524893353634
0.03605307713017581
0.051454847228915614
0.058282887372068465
0.1399869500378741
0.05020174605264894
1.2459886107152109e-06
0.15279297085393262
0.1164070982430864
0.03066403794452085
0.10106621011266867
0.17130543052186425
0.21860497432129827
0.025608132664131814
0.3446636009444584
0.4109005215006671
0.3675397717403565
0.4299258194738075
0.29358122784623664
0.20425932926875726
0.22891354752144244
0.025377015280217883
0.06881432450303207
0.025673410466142337
0.025384932709607767
0.0998929651044947
8.789399962014142e-08
0.056277392552968285
0.025460550152000896
0.025432181201273888
0.047862493101878296
1.942432782302126e-06
1.3003749110465138e-06
0.027373715975623398
0.025376695716095368
0.02576745713637151
0.1231409786010178
0.13643526079175256
0.1286702294921538
0.025455647367132912
0.09860291215353577
0.1354294033156544
0.050973641855519614
0.0583303701714304
0.1145437526876729
0.18325129735526915
0.02542244092327128
0.2680180565855358
0.2988251846626062
0.12698824212432655
0.050923754513928166
0.20028069022274755
0.2656250818460668
0.07806916833227251
0.09116846359405648
0.026260637751431733
0.05543011878802683
1.0739112428941323e-06
0.025415383745291932
2.698763052459276e-07
0.026185437665510337
6.790053597121907e-08
0.02537872728897029
0.09131041785998427
3.534187990207929e-07
0.05599054971524691
0.196496711418214
0.12879897564971052
0.025396718547611045
0.10190340944737293
0.13544374872286058
0.11827893572982096
0.056643249456579725
0.34106167250614
0.02851726455274725
0.3211326311473444
0.3815122156228507
0.13381826775428313
0.19708144341206488
0.2503808808481319
0.02551013709224597
0.2631912211671022
0.23583606728599096
0.10302212606287603
0.05184219033957542
0.025466393090410464
0.025474447103605326
4.933105492312697e-07
1.1677834793002913e-07
8.201287249807459e-09
0.04978160510987747
0.025375942846943764
0.12399768829194137
0.12324900125932063
0.04922701367053072
0.0787540617144023
0.1723086346375896
0.14995748606904194
0.023611707837565204
0.11393864616566746
0.39521070516945306
0.34452890601828684
0.10723128116440378
0.4356547594397753
0.02505825702964108
0.11324529868576627
0.3337844488338189
0.1784667554015765
0.03783031824817732
0.16444043921501147
0.029909672227984317
0.028274969420860305
0.08796768302916445
0.0922800905921754
0.06370050481898402
0.025379773037436326
0.1268888516210388
0.025435201194899185
0.028968118786956282
0.10737880261890724
0.19309629484452176
0.11452957808547536
3.6318504402783777e-07
0.13177147923241586
0.2722059850941028
0.19316161928526626
0.14320094641697426
0.2393894922355624
0.3339346402011668
0.08437402397262353
0.11394618740438316
0.19467491586559432
0.2787513666879497
0.4307975981679359
0.17188997551563784
0.07071565396943905
0.2616160129588864
0.30626464547042204
0.05170342575475191
0.3039728587679529
0.30799220693883883
0.02544912334722942
0.08694289256803815
0.04759920970616792
0.025803292757241438
0.05868655168639628
0.025372367982733283
0.025378458741106003
0.04887590489688592
0.21868906048464276
0.1492847608590796
0.2450266963725224
0.1292467527356029
0.0989745424181862
0.1307041250008105
0.42450976499809856
0.17248335319886626
0.055992836665156406
0.3251701136141448
0.427941804626894
0.1388518508029166
0.15544426200864964
0.4136919076166497
0.3032128369182828
0.3509817761772029
0.11211474609597467
0.10401766022922357
0.10095787398108846
0.4191632593550066
0.027202953547434308
0.08933899764415466
0.17595045943770532
0.0310410968260366
0.026696563198882497
0.0508227068523277
0.025345999925925226
2.565909664543264e-07
8.705352815205675e-08
0.1241469415095709
0.03374400319759322
0.17884531613465596
0.02568374656909324
0.0718350302381132
0.10786004047391293
0.1386166749377213
0.3041540292892903
0.17900116568618785
0.24667361722208664
0.14561593842416656
0.05653054504808187
0.3061528736985905
0.3727293486813438
0.08885056466945107
0.0882809698345158
0.1993650637461873
0.08539032044321103
0.10008671603588842
0.15697617394042346
0.13967584846338318
0.10411288646025307
0.026802830734203302
0.07785850191293227
0.09941254590959137
0.024895157307677555
0.025738412155772997
0.0876210830456129
0.12821914942413148
0.020928973359910702
0.06199582507791895
0.0988289008075281
0.025424392515302967
0.03125086095993849
0.0253352757716638
0.029217116789712123
0.025376224673783348
0.05501022227585447
0.07254408955741927
0.025373077880934774
0.01704869245072636
0.025524323547323632
0.02544023648145135
1.7320711754580376e-09
0.02537594168845624
0.058992358368240974
0.025620338365568998
3.019449386771819e-08
0.02537407732715095
0.049381997497633424
0.025368192250902984
0.1388702779911961
0.052914688194001865
0.18075944622304488
0.07598209911070053
0.0626606900549666
0.025554574515060387
0.041088122192062974
0.07745970695103348
0.028644599965899905
0.0646415467124168
0.08912771799665754
3.7621491047058883e-10
1.3344569260334964e-08
0.025372331260611967
2.0170292690279117e-09
1.1465378522348402e-08
0.0238238708147099
0.02537597461488741
0.025383860981204542
3.0212979209511486e-08
0.02537516827731778
0.05679366143128425
0.0581841774211933
0.07500162107759488
0.054283359292725986
0.053158286016858285
0.225142214301156
0.15660026041918249
0.13298801269049704
0.08049892091400583
0.0601561375716918
0.08792993536250054
0.22154490650193406
0.15577950436741675
0.04290771403012587
0.1344767170976193
0.2547611294693583
0.0971630875758512
0.025724055444823073
0.06080349021252893
0.07702929455034388
0.04564527337234542
0.07296181545102604
0.11049882498829604
0.08210321408382823
0.02537602426047346
0.025379364123928803
0.02581023033471454
9.883774204652109e-10
0.02535934158807796
0.025460221155748808
0.058638646593949025
1.5946855977575686e-09
1.4083676902202954e-07
0.025376093749440002
0.03953953774006422
0.02540239114294066
0.04697014096184899
0.058932322032292775
0.025555759098833262
0.033450421648353164
0.05000095272121964
0.053206419253947534
0.18868241691565565
0.02640330704099128
0.07674092117064442
0.02538900268637477
0.06788249238429807
0.025375459797500475
0.025386685058702587
0.0613950561076692
0.02587858028841911
0.13078477123261084
0.05296489065147298
0.1405602600381665
0.14131625865481354
0.08588811819158775
0.025363279471910583
0.10710112106618172
0.13144797123374405
0.05727826020216641
0.0809468253421712
0.10090334045336792
0.025392852432746714
0.02651581656623021
0.025336890572012515
0.0584851429478934
0.05005730810691813
6.6340543562527385e-09
0.02537624343865617
0.05024325963222346
4.7427478748295794e-09
0.02537601700002327
0.025370413050299502
0.02537815256044078
4.240595103124675e-09
0.09724253190251636
0.1379351802148942
0.17622186240918705
0.19493589352546434
0.09916318720767238
0.15765980137715915
0.11077951381348183
0.07663539583794643
0.05130937080537178
0.1379594037545417
0.11643160808657968
0.10107924685877397
0.144643473489103
0.033318544777043865
0.19425853124110304
0.13887902144820158
0.14786439252376088
0.05085069063742007
0.19933427671480994
0.21665843914882146
0.0575841885273279
0.025310962711601832
0.09326483210303546
0.025322539858379428
0.025392104548288736
0.02538463747293442
0.025382840553915268
0.08465532402491341
0.02583469960613756
0.026628676090147817
0.09418403284395466
0.02538026588778812
0.0253759683411428
0.07555258810478321
0.05783580598562059
0.05127419813274455
0.09130948858764903
0.02808258421402236
0.19088560907907087
0.0476894661747221
0.2127805969010412
0.14652081454794966
0.13937759450644274
0.06657793348590556
0.22278020313827526
0.2752361191660389
0.062080364326880966
0.07196486117356775
0.25126907252950303
0.07171787643514234
0.032406954850527754
0.08103462050023169
0.26053360795186514
0.15325946834540782
0.02538329231774773
0.041714441560476455
0.11558158302270533
8.891812040739825e-06
8.546296611543919e-06
0.16021064279814906
0.252206639484637
0.02537353205919229
0.05048259473975877
0.025424490400750132
0.025586392016189518
0.02537623622653849
1.0730699701996672e-07
0.07672635348804133
0.10596171287150526
0.0597137100592781
0.02531906211399397
0.025375989897252368
0.025381837141447542
1.6468479761973742e-06
0.010161044646762724
0.05556048783230759
1.275448665721712e-06
0.07626179711693322
0.02537623843929078
0.07172763007430227
1.906038283132029e-07
0.025342510058390517
0.192225304685565
0.11145796718292424
0.17261880994170706
0.03044535339291625
9.820924241195573e-06
0.11029147573721383
0.21282401031044387
0.02548195118204734
0.16923210644321654
0.10765784393232396
0.07121732211300101
0.14214642302389915
0.11717505054134568
0.2993910380379103
0.025376289274579248
0.20808124091545108
0.09424695277265242
0.1252660057364929
0.1513847441048866
8.226600833485138e-06
0.16704018254639552
0.3868738520043737
0.0979053237837255
0.06727472934896803
0.14505598765335131
0.07407105375848602
1.0390949285347304e-05
0.2658154368995722
0.08623567461452028
0.02538017483410563
6.283591198219255e-08
0.049196670582136
0.12444153377895953
8.391428893683769e-06
8.155073105959733e-06
0.07162368503183575
0.16512255775052714
1.760228811304681e-06
1.164283478182606e-05
0.07713455770433325
0.13825112287433305
0.024272443462063063
0.02554163184814981
0.025377120493877282
0.08939523246940102
8.154993339371136e-06
1.564730750595098e-07
0.256744693804219
4.931114547249751e-07
1.3250530482994218e-07
0.15526050608862813
0.1236966603279853
0.21583588912264345
0.2573958610235313
0.029603403274825763
0.1717481750946924
0.0818177061684416
0.15512843300749676
0.010516996389952552
0.2485256564248897
0.05844343021988545
0.1493644587020227
0.02520383740764607
0.17775569173055508
1.6784581654149319e-06
1.5591070391604753e-07
0.07162866926723023
0.11142611812276262
0.025393555864695137
1.4393444850309729e-06
0.0762698620285061
0.14977787914556775
8.073317106790369e-07
2.894913633073236e-06
1.1145171864012728e-07
0.14554322393270944
1.261540809451015e-06
0.07433912589572919
0.07029737800390462
1.356729370748417e-07
0.025376968787069715
0.032784773754273966
0.08072235482732483
1.790153340806397e-07
0.02543585485703924
0.07649253278878072
0.15594882689196082
0.025376253329627844
0.05362795119937847
0.1752697216893581
0.1657061550890296
0.15401763261087426
0.1711596349815234
0.15685409143878018
0.15299819103186402
0.1503310530960464
0.03989437030226069
0.3275192947843525
0.17224550984691947
0.028040356644155717
0.2180838990668021
0.2549390112224097
0.1703005053363222
0.4301974008551306
0.0469520527432727
0.0700173268106001
0.0630522346195579
0.4191765165911369
0.4323178119766092
0.15663052424878907
0.029198799459811808
0.05699873033076254
0.03028401381109488
7.657433607856519e-06
0.03227959475966713
0.2415910372207504
1.1145347613649557e-07
3.6116055458762274e-07
4.156468697825487e-06
0.2114108739050356
1.682117901766931e-06
1.770810577407931e-07
0.02949482922739962
1.1147118872838475e-07
8.156931012520563e-06
6.745527390959411e-07
0.02435754175658956
0.08439314183642023
0.011114455294562816
4.1325953587699313e-07
0.05530561891095431
0.15497316442627262
0.025375488836952308
1.5785034365976488e-06
0.03889799043475888
0.0787749449540145
0.025376999102364264
0.05939870637666937
0.17241197876501593
0.17756936225927464
0.01769944522671314
0.025433079526167118
0.07721374289258774
0.02985993439834475
0.035722350678151944
0.03070563566348441
0.08856604857401468
0.13134292121785515
9.966772315610013e-06
0.025958101604044496
0.07651759023677049
1.6785559980234537e-06
1.9329010026325145e-05
0.04883489596715758
0.07863887307710514
0.05888052452183279
0.025376190494202845
0.26502631139159866
0.07179460946340628
0.026248272655122626
0.025375771417901972
0.025375974066744786
0.02538447630840361
0.02611949992662044
0.025410639561960744
0.02142320901201185
3.5558313274069474e-06
0.07837280591825793
0.025521682785010942
0.08344250658439127
0.025540697065288203
0.2272377515552131
0.1509054214579924
0.053190728013846014
0.1168678421982772
0.32849744964739785
0.3725900691744451
0.01906568988523251
0.16645406718160025
0.09846199173572696
0.27398639024550103
0.17209857761032085
0.12483076473821267
0.2701411001812684
0.8890227726988177
0.08537096690541136
0.025853384359472518
0.02537712961305949
0.17484977177090488
0.1079263846733144
0.03458174029146152
0.025378865679639182
0.025375746337053383
0.9864699907552636
0.025376591188267263
0.012666693407452507
4.156468697825487e-06
0.026866274710707776
7.91695294072353e-06
0.02518772731873769
0.13948005193805826
0.07604239964405772
2.0924478437111478e-06
0.025376280547099745
0.2229695435563039
1.128838938620404e-08
0.15800918006877815
0.1029436947839154
0.025376803542540512
5.97531389167705e-06
6.745577306208175e-07
0.06255701868056843
0.3690341471720284
1.6762361906229488e-06
4.156468697825487e-06
0.025397615202007888
0.07280910296268263
0.025965659435098758
0.025376547967550067
0.030183820542865957
0.06048234823050305
0.02525595918968905
0.11916055350855725
0.2789759822117133
0.0578998371442424
0.058412777518844876
7.93529641859029e-09
0.025289304097673274
0.03674785530587176
0.05988681433241121
2.068364002373766e-06
0.00573563366562799
0.1353206988160082
0.055764783683262
0.13361326742492974
0.07536912918836416
0.06244081583272682
0.2486024130415061
0.17027495307197305
0.3892104261507881
0.3142625829283999
0.1830221949058807
0.16588085730001612
0.3623208917880769
0.06928675131293145
0.025377090888015177
0.0440386298343236
0.04364098785845672
0.025378262776593257
0.2478699610005769
0.0726051558901651
0.01370454072445306
0.025385349151542527
0.049194803866677114
7.938426047678235e-09
0.12641492433898754
0.05859672584532405
3.619047081752865e-06
0.07455876847636833
0.01251530214739322
0.02551945796624436
0.02513645433530322
0.02537803396947924
0.14769063914737093
0.149311101292484
0.07808272781388823
0.029069762037343964
0.06957266220229465
0.06850857441978261
7.940429306619192e-09
0.04479869674549953
2.5876237466912336e-08
0.059285337787893126
0.026359585760550787
0.02538159579077211
0.06491035311759334
0.025375358400243443
0.022399304209605182
0.025373210859391208
0.18406521680680946
0.05255146332078537
0.058095319853509075
0.19593186575127453
0.2438978512882896
0.1132504805554726
0.030568213758940612
0.11842600832871007
0.056536918445408764
1.5803935113261024e-06
0.06001926222493094
0.025379337430397133
0.05011170867522103
0.02529229801991341
0.025377134544921062
2.3077910752847937e-06
0.181533744773342
0.0253728778009257
0.07996628173189993
0.02496541316876151
0.025673854669339358
5.3763135480956e-06
0.02763552926228554
0.02537765601509848
0.1477827611346746
0.2777328325867825
0.1659911894532664
0.36425150155815533
0.09820456293994287
0.09482710105770564
0.07088496248670904
0.055552261095558934
0.02537593084208526
0.4303567727626563
0.2709191044434325
0.025960498935574908
0.08481672972511449
0.025514013525233525
0.04084310464929618
0.20630273504466687
0.09171057169790832
0.1223535946230675
0.017414825981932957
0.058503796956224284
0.2510278594154684
0.4353949808262245
0.10349552997224334
0.23831150998682196
0.1067110176945535
0.12565595615841593
0.011325079201695223
0.025416355604928786
0.07385793837724525
0.15982032499916146
0.06458147672446535
0.025384328322680158
0.025377652892300352
0.2045004475255636
0.2407220566461177
0.21387222611828105
0.1273468405396437
0.0583938433161056
0.20451862390261447
0.05897383583845815
0.02757082390725597
0.025376674669627685
0.11627445222743968
0.11560259420975713
0.21660182946256995
0.1188466797754118
0.17218952126181214
0.18837444545197488
0.05603708216983208
0.1274551976329158
0.2633415149663803
0.02454838888053166
0.21108048410661345
0.18912169224317468
0.2246190189159656
0.19479088184613788
0.21466719952620128
0.03874095316903516
0.06457694721670494
0.0964113790922055
0.13470503965133135
0.029038144460826525
0.02544444073441357
0.2834810115673362
3.840775873772535e-06
0.09440728387591132
0.11200886763736004
0.11711557478694574
0.05874399168429011
0.03315530375657715
0.02731007185891357
0.12945730107285972
0.028997673342971618
0.12095485838018948
0.09384336575210073
0.17008916483229658
0.17201083314000526
0.4356342073257285
0.04640911251112684
0.053240831098094486
0.3895956233152873
0.17817696805518307
0.19946368729259795
0.09315243738363832
0.06600927165026961
0.08729279591103478
0.025390502008471642
0.2556129044671633
0.025377231512038027
2.5140014495680256e-08
0.02865643903552321
0.14844053598097845
0.07277158806333227
0.046144795743206984
0.053251075885185226
0.0853373270220711
0.032015522272819
0.1143168095866583
0.2137614900105091
0.04071588776183019
0.43411326140674544
0.2668471078767189
0.2079605585959766
0.1611309437542355
0.10653159696349188
0.050015878086327216
0.05702848268734392
0.21182302989782775
0.025426782075231042
0.17834998952235862
0.03059496677260803
0.03062271529990853
0.2305133381504776
0.05611684745378627
0.027514795834310515
0.20298336819311172
0.1336619320807554
0.010941936981998794
0.06880387141022568
5.3763135480956e-06
0.031890567673157226
0.18725855123590726
0.09803375225568184
0.2748623438923331
0.3486779073746673
0.4060771882257509
0.3159682768856691
0.9993042815237004
0.4356383356610221
0.17096570528488242
0.06130475749686343
0.04984374073848367
0.12063834970192333
0.02694599035526619
0.11509063621227145
0.09701226243875648
0.05825371541821975
0.025626030805895837
0.02688446826399705
0.02518822519861109
0.15135480779340416
0.2225061428698324
0.1080999131671039
0.03814966461590563
0.054687878620045656
0.11072649249334852
0.025383570477349297
0.22834333159904255
0.047178482004501865
0.11489911174377937
0.15028946743605134
0.0598531232258042
0.1029491441742076
0.056022197608471734
0.18565399119124715
0.2779191795113345
0.0621993089347831
1.690268056358155e-05
0.13758607723381072
0.2974405410827232
0.05725171825187918
0.19022798960217344
0.030566930697625026
0.03371527827907548
0.058234532016551675
0.026718611627312525
0.02538047702389631
0.1713578891450568
0.06703020435334431
0.1258414468714621
0.02561744399245274
0.18863649576391892
0.15243115178363134
0.050662779328460285
0.026633247985070573
0.14845896928322988
0.04784099074754295
0.056598258110316775
0.07675102180769013
0.10952175256656066
0.022077348939067938
0.0252064489134632
0.059674668381834724
0.034948115646395106
0.02540899290802034
0.0253754537113378
0.02655774091867517
0.025375996696412124
0.02537622708537556
5.880869695333308e-09
0.025160954006898863
0.04371800396100624
4.294777230423941e-08
0.041343600493485434
0.03162222534781642
0.02537746210217096
0.12746831960349195
0.4296138424661125
0.08152679598484656
0.2487524639874995
0.2536761144362627
0.10577668961641906
0.06458683830572863
0.029191500809710124
0.06877706047711198
0.1683553966823366
0.07252731427731111
0.05752431911558557
0.08851141616507417
0.025372072641055145
0.05202718477743098
0.11232372123309108
0.16386054599578226
0.18175944765667285
0.16900338509672108
0.07841643811291164
0.16974360473030922
2.1562102336764933e-07
0.02746682321033606
0.054663614879067096
0.05637121676735389
0.025375839950421388
0.052992646262823205
8.796772558772684e-09
4.404903101623098e-09
2.875744419512562e-07
0.02537618091858555
0.025451806661177318
3.020600077654801e-08
0.02537735796208006
0.05778198057323574
0.02538162804054532
0.025329968397434496
0.210463948788126
0.025438657044546932
0.15546007630060274
0.12378556310847183
0.18802883123225012
0.037101856823939856
0.12172372905541785
0.2182003096524341
0.1726115105659991
0.02541988547345506
0.059950890397139835
0.24590459163094425
0.04520173479604357
0.1338561013393877
0.4144931107382449
0.05864039480899023
0.08723371810555562
0.1778164611684782
0.13243343600039031
0.02259086509604889
0.2321891771014183
0.0924656931684406
0.13333879647227045
0.07372686816813266
0.10959547287649103
0.3000837498810525
0.02537604406006944
0.030584624605643342
0.09526803238314993
0.026583339510164162
0.02520991542599419
0.02529768348816532
0.02537607668115889
2.2114164210625672e-09
6.781821682672837e-09
0.0358164375308273
0.025395521470011687
4.1421435789668005e-08
0.0336199717560546
0.025374982899490143
0.05195954953668108
0.02550985655063882
0.12782256032905065
0.10933598991602787
0.2953374589526915
0.22088675814595302
0.11436510048353818
0.11529680203731865
1.4320003792941803e-08
0.02538223467222601
0.061820011018454524
0.1884487834791504
0.1420394903163166
0.05589685078741701
0.06730600719174096
0.2591620773974208
0.040116266335176086
0.04649667674874299
0.013236405178153877
0.02537499750186381
0.0253725099445654
0.02542758393942705
0.05852126369365779
7.734682324242364e-10
8.10159079093846e-10
3.1578776876287436e-08
0.025930553954804883
4.225497298849335e-08
0.025326756141372413
0.07714172776474403
0.05780684354562555
0.025360053041837083
0.05621429983168609
0.05834458618359214
0.027192379841375253
0.10749913601391453
0.2688790043357715
0.11086900629974686
0.06770566120750883
0.1804129962366044
0.025123188657315488
0.028249842834211208
0.07389125231446518
0.2264460971180212
0.11736921864719715
0.04665568379165935
0.2220429804723308
0.16352673587516595
0.07018197211452643
0.049892448453809315
0.06669056343165322
0.046686571815419256
0.025378154383415497
0.0433301111821128
0.020612059820844863
0.02537080298069021
0.05091421478524517
0.02537565763852443
0.02537594281362995
2.190707820245852e-09
7.339072267511512e-09
0.025375961933546163
0.03932319971934228
4.316556800845745e-08
0.02537594276978251
0.035656636517653835
0.025376057746077103
0.023627332662310915
0.11159659318479576
0.07194269908062567
0.2721101331460702
0.17637626117585886
0.12642913606983416
0.0700015501039482
0.06213648531929512
0.1230723598171307
0.16535838259783786
0.02539998356670757
0.04110945232821761
0.3995141539616133
0.04289861959490382
0.02640035451037319
0.12353381051272565
0.14099632866823594
0.10214684120966283
0.11169207107032153
0.11942597208337336
0.11325586208976628
0.02537607481890622
0.0340031714998074
0.054530987457364406
0.0253723990213614
0.02451911643013776
0.025614058133841305
8.847022450019584e-09
4.540606150467367e-09
2.8757291614786163e-07
0.02537930896646085
0.0669541626859129
0.02537552097788643
0.025375262833964025
0.03085785666195737
0.02546445953255374
0.050710928522211055
0.05506677164566461
0.07047318633870492
0.27752507307086505
0.13792153239537258
0.0963761625217874
0.364198544685535
0.3504902861667199
0.17901189217055066
0.04294352326905808
0.2746638803901803
0.21879141538442592
0.18332028421980068
0.021546469118957037
0.17664568175025827
0.26571907843060744
0.05026475462700111
0.08939008637348382
0.2767049835545101
0.03668087502990797
0.039243503323106166
0.017919340663660653
0.02537966496740178
2.320004480689597e-08
0.05874261756503672
0.02537600881608805
0.02542745557164945
0.025375190465812877
0.02537595072950567
0.05831186666469724
1.4120286771959306e-08
0.02548755770415281
0.050835218193032286
0.026377820170407944
0.12689503474295902
0.15519331725035462
0.049203266965433166
0.2352405218131231
0.3626856500378673
0.3224519943832054
0.06688746292267797
0.054660885716234967
0.2963881443886505
0.12895719114552254
0.0775956617769905
0.04504997608177922
0.2353135428029405
0.12798431228867965
0.04318742686640757
0.17446205642513285
0.20046089166139647
0.12234473104678092
0.0766194908835079
0.0558511414431311
0.14924923380821334
0.3013975020560321
0.1078198074717773
0.13467125367880828
0.07813689020417831
0.17609086195596674
0.11288833757992912
0.10167217190460837
0.029745601163151145
0.09144786624600387
0.11065192841583817
0.01845124685434478
0.025628397753467667
0.030181306202550894
5.000514812168316e-09
0.02537909318265899
0.029074702629715555
0.02589991757157421
4.47219672186776e-09
2.8725100993885364e-07
2.7473605490868257e-08
0.025633486927790328
0.0253756902694147
0.025374786417460445
0.025471206122561638
0.025381055978627172
0.09771272462122586
0.1092307732066818
0.1216578668093328
0.21615317678313026
0.14687970809525785
0.313310864674123
0.13155212934706514
0.07077616474385487
0.1581835140344471
0.17111221265481544
0.02538284666542711
0.0632788730217993
0.2388017060994185
0.1610200270188359
0.20866674986315414
0.33183979506585337
0.0374199947819182
0.050718358016995216
0.05392996483102064
0.17272276132716852
0.06767380258379499
0.035340957707880344
0.23912527019187346
0.06838500852305356
0.1132997723959756
0.12962017596365627
0.16792889344674558
0.2534624123342117
0.22069559950949494
0.11411651673420765
0.05537777268222885
0.2866177867802521
0.18170430025821235
0.04279688446227528
0.06560808296351506
0.27439811374334144
0.15039451482076954
0.025349828678209133
0.09732152869453536
0.17516011564745235
0.049770716766424784
0.01923262332899204
0.11912652708716545
0.08901518034943644
0.02891706432002085
0.12246533212995328
0.024248232819895143
0.025294103246358026
0.08985801388790485
0.1596172157454294
0.09381668883142287
0.047160471562008116
0.004185574415128734
0.09752522567683568
0.10822200762350924
0.07905403322134093
0.010956343459708608
0.15690267383933576
0.09213064539428698
0.08728073545582382
0.05707909701268945
0.3368038944446187
0.13622064776331502
0.056113701002504485
0.122315016574358
0.1901302500875452
0.13695398312194673
0.14687511784841914
0.05169984802443127
0.1182030819894345
0.1935972298405056
0.022854280275507743
0.11783626972847418
0.29484186981953675
0.07743074747114342
0.11770262542958365
0.14677033891325042
0.184195657296456
0.13538286489042026
0.08802905883507173
0.10005638668296908
0.2319236118612626
0.025359793120113983
0.12980517824629048
0.1192466892109521
0.06883162030322865
0.11362526194925933
0.03336114029937305
0.13090082650781454
0.11444183305403567
0.145232243888839
0.13704532359809127
0.20653299339629647
0.2224175872237738
0.06611436635941897
0.06554723908894039
0.1143456194936264
0.2831755962527634
0.1336458887883448
0.05234279532647165
0.09729384067611016
0.23261554917375704
0.15454327789377145
0.02258883538326275
0.1582884353907367
0.15701351738807487
0.08980702958670819
0.24816991733206514
0.17395269370606264
0.09431455620118354
0.17138636868109733
0.12938063200746802
0.3711985305310992
0.025596007172615037
0.1174986198926884
0.18188545640240456
0.20172959621518888
0.06116537329596169
0.11093192909816962
0.2659668853921381
0.2373179988053701
0.11419850736868857
0.04826160129378077
0.2328534326897809
0.12408913832410948
0.07713304629843615
0.10881866714608064
0.15307801275920785
0.06236205391886231
0.09374019217360813
0.10740288230955576
0.13827067063361365
0.1478856035803502
0.17990403795272472
0.04937770729782885
0.06768950522433792
0.08935312864650316
0.4047536443272796
0.041339893142974725
0.10359599700709722
0.16513075936451366
0.18727779028929065
0.09634602067318226
0.15696520919393545
0.2213679868288564
0.0942672634903426
0.14197496198141327
0.2515890890291909
0.3331488941299782
0.30659946381953146
0.3131958636267686
0.14010216857598162
0.2459554236644227
0.13302797244903067
0.2450252881994384
0.1048845233274119
0.2952569884956062
0.1151456693715104
0.0891350167942462
0.2036625124040385
0.17265229362404688
0.11812739817209755
0.06324669679571278
0.16283960126102268
0.14740086353185078
0.028215629149921432
0.15447597331109286
0.2134633845757704
0.15009444027090796
0.06121042563814218
0.04563126929834648
0.2757389005278063
0.2866955388141673
0.2162577048372124
0.036505175619118764
0.18113700501530985
0.07258420125920373
0.099967152221428
0.08034426818891445
0.2214782656932478
0.1324349085050619
0.09869560945354164
0.3004689823743167
0.20068404072119245
0.19899183900172007
0.1932071951202636
0.17751642560689854
0.11784489198842772
0.10419073718449808
0.06833766952507618
0.2054813078311841
0.21523386589493915
0.11256066650145027
0.3414809417802633
0.0847786538455808
0.3895605349446111
0.3053692452447425
0.2364314247397171
0.16442369663074846
0.4342077197271176
0.2526427715028523
0.2964128942925888
0.09632776318513814
0.1761425015131916
0.3784151737924688
0.15373774311773186
0.15363277726990032
0.12461595807302507
0.15752876979104394
0.09789372340721413
0.08066053799570247
0.2816792450386775
0.08639922818955571
0.11260693659597612
0.19288364113991568
0.10320935809853496
0.15441481573547558
0.2592201312216213
0.30102479636040386
0.20427973041765807
0.2970609951048301
0.28019413125005976
0.07622239066703641
0.2980817338377619
0.1904485295916405
0.11610097042516952
0.0911562755158942
0.13478128422295413
0.12485470919954522
0.2649747231232945
0.11183140522107704
0.11654236595575428
0.09450108006785043
0.19227828413491194
0.11029253939683634
0.09768193869127023
0.13194532752679486
0.12802867636781193
0.18330930759189212
0.14652270652103927
0.14415924574002
0.283364160933106
0.2738163944002143
0.2809129618563935
0.23772268641998695
0.18463426220958587
0.25903371090222066
0.13299137344545026
0.25017887460172
0.3869735107159033
0.07201468485538251
0.12786480506622872
0.3026709326254087
0.2498196340081974
0.13554027813381528
0.34690248497876897
0.3803933602754239
0.3428941204505942
0.1770478137549746
0.1923173445463548
0.3469443218393064
0.1518422182217888
0.08997739372064008
0.24373256543330465
0.2471985170184245
0.09892818123913183
0.10773306952717736
0.2208461766323368
0.19571999500887646
0.14676521923926228
0.08645616950714036
0.34685591172755514
0.0652305902701568
0.1356860689894315
0.1953184278975653
0.18798247521921246
0.3624585956305951
0.19651354084450626
0.1863810683122684
0.05833413503546521
0.2954260760556156
0.3019691177056101
0.15372350204302512
0.05895706611379424
0.18455112106205795
0.30219828601885823
0.1452793285560476
0.09297708875427214
0.19177687340821034
0.15229032463791808
0.09431996600228527
0.21063283785737585
0.1136064456794282
0.2014496699591673
0.240549897198596
0.2876447394988035
0.10087754920453898
0.2293087449731388
0.17750245612476093
0.19548904889972632
0.135468140041788
0.2791195457551205
0.02419279010774381
0.08753469703183041
0.11787795859971975
0.2363125349888919
0.1476319503205225
0.04733998128521855
0.10298603376275008
0.10753504030543476
0.13165084401568294
0.16522544411127826
0.2444807427409278
0.3123416602156568
0.17982231088151185
0.22798183359443705
0.20731149271364674
0.2485687130862645
0.15100113611277935
0.1130111643488633
0.19369388542653074
0.15543793122194946
0.11702658849828565
0.13071734775867885
0.12976889306650444
0.19181973291091586
0.034484558478305165
0.19806650544559076
0.24809846149410175
0.2865490046372661
0.1486943724194118
0.12351454552902487
0.1803993322444244
0.09611201452143403
0.05186000175920712
0.08946908751510081
0.10063710753082844
0.11542872627617125
0.1363071460499412
0.1358127780343774
0.1780299094957878
0.09769965806038416
0.11007392715370523
0.11939574330902485
0.2717747334829585
0.18808347507411247
0.14316789273648126
0.16392569868851967
0.2599244159205941
0.20842819884276048
0.09663527570541068
0.12346897354895812
0.2664949818705561
0.2637547990724016
0.05476252006750309
0.2158874773858844
0.20026446908398168
0.10765902836021922
0.07928566982632584
0.13819859233644968
0.15167918590431864
0.08190412666629597
0.21742691574839412
0.2414632550697379
0.10667359181856567
0.09489758018524506
0.2088984667237467
0.058231010372190674
0.2793026215915409
0.1684510621373988
0.10655837866856384
0.28550117691740023
0.16988423976289954
0.12725457638601925
0.12160935516451395
0.10803659370525827
0.1985857763144756
0.1692512405636401
0.14939922118964832
0.15521593221819044
0.19131276654734847
0.10619897079625333
0.14518813683267068
0.2272325372809596
0.20118195739769185
0.12732987695565534
0.012595147817394924
0.19800884189451928
0.09182313426222746
0.05032614864388755
0.19797667455477627
0.3426018934160034
0.2123726506610405
0.056629642739263436
0.2274339769361879
0.2126336648872231
0.1347426159613892
0.2396340133240805
0.33510145509393874
0.20196346151417596
0.16018334124671524
0.2920873479000365
0.2833357613651392
0.17821293538931038
0.13362483142993678
0.2116049766428764
0.3211655407682711
0.11998875053020255
0.07813739024767632
0.21986601475271486
0.11753055380847414
0.24677561034516
0.11140420675670228
0.1270279495310137
0.12451508628080553
0.18001189913989088
0.11238316954207897
0.024626149808632238
0.1322122310910678
0.2856109617546289
0.11534198393054805
0.09381818932229533
0.2745229667586406
0.2971217799009443
0.14827411437362711
0.11118208373381194
0.8575590416079244
0.2189530198988572
0.3473214738776554
0.2407688541477712
0.08331304899849935
0.10782397208631077
0.2904937604385587
0.15989102258957436
0.1693218384554748
0.2829405474578444
0.3426208303704663
0.13446014757451094
0.285248514209212
0.4110530110581871
0.17334927576485334
0.10103010847990283
0.12172005423966252
0.2040214747732446
0.14447221911972466
0.13274717520639784
0.033811342452705444
0.3660252242884925
0.11695938370495178
0.09524511002648282
0.01762752708780795
0.3666949071660323
0.1539744495912982
0.12692174074969365
0.39812188222779105
0.1953705371715121
0.11715871617017053
0.15152592508685886
0.143831100589803
0.1587207091414738
0.2410236053550037
0.2326274869346351
0.1116507593943575
0.11606788176078775
0.2894680746244772
0.3117013757325538
0.06718050825615512
0.15393765192168507
0.2456344180572056
0.18313079455970324
0.1424170933784403
0.07423993745803896
0.26983067746750794
0.21437313716721496
0.07040780937674078
0.1026384876969454
0.07062982224566842
0.07268571743399717
0.051781042624029966
0.11624417862204825
0.25477275420968515
0.28708871632967525
0.05680411070378742
0.21516031321269247
0.18118814377037964
0.21976587153735092
0.198621226360086
0.09549489248238366
0.18660572482612334
0.04111840899990956
0.02551620189885171
0.02543055965734338
0.08151947948576117
0.025380665397718456
1.7678681839462392e-08
7.139247311449273e-07
0.05012834678521756
0.02817078773228216
1.3652061723399727e-07
0.11219551074520802
0.07133681961689284
4.182568463017862e-06
0.02537832531545976
0.03159540307649476
0.12867475759736302
3.058909247003425e-06
0.048025487509599014
0.09274272620946623
0.2032842168272803
0.03089174339683513
0.2102917045642321
0.11575798591173216
0.05545327791873899
0.2033638739624556
0.41811688350419374
0.051721619271853134
0.11085623571007268
0.2288758187095904
0.17050983428116925
0.02537713769311665
0.1056977207435398
0.0758474933705634
0.1845579872764086
0.10726770745510013
0.09436234877647344
0.2712267305585269
0.025377560727163708
0.05562333773884329
0.025493071424113292
0.08000511005087002
0.10779174800167862
1.8028834472961472e-05
0.059056608699420886
3.016728133952615e-06
0.025382492111065937
0.025376901142192692
0.02567773248992766
0.11975475629149453
3.103748360260812e-06
0.029109815206494583
0.02542070372368533
0.025592684553351237
0.025418644427175667
0.025376436998910627
0.10382726241241136
0.10790051145144987
0.2856728640643896
0.10375568368373768
0.025377260885433545
0.1669307767691305
0.09921846768444187
0.025738479158112268
0.09532460240651897
0.18606396163941188
0.1936369483746592
0.08148890512652544
0.025382417287826548
0.10089481873877093
0.1866457474231096
0.05682793920574165
0.03441743001057563
0.0777389498522232
0.10980095879290083
0.030000940089702458
0.025404032106787103
0.02539637598897412
6.001181584135406e-07
0.16031064664358358
0.0274388900972653
0.02540350074994794
0.02553427302915706
0.02537720591324253
0.026748534986866603
0.09446234933099476
0.025388454105694163
0.06938302516948984
0.03044186746603337
0.1126916237298428
0.02537655817698814
0.025398189210784475
0.02545831371913736
0.10001152407946226
0.025669159061205024
6.903082035505149e-07
0.09451272076208887
0.08970970238254626
0.03965546941917057
0.024806401179519696
0.02553589721965677
0.07679871941918971
0.08836354404192429
0.09808548700024601
0.07704116985707479
0.07646965019072255
0.2666988098495595
0.07139575132589067
0.07304989309226664
0.12717515719881525
0.02953585652987285
0.025489098127672475
0.040337346938515165
0.025378712706892854
0.02537598540357564
0.025375910644525542
0.11007876211106407
0.040036616912552433
4.5927297283674e-07
0.159345807314678
0.1719739676766191
0.05959868454502705
0.025686550854266653
0.12109956772092645
0.17343368149705593
0.10618352723299024
0.09859674956198808
0.060631491915828215
0.09330699395296363
0.05059432073304869
0.11547639872170345
0.02542949958858886
3.2560006515212575e-06
0.025600087649560267
0.057264280506939276
0.025371254269808727
0.4358520443989954
0.05289324484862115
0.09466385334116292
0.12094638619002834
0.19197781393535832
0.044284306552713086
0.2507347377181943
0.12192506805468052
0.02538870559991663
0.07929658547064003
0.18401420824308887
0.05950012378307192
0.09446420947841584
0.12787215655489587
0.02727303641787456
0.06345481044038666
0.1045304950275734
0.09287616031761872
0.1051654553481494
0.0398794924187646
0.07308858497389659
0.08876865519059131
0.11795458429854785
7.973867545607537e-07
6.813626754590808e-07
0.025375957806453447
0.09099160441547104
0.08055664908143273
0.12036591316559413
0.5779023457936701
0.025520435876429732
0.05474776116521838
0.03771792526644814
0.30293788390925275
0.2839459305666955
0.025419513921365787
0.023376994951460815
0.2885026545261252
0.025567520641416663
0.16878153495140394
0.3812168963613397
0.233353758544362
0.17204657833127512
0.2176550759918276
0.1849252929925452
0.3873374662366064
0.07515106674810981
0.3531926031270172
0.1376799069175389
0.11922580740606617
0.18559676576004416
0.3176888068437766
0.15788064873375976
0.029751703011881545
0.1537476805649476
0.09644509406001253
1.8026836953259047e-07
0.025451475168662075
0.025376848540634017
0.07435757228211468
0.06504725200313548
0.02654092012911673
0.07519879907841284
0.07987662264796716
0.16276123007767002
0.029183329045896312
0.1006169235470288
0.12433629189934642
0.11540031444816776
0.09456804453778853
0.07091807513763641
0.025384260527586668
0.19790263056447127
0.05038970581962977
0.22149832564713606
0.2630610859206297
0.173688964807199
0.0582471013651249
0.02584053482766487
0.058036952692092074
0.058263829694017916
0.08498445955366273
0.05268568233491449
0.05822504300038419
0.05636884553716653
0.0521450798869819
0.10644372212799287
0.058910699632581776
0.047418073404926216
0.1395326459668247
0.05797931175839102
0.025501445558181544
0.12078268681979762
0.10121695829820576
0.025381650301797287
0.027503191980174296
0.06174100261640857
0.02540605585463537
0.02537594686703986
0.03640702995009742
0.05831713985410961
0.025388289384978332
0.05810946321287475
0.093998944937476
0.07012246308333997
0.059317847430401666
0.05792522775668935
0.058206996400978026
0.18868366751740426
0.11667847370333173
0.05760425796539664
0.05179414404914192
0.02543105952663972
0.07098757016732388
0.028884022776638374
0.058232969941893024
0.2065867233391135
0.05794882599732491
0.02537601072485212
0.03585828038955536
0.0471668732023318
0.025450514386280182
0.02581892853634618
0.11637192100303467
0.3372815206095308
0.0797597515977109
0.061252689792725114
0.058204335360514774
0.025412127332655358
0.033515129395706604
0.10879789663480713
0.0255339766975229
0.08163992170543538
0.025396339521220772
0.02537654434135076
0.043852037028643986
0.05124438966405483
0.06303306905987624
0.04004243308052323
0.0509851023087885
0.13582390420502924
0.0581681373027076
7.078381175691263e-10
0.025376023368442243
0.058225449165369314
0.0582375952744154
0.02537601673259424
0.09327256613874466
1.7549429782705604e-12
0.06740015061958611
0.11416255747714175
0.07140778530225371
0.056617958429195016
0.06765952005250861
0.025503938529599462
0.02543646550583847
0.0581203722733678
0.05832443546531545
0.09070047379254327
0.15288912672741786
0.07063914261538193
0.10281049509184194
0.02537777723038687
0.025380206951263803
0.04513870314439209
0.07937580156073283
0.028168801927937127
0.11352453458290315
0.15954873540015194
0.030086102481448388
0.2472424208512205
0.07970801538076615
0.07827153515043375
0.07991791261569961
0.058493948875468514
0.06266986649427636
0.058018573630584214
0.10696783287859564
0.02576587053698106
0.15184076793455908
0.08077774631886861
0.05825492093606863
0.05392739513082357
0.06275697889813173
0.05933990327928657
0.20681464449859605
0.07585291730128288
0.025377463483225227
0.0510885812677844
0.163615302622249
0.025376199066444814
0.04777645341135479
3.4821630315158932e-09
0.05130856524826837
0.05810106335800067
0.058221594597873676
0.16622165909876782
0.1618339162167922
0.05822325538805729
0.0583091871890986
0.08099852894934917
0.2075554045492296
0.11466264882493694
0.11916910280360148
0.12335238701996913
0.07598112005187375
0.07140660702656512
0.07793884214574258
3.3452667003444105e-09
0.0431932928858401
0.2072683664934882
2.09535930517804e-11
0.026027796351674147
0.02537634658622044
0.03746527798813031
0.11668553923888675
0.05099342983395537
0.11605650841565116
0.06246695439843372
0.057761901564720684
0.025375938012301008
3.160324753730719e-11
0.025376284405475225
0.02539474641425746
0.07243215754580651
0.02543940281786513
0.05235921571062774
0.0528458519179856
0.02588837169395074
0.0514687228216505
0.17228520198512542
0.12178786251250907
0.1531932276898241
0.030668007548956083
0.09850304304529353
0.16212799384542886
0.036217189607495606
0.025954575725163975
6.706135864347769e-10
2.3351539541286077e-14
0.02544859375657596
0.058265027059483825
0.10541529846000476
0.025720839605958327
0.11865407767412632
0.12030371973136884
0.058203040300003235
0.047780753763293424
0.058297706684912576
0.15072334017496508
0.2069019207714896
0.09529933458120887
0.0531724292334016
0.05440341096042711
0.18237908153126084
0.036682842163890714
0.058227622498267226
0.03186472667635741
0.1160766030028385
0.06343352598991901
0.025434749604207024
2.7919094738701732e-11
0.09424584130233396
0.02669798098924209
0.025593818650532688
0.05828366118713346
0.11828819138149907
0.02219518480248611
0.04660719305763461
0.03776161474623013
0.07736402651200265
0.13088082392292233
0.12988792946479585
0.2902911469805031
0.2666200317020002
0.050425203512756415
0.11239884601993687
0.23497429095717454
0.08772708643487125
0.1509495388955603
0.1494643270076645
0.22684081066670345
0.09107226276270623
0.054440499122202834
0.07493558223924833
0.060456819082679164
0.11160873453833356
0.07036531811633642
0.06297840121160626
0.057818336797491376
0.28030300050412466
0.3327461563187566
0.11595174129171518
0.10871825066427168
0.08220690152208278
0.025352915591017683
0.06366006982289056
0.028594499562869805
6.067001973247237e-10
0.058393806082368174
0.33914909858855724
0.13445581154613664
1.720847259090743e-10
0.026396727061666188
0.05988209242726208
0.025642738399147158
0.04803627565608727
0.056151926213122455
0.02596816914280368
0.030023763689440205
0.05270116111209932
0.17652746242776396
0.0582086151016686
0.08234667020467801
0.10511970237135748
0.07113440720928034
0.025384653303428574
0.11694508755689992
0.02587604563583493
0.05821981924283848
0.026845935846934833
0.036450665110664034
0.08068035273780856
0.07324136968111464
0.06633269097276782
0.054866947418781536
0.02809924898311055
0.1867793306658306
0.16040771578365348
0.048479423482349536
0.2446564995176113
0.19723156677323053
0.058252894075663315
0.04129271986136372
3.3452667003444105e-09
0.0253761430935465
0.03934650301629767
0.06444756765941935
0.029451181823080694
0.025375947923742204
0.10690828675302698
0.05161663426225502
0.026716583700282442
6.554277368633153e-10
9.769718195632949e-11
0.02537594006637521
0.025376022984308886
2.8415712512629713e-10
0.058295934130569
8.455811493008723e-11
3.3452667003444105e-09
0.05822182452905265
0.06781652522821524
9.264564442723516e-11
0.02619894652735815
0.038889981653338686
0.0582279902934388
0.025375994622854874
0.02739680525266951
0.05823112970041047
0.05815495738797295
0.037932453679429136
0.0582089949369944
0.07746388428721432
0.05062088041916588
0.04553114766112183
0.12948975984813949
0.040450093152946634
0.1647553367470928
0.05799637996786896
0.054328101338577864
0.02597660274240097
0.058650728771959676
5.828767249926043e-10
0.057502430671765185
0.02552849032766175
0.0713447146412719
0.025420988759469344
0.04622528067608516
0.026740564353780825
0.07046794748164832
0.058315653796266076
0.058087508696802966
6.978897990025161e-10
0.025386908459621795
0.07387406726413821
2.6046641305860807e-11
0.027422317170008315
3.3452667003444105e-09
2.7964347873085196e-11
0.1734497024578947
0.15988519645314372
0.02843295016507555
0.025375951528061363
0.057941047676901815
0.05855765248067865
0.025383357678403697
0.059502255089202885
5.428919231489149e-13
0.02537597414731117
3.033667099315619e-14
0.07668951789215422
0.08276593720205326
0.167438587082368
0.04481453505566281
0.02538457550084145
0.1106922582704933
0.048977090837142204
0.14019624561360464
0.059446238801025834
0.09648362749014967
0.02539338297131121
0.07807097157258827
6.601165507396732e-10
0.05021531011731077
0.02538293151556348
0.027056984472303446
0.025781302627199423
0.025599345367835518
0.09098177913786304
0.02537593661486151
0.025996545081804844
2.7720963895830237e-11
3.5054691231298526e-10
0.025398386753296042
0.04328139717011121
0.05818485657968545
0.04736838478693155
0.02330232908802251
2.503403426074539e-11
0.025381395219000437
0.03489495151438298
2.6406021919584648e-11
0.058313755091385734
2.0063720084359238e-11
1.4489205229092375e-12
3.9068440559195877e-13
0.029897687655175764
0.025378755773406272
0.05100450169365081
0.08089855814645587
0.029770426513531307
0.08091321338006986
0.025381992849254797
0.058481006624911576
0.07725444313994763
0.18535854791326048
0.025403671422296416
0.048109841459943854
0.05823473340471653
0.05781435429005445
0.0582297768550006
0.05924655447792576
0.058247141491763986
0.05790840776961687
0.1169674101846297
0.0577057051892965
0.13595819289785274
0.05823436589246296
0.025398667959877167
0.0312611797863203
0.10764149777686877
0.025632744939330068
0.07849226922916774
0.0598285705064129
0.07634902976586648
0.05824257609650165
0.07028246182483204
0.07415236207061206
3.3452667003444105e-09
0.04416765613882033
0.02583314134193741
0.058002830013036515
0.04579349379816727
0.13317794875965527
0.025814011195850684
0.02537594103458077
0.025393334613117716
0.05441661190019503
0.07646796313691243
0.025379428150616248
0.1235633934781762
0.04571393001974367
2.7610746746862026e-14
0.02825437113799271
0.05488336085479752
8.865177738918549e-15
0.06648893042090984
0.025393260189181928
0.07192865855702676
0.025376116422450187
0.0852836500827143
0.04724474705357425
0.05892435407107169
0.2139951362509856
0.025409955901813917
0.16013044757179978
0.07642412699962722
0.13487528970054036
0.02537593998020316
0.0582187232032996
0.11668689726445865
0.05577168913670974
0.04093578001913692
3.565468333762729e-09
2.8588595979144947e-11
0.05023453333782568
0.058192177385581835
0.10202672530507603
1.1809289680664654e-11
0.07564402724222423
3.565468333762729e-09
0.16029780488332354
0.0256799292767403
0.05833091150514433
0.07741297623678982
0.05807256229339142
0.1027147558526796
0.05075080051529204
0.10654898672408716
0.1042003120992483
0.025375772757984718
0.08620397459015491
0.061271741310044286
0.15230364973617114
0.1480326716850253
0.05783758676810721
0.025688611325007882
0.02613622418759881
0.2451900167073189
0.051095581165031816
0.0801692881738599
0.05089376772383167
0.037598904264442234
0.02674028513836261
0.05823781369828925
0.10963530251732913
0.04944931398264511
0.07227828869273914
0.1774784787951077
0.025651414084917945
0.055697206145023166
0.0842523455292129
0.02537655046189269
0.025376509120842286
0.11623888631575632
7.015643154744225e-10
0.11760528819210295
0.050889282674375744
0.1381894375792372
0.051481522586639177
0.0641431364732802
0.1120588894750892
0.1711555778991745
0.08124061731143283
0.1976155839535655
0.11472339257423407
0.07607702928360886
0.02538013802640729
0.14544228584884888
0.11383365988043825
0.12033850422519415
0.17458398048129445
0.05822102503285309
0.11650272219567605
0.02546842382286973
0.2162201405606375
0.05898463905546975
0.116533799708393
0.04966101872677752
0.030489165149803713
0.12327864211975845
0.058408260940151
0.1028187495243135
0.05803286876384666
0.059979104436313886
6.845046718159682e-10
0.11937127207652128
0.08911073162053151
0.051427603922156284
0.1184552381058395
0.05822669018968697
0.11711717858453513
2.2021978195426361e-10
0.05985054835865821
0.05867290059568045
0.02537868915226786
0.0835432058463865
0.056383569941398974
0.05881295784547432
0.025376262210843686
2.257359892650593e-09
0.058742367437363885
0.07287785633540411
0.25026367501546903
0.05821091315649461
0.12112401266542165
0.02591995811673472
0.025375945805179833
0.02537795825507166
0.08436426592294212
0.025524261103097672
0.026165122531915587
0.025377219881364
0.06936353431676442
0.05528555770398071
0.02537605297939685
0.03397180634671353
0.08748427668299448
0.1384873554673709
0.17905992839975948
0.15519674169382489
0.057192120944754524
0.02538807511954553
0.058291233197699036
0.0270764342271042
0.11382274980373867
0.1597970019024916
0.1468090636607878
0.07095758456217277
0.08924037657547239
0.0582602200792136
0.047839284784811816
0.061435362761623175
0.0254205926728851
0.02589949140654716
7.895058520083496e-10
0.02538165476045012
0.02537989002871686
0.07913087769609048
0.05655370247040795
0.03232035002874389
0.15809899765145433
0.060971990836594436
0.2784242096798232
0.2348500918178291
0.12149704361912267
0.1437871098653328
1.3003844015668799e-12
2.1487800363030263e-11
1.2129604655188586e-14
