	Saccharomyces_cerevisiae	yHAB136_Kazachstania_bromeliacearum
OG0000000	YBL005W-B, YBR012W-B, YDR098C-B, YDR210C-D, YDR316W-B, YDR365W-B, YER138C, YER160C, YGR027W-B, YGR038C-B, YGR161C-D, YHR214C-B, YJR027W, YJR029W, YLR157C-B, YLR227W-B, YML039W, YML045W, YMR045C, YMR050C, YNL054W-B, YNL284C-B, YOL103W-B, YOR142W-B, YPL257W-B, YPR137C-B, YPR158C-D, YPR158W-B	snap_masked-NODE_2_length_515064_cov_21.8181_ID_3-processed-gene-1.101-mRNA-1_1&gene=snap_masked-NODE_2_length_515064_cov_21.8181_ID_3-processed-gene-1.101&CDS=1-183
OG0000001	YBL111C, YBL112C, YBL113C, YDR545W, YEL076C, YEL076C-A, YEL077C, YER190W, YFL066C, YGR296W, YHL049C, YHL050C, YHR218W, YHR218W-A, YHR219W, YIL177C, YJL225C, YLL066C, YLL067C, YLR464W, YLR466W, YLR467W, YML133C, YNL339C, YOR396W, YPL283C, YPR204W	
OG0000002	YAL068C, YBL108C-A, YBR301W, YCR104W, YDR542W, YEL049W, YFL020C, YGL261C, YGR294W, YHL046C, YIL176C, YIR041W, YJL223C, YJR150C, YKL224C, YLL025W, YLL064C, YLR037C, YLR461W, YMR325W, YNR076W, YOL161C, YOR394W, YPL282C	snap_masked-NODE_65_length_46413_cov_20.6311_ID_129-processed-gene-0.28-mRNA-1_1&gene=snap_masked-NODE_65_length_46413_cov_20.6311_ID_129-processed-gene-0.28&CDS=1-1239
OG0000003	YGL259W, YIR039C	augustus_masked-NODE_66_length_43350_cov_23.5093_ID_131-processed-gene-0.38-mRNA-1_1&gene=augustus_masked-NODE_66_length_43350_cov_23.5093_ID_131-processed-gene-0.38&CDS=1-1317, augustus_masked-NODE_82_length_24187_cov_21.2298_ID_163-processed-gene-0.29-mRNA-1_1&gene=augustus_masked-NODE_82_length_24187_cov_21.2298_ID_163-processed-gene-0.29&CDS=1-285, augustus_masked-NODE_82_length_24187_cov_21.2298_ID_163-processed-gene-0.30-mRNA-1_1&gene=augustus_masked-NODE_82_length_24187_cov_21.2298_ID_163-processed-gene-0.30&CDS=1-285, genemark-NODE_216_length_1668_cov_37.7574_ID_431-processed-gene-0.2-mRNA-1_1&gene=genemark-NODE_216_length_1668_cov_37.7574_ID_431-processed-gene-0.2&CDS=1-1272, genemark-NODE_332_length_692_cov_34.7205_ID_663-processed-gene-0.2-mRNA-1_1&gene=genemark-NODE_332_length_692_cov_34.7205_ID_663-processed-gene-0.2&CDS=1-672, maker-NODE_2_length_515064_cov_21.8181_ID_3-snap-gene-3.137-mRNA-1_1&gene=maker-NODE_2_length_515064_cov_21.8181_ID_3-snap-gene-3.137&CDS=1-2661, snap_masked-NODE_1_length_611906_cov_21.093_ID_1-processed-gene-3.67-mRNA-1_1&gene=snap_masked-NODE_1_length_611906_cov_21.093_ID_1-processed-gene-3.67&CDS=1-1488, snap_masked-NODE_20_length_173093_cov_21.6662_ID_39-processed-gene-0.115-mRNA-1_1&gene=snap_masked-NODE_20_length_173093_cov_21.6662_ID_39-processed-gene-0.115&CDS=1-1425, snap_masked-NODE_21_length_168541_cov_21.5361_ID_41-processed-gene-0.114-mRNA-1_1&gene=snap_masked-NODE_21_length_168541_cov_21.5361_ID_41-processed-gene-0.114&CDS=1-1302, snap_masked-NODE_34_length_108161_cov_25.3038_ID_67-processed-gene-0.144-mRNA-1_1&gene=snap_masked-NODE_34_length_108161_cov_25.3038_ID_67-processed-gene-0.144&CDS=1-1314, snap_masked-NODE_35_length_106366_cov_23.7165_ID_69-processed-gene-0.33-mRNA-1_1&gene=snap_masked-NODE_35_length_106366_cov_23.7165_ID_69-processed-gene-0.33&CDS=1-1320, snap_masked-NODE_47_length_83271_cov_23.0746_ID_93-processed-gene-0.70-mRNA-1_1&gene=snap_masked-NODE_47_length_83271_cov_23.0746_ID_93-processed-gene-0.70&CDS=1-1212, snap_masked-NODE_51_length_67151_cov_20.3142_ID_101-processed-gene-0.12-mRNA-1_1&gene=snap_masked-NODE_51_length_67151_cov_20.3142_ID_101-processed-gene-0.12&CDS=1-1296, snap_masked-NODE_51_length_67151_cov_20.3142_ID_101-processed-gene-0.19-mRNA-1_1&gene=snap_masked-NODE_51_length_67151_cov_20.3142_ID_101-processed-gene-0.19&CDS=1-1788, snap_masked-NODE_81_length_24228_cov_22.1613_ID_161-processed-gene-0.9-mRNA-1_1&gene=snap_masked-NODE_81_length_24228_cov_22.1613_ID_161-processed-gene-0.9&CDS=1-1299
OG0000004	YDR342C, YDR343C, YDR345C, YHR092C, YHR094C, YHR096C, YNL318C	snap_masked-NODE_122_length_5535_cov_31.4914_ID_243-processed-gene-0.5-mRNA-1_1&gene=snap_masked-NODE_122_length_5535_cov_31.4914_ID_243-processed-gene-0.5&CDS=1-1677, snap_masked-NODE_28_length_123417_cov_23.6155_ID_55-processed-gene-0.43-mRNA-1_1&gene=snap_masked-NODE_28_length_123417_cov_23.6155_ID_55-processed-gene-0.43&CDS=1-1545, snap_masked-NODE_43_length_88681_cov_21.4846_ID_85-processed-gene-0.72-mRNA-1_1&gene=snap_masked-NODE_43_length_88681_cov_21.4846_ID_85-processed-gene-0.72&CDS=1-1746, snap_masked-NODE_46_length_84487_cov_23.4918_ID_91-processed-gene-0.73-mRNA-1_1&gene=snap_masked-NODE_46_length_84487_cov_23.4918_ID_91-processed-gene-0.73&CDS=1-1671, snap_masked-NODE_4_length_372424_cov_21.2575_ID_7-processed-gene-2.201-mRNA-1_1&gene=snap_masked-NODE_4_length_372424_cov_21.2575_ID_7-processed-gene-2.201&CDS=1-1665, snap_masked-NODE_4_length_372424_cov_21.2575_ID_7-processed-gene-2.202-mRNA-1_1&gene=snap_masked-NODE_4_length_372424_cov_21.2575_ID_7-processed-gene-2.202&CDS=1-1674, snap_masked-NODE_52_length_67019_cov_23.3557_ID_103-processed-gene-0.41-mRNA-1_1&gene=snap_masked-NODE_52_length_67019_cov_23.3557_ID_103-processed-gene-0.41&CDS=1-1671
OG0000005		augustus_masked-NODE_104_length_9156_cov_21.7866_ID_207-processed-gene-0.9-mRNA-1_1&gene=augustus_masked-NODE_104_length_9156_cov_21.7866_ID_207-processed-gene-0.9&CDS=1-1008, augustus_masked-NODE_12_length_246126_cov_21.8889_ID_23-processed-gene-1.96-mRNA-1_1&gene=augustus_masked-NODE_12_length_246126_cov_21.8889_ID_23-processed-gene-1.96&CDS=1-2010, augustus_masked-NODE_285_length_953_cov_17.6114_ID_569-processed-gene-0.2-mRNA-1_1&gene=augustus_masked-NODE_285_length_953_cov_17.6114_ID_569-processed-gene-0.2&CDS=1-942, augustus_masked-NODE_33_length_108832_cov_20.4996_ID_65-processed-gene-0.107-mRNA-1_1&gene=augustus_masked-NODE_33_length_108832_cov_20.4996_ID_65-processed-gene-0.107&CDS=1-1011, augustus_masked-NODE_33_length_108832_cov_20.4996_ID_65-processed-gene-0.133-mRNA-1_1&gene=augustus_masked-NODE_33_length_108832_cov_20.4996_ID_65-processed-gene-0.133&CDS=1-1002, augustus_masked-NODE_48_length_80761_cov_21.8578_ID_95-processed-gene-0.132-mRNA-1_1&gene=augustus_masked-NODE_48_length_80761_cov_21.8578_ID_95-processed-gene-0.132&CDS=1-993, snap_masked-NODE_22_length_167286_cov_23.0006_ID_43-processed-gene-0.187-mRNA-1_1&gene=snap_masked-NODE_22_length_167286_cov_23.0006_ID_43-processed-gene-0.187&CDS=1-1008, snap_masked-NODE_33_length_108832_cov_20.4996_ID_65-processed-gene-0.80-mRNA-1_1&gene=snap_masked-NODE_33_length_108832_cov_20.4996_ID_65-processed-gene-0.80&CDS=1-864, snap_masked-NODE_3_length_402036_cov_21.609_ID_5-processed-gene-2.6-mRNA-1_1&gene=snap_masked-NODE_3_length_402036_cov_21.609_ID_5-processed-gene-2.6&CDS=1-1005, snap_masked-NODE_43_length_88681_cov_21.4846_ID_85-processed-gene-0.62-mRNA-1_1&gene=snap_masked-NODE_43_length_88681_cov_21.4846_ID_85-processed-gene-0.62&CDS=1-1011, snap_masked-NODE_50_length_70364_cov_20.7158_ID_99-processed-gene-0.68-mRNA-1_1&gene=snap_masked-NODE_50_length_70364_cov_20.7158_ID_99-processed-gene-0.68&CDS=1-1011, snap_masked-NODE_58_length_55950_cov_24.9021_ID_115-processed-gene-0.38-mRNA-1_1&gene=snap_masked-NODE_58_length_55950_cov_24.9021_ID_115-processed-gene-0.38&CDS=1-1029, snap_masked-NODE_68_length_39233_cov_23.1864_ID_135-processed-gene-0.31-mRNA-1_1&gene=snap_masked-NODE_68_length_39233_cov_23.1864_ID_135-processed-gene-0.31&CDS=1-936
OG0000006		augustus_masked-NODE_111_length_7147_cov_24.2321_ID_221-processed-gene-0.2-mRNA-1_1&gene=augustus_masked-NODE_111_length_7147_cov_24.2321_ID_221-processed-gene-0.2&CDS=1-1056, augustus_masked-NODE_17_length_190182_cov_22.7835_ID_33-processed-gene-0.116-mRNA-1_1&gene=augustus_masked-NODE_17_length_190182_cov_22.7835_ID_33-processed-gene-0.116&CDS=1-2025, augustus_masked-NODE_30_length_115312_cov_21.4898_ID_59-processed-gene-0.70-mRNA-1_1&gene=augustus_masked-NODE_30_length_115312_cov_21.4898_ID_59-processed-gene-0.70&CDS=1-3321, augustus_masked-NODE_52_length_67019_cov_23.3557_ID_103-processed-gene-0.86-mRNA-1_1&gene=augustus_masked-NODE_52_length_67019_cov_23.3557_ID_103-processed-gene-0.86&CDS=1-1608, augustus_masked-NODE_7_length_294517_cov_21.9556_ID_13-processed-gene-0.41-mRNA-1_1&gene=augustus_masked-NODE_7_length_294517_cov_21.9556_ID_13-processed-gene-0.41&CDS=1-1836, genemark-NODE_225_length_1484_cov_76.253_ID_449-processed-gene-0.2-mRNA-1_1&gene=genemark-NODE_225_length_1484_cov_76.253_ID_449-processed-gene-0.2&CDS=1-1227, genemark-NODE_344_length_653_cov_13.5052_ID_687-processed-gene-0.0-mRNA-1_1&gene=genemark-NODE_344_length_653_cov_13.5052_ID_687-processed-gene-0.0&CDS=1-507, genemark-NODE_8_length_292075_cov_22.5245_ID_15-processed-gene-1.230-mRNA-1_1&gene=genemark-NODE_8_length_292075_cov_22.5245_ID_15-processed-gene-1.230&CDS=1-1284, snap_masked-NODE_107_length_8500_cov_22.5167_ID_213-processed-gene-0.5-mRNA-1_1&gene=snap_masked-NODE_107_length_8500_cov_22.5167_ID_213-processed-gene-0.5&CDS=1-1371, snap_masked-NODE_123_length_5534_cov_22.8698_ID_245-processed-gene-0.1-mRNA-1_1&gene=snap_masked-NODE_123_length_5534_cov_22.8698_ID_245-processed-gene-0.1&CDS=1-921, snap_masked-NODE_16_length_197293_cov_20.9529_ID_31-processed-gene-0.155-mRNA-1_1&gene=snap_masked-NODE_16_length_197293_cov_20.9529_ID_31-processed-gene-0.155&CDS=1-924, snap_masked-NODE_46_length_84487_cov_23.4918_ID_91-processed-gene-0.50-mRNA-1_1&gene=snap_masked-NODE_46_length_84487_cov_23.4918_ID_91-processed-gene-0.50&CDS=1-2595, snap_masked-NODE_69_length_35753_cov_21.4616_ID_137-processed-gene-0.13-mRNA-1_1&gene=snap_masked-NODE_69_length_35753_cov_21.4616_ID_137-processed-gene-0.13&CDS=1-1164
OG0000007		augustus_masked-NODE_168_length_2566_cov_75.1111_ID_335-processed-gene-0.0-mRNA-1_1&gene=augustus_masked-NODE_168_length_2566_cov_75.1111_ID_335-processed-gene-0.0&CDS=1-2109, augustus_masked-NODE_272_length_1030_cov_58.6719_ID_543-processed-gene-0.0-mRNA-1_1&gene=augustus_masked-NODE_272_length_1030_cov_58.6719_ID_543-processed-gene-0.0&CDS=1-993, augustus_masked-NODE_27_length_129316_cov_23.4348_ID_53-processed-gene-0.146-mRNA-1_1&gene=augustus_masked-NODE_27_length_129316_cov_23.4348_ID_53-processed-gene-0.146&CDS=1-2361, maker-NODE_109_length_8060_cov_53.1623_ID_217-augustus-gene-0.0-mRNA-1_1&gene=maker-NODE_109_length_8060_cov_53.1623_ID_217-augustus-gene-0.0&CDS=1-894, snap_masked-NODE_108_length_8368_cov_48.8328_ID_215-processed-gene-0.5-mRNA-1_1&gene=snap_masked-NODE_108_length_8368_cov_48.8328_ID_215-processed-gene-0.5&CDS=1-1593, snap_masked-NODE_131_length_4918_cov_30.4698_ID_261-processed-gene-0.2-mRNA-1_1&gene=snap_masked-NODE_131_length_4918_cov_30.4698_ID_261-processed-gene-0.2&CDS=1-1599, snap_masked-NODE_132_length_4902_cov_30.2092_ID_263-processed-gene-0.1-mRNA-1_1&gene=snap_masked-NODE_132_length_4902_cov_30.2092_ID_263-processed-gene-0.1&CDS=1-1098, snap_masked-NODE_160_length_2953_cov_30.4503_ID_319-processed-gene-0.1-mRNA-1_1&gene=snap_masked-NODE_160_length_2953_cov_30.4503_ID_319-processed-gene-0.1&CDS=1-348, snap_masked-NODE_249_length_1245_cov_138.137_ID_497-processed-gene-0.0-mRNA-1_1&gene=snap_masked-NODE_249_length_1245_cov_138.137_ID_497-processed-gene-0.0&CDS=1-486, snap_masked-NODE_93_length_13450_cov_28.4174_ID_185-processed-gene-0.4-mRNA-1_1&gene=snap_masked-NODE_93_length_13450_cov_28.4174_ID_185-processed-gene-0.4&CDS=1-366
OG0000008	YCR102C, YHR079C, YLR460C, YNL134C	genemark-NODE_43_length_88681_cov_21.4846_ID_85-processed-gene-0.101-mRNA-1_1&gene=genemark-NODE_43_length_88681_cov_21.4846_ID_85-processed-gene-0.101&CDS=1-4140, maker-NODE_9_length_289189_cov_21.4249_ID_17-snap-gene-0.6-mRNA-1_1&gene=maker-NODE_9_length_289189_cov_21.4249_ID_17-snap-gene-0.6&CDS=1-2187, snap_masked-NODE_88_length_16995_cov_24.747_ID_175-processed-gene-0.25-mRNA-1_1&gene=snap_masked-NODE_88_length_16995_cov_24.747_ID_175-processed-gene-0.25&CDS=1-1122, snap_masked-NODE_9_length_289189_cov_21.4249_ID_17-processed-gene-0.62-mRNA-1_1&gene=snap_masked-NODE_9_length_289189_cov_21.4249_ID_17-processed-gene-0.62&CDS=1-1140
OG0000009	YGL040C, YGR197C, YJR015W	augustus_masked-NODE_24_length_134792_cov_22.0422_ID_47-processed-gene-0.72-mRNA-1_1&gene=augustus_masked-NODE_24_length_134792_cov_22.0422_ID_47-processed-gene-0.72&CDS=1-1584, augustus_masked-NODE_58_length_55950_cov_24.9021_ID_115-processed-gene-0.53-mRNA-1_1&gene=augustus_masked-NODE_58_length_55950_cov_24.9021_ID_115-processed-gene-0.53&CDS=1-1476, maker-NODE_36_length_103538_cov_22.3022_ID_71-augustus-gene-0.63-mRNA-1_1&gene=maker-NODE_36_length_103538_cov_22.3022_ID_71-augustus-gene-0.63&CDS=1-2559, snap_masked-NODE_31_length_115296_cov_21.7371_ID_61-processed-gene-0.98-mRNA-1_1&gene=snap_masked-NODE_31_length_115296_cov_21.7371_ID_61-processed-gene-0.98&CDS=1-1761, snap_masked-NODE_58_length_55950_cov_24.9021_ID_115-processed-gene-0.29-mRNA-1_1&gene=snap_masked-NODE_58_length_55950_cov_24.9021_ID_115-processed-gene-0.29&CDS=1-1527
OG0000010	YMR318C	snap_masked-NODE_25_length_134608_cov_22.6927_ID_49-processed-gene-0.16-mRNA-1_1&gene=snap_masked-NODE_25_length_134608_cov_22.6927_ID_49-processed-gene-0.16&CDS=1-1077, snap_masked-NODE_28_length_123417_cov_23.6155_ID_55-processed-gene-0.0-mRNA-1_1&gene=snap_masked-NODE_28_length_123417_cov_23.6155_ID_55-processed-gene-0.0&CDS=1-1074, snap_masked-NODE_29_length_115528_cov_22.4131_ID_57-processed-gene-0.123-mRNA-1_1&gene=snap_masked-NODE_29_length_115528_cov_22.4131_ID_57-processed-gene-0.123&CDS=1-1101, snap_masked-NODE_3_length_402036_cov_21.609_ID_5-processed-gene-3.189-mRNA-1_1&gene=snap_masked-NODE_3_length_402036_cov_21.609_ID_5-processed-gene-3.189&CDS=1-1080, snap_masked-NODE_52_length_67019_cov_23.3557_ID_103-processed-gene-0.39-mRNA-1_1&gene=snap_masked-NODE_52_length_67019_cov_23.3557_ID_103-processed-gene-0.39&CDS=1-1080, snap_masked-NODE_66_length_43350_cov_23.5093_ID_131-processed-gene-0.10-mRNA-1_1&gene=snap_masked-NODE_66_length_43350_cov_23.5093_ID_131-processed-gene-0.10&CDS=1-1086, snap_masked-NODE_80_length_25299_cov_22.07_ID_159-processed-gene-0.1-mRNA-1_1&gene=snap_masked-NODE_80_length_25299_cov_22.07_ID_159-processed-gene-0.1&CDS=1-1077
OG0000011		augustus_masked-NODE_160_length_2953_cov_30.4503_ID_319-processed-gene-0.2-mRNA-1_1&gene=augustus_masked-NODE_160_length_2953_cov_30.4503_ID_319-processed-gene-0.2&CDS=1-999, augustus_masked-NODE_242_length_1285_cov_74.1411_ID_483-processed-gene-0.1-mRNA-1_1&gene=augustus_masked-NODE_242_length_1285_cov_74.1411_ID_483-processed-gene-0.1&CDS=1-1017, augustus_masked-NODE_243_length_1285_cov_72.6403_ID_485-processed-gene-0.1-mRNA-1_1&gene=augustus_masked-NODE_243_length_1285_cov_72.6403_ID_485-processed-gene-0.1&CDS=1-906, snap_masked-NODE_109_length_8060_cov_53.1623_ID_217-processed-gene-0.2-mRNA-1_1&gene=snap_masked-NODE_109_length_8060_cov_53.1623_ID_217-processed-gene-0.2&CDS=1-588, snap_masked-NODE_131_length_4918_cov_30.4698_ID_261-processed-gene-0.1-mRNA-1_1&gene=snap_masked-NODE_131_length_4918_cov_30.4698_ID_261-processed-gene-0.1&CDS=1-651, snap_masked-NODE_165_length_2582_cov_55.6891_ID_329-processed-gene-0.2-mRNA-1_1&gene=snap_masked-NODE_165_length_2582_cov_55.6891_ID_329-processed-gene-0.2&CDS=1-1470, snap_masked-NODE_211_length_1714_cov_67.7812_ID_421-processed-gene-0.0-mRNA-1_1&gene=snap_masked-NODE_211_length_1714_cov_67.7812_ID_421-processed-gene-0.0&CDS=1-1647, snap_masked-NODE_295_length_899_cov_79.3123_ID_589-processed-gene-0.1-mRNA-1_1&gene=snap_masked-NODE_295_length_899_cov_79.3123_ID_589-processed-gene-0.1&CDS=1-378
OG0000012		augustus_masked-NODE_16_length_197293_cov_20.9529_ID_31-processed-gene-0.34-mRNA-1_1&gene=augustus_masked-NODE_16_length_197293_cov_20.9529_ID_31-processed-gene-0.34&CDS=1-1599, augustus_masked-NODE_1_length_611906_cov_21.093_ID_1-processed-gene-2.48-mRNA-1_1&gene=augustus_masked-NODE_1_length_611906_cov_21.093_ID_1-processed-gene-2.48&CDS=1-1290, augustus_masked-NODE_23_length_135800_cov_19.7169_ID_45-processed-gene-0.72-mRNA-1_1&gene=augustus_masked-NODE_23_length_135800_cov_19.7169_ID_45-processed-gene-0.72&CDS=1-504, snap_masked-NODE_162_length_2707_cov_22.2065_ID_323-processed-gene-0.3-mRNA-1_1&gene=snap_masked-NODE_162_length_2707_cov_22.2065_ID_323-processed-gene-0.3&CDS=1-1134, snap_masked-NODE_16_length_197293_cov_20.9529_ID_31-processed-gene-0.134-mRNA-1_1&gene=snap_masked-NODE_16_length_197293_cov_20.9529_ID_31-processed-gene-0.134&CDS=1-816, snap_masked-NODE_16_length_197293_cov_20.9529_ID_31-processed-gene-0.185-mRNA-1_1&gene=snap_masked-NODE_16_length_197293_cov_20.9529_ID_31-processed-gene-0.185&CDS=1-1113, snap_masked-NODE_23_length_135800_cov_19.7169_ID_45-processed-gene-0.19-mRNA-1_1&gene=snap_masked-NODE_23_length_135800_cov_19.7169_ID_45-processed-gene-0.19&CDS=1-192, snap_masked-NODE_8_length_292075_cov_22.5245_ID_15-processed-gene-0.9-mRNA-1_1&gene=snap_masked-NODE_8_length_292075_cov_22.5245_ID_15-processed-gene-0.9&CDS=1-2778
OG0000013	YDL066W, YLR174W, YLR175W, YNL009W	maker-NODE_1_length_611906_cov_21.093_ID_1-augustus-gene-3.5-mRNA-1_1&gene=maker-NODE_1_length_611906_cov_21.093_ID_1-augustus-gene-3.5&CDS=1-2577, snap_masked-NODE_16_length_197293_cov_20.9529_ID_31-processed-gene-0.124-mRNA-1_1&gene=snap_masked-NODE_16_length_197293_cov_20.9529_ID_31-processed-gene-0.124&CDS=1-1257, snap_masked-NODE_16_length_197293_cov_20.9529_ID_31-processed-gene-0.199-mRNA-1_1&gene=snap_masked-NODE_16_length_197293_cov_20.9529_ID_31-processed-gene-0.199&CDS=1-1278
OG0000014	YGR109W-A, YGR109W-B, YIL082W, YIL082W-A	augustus_masked-NODE_130_length_5000_cov_51.2312_ID_259-processed-gene-0.2-mRNA-1_1&gene=augustus_masked-NODE_130_length_5000_cov_51.2312_ID_259-processed-gene-0.2&CDS=1-1503, augustus_masked-NODE_84_length_20606_cov_21.5516_ID_167-processed-gene-0.10-mRNA-1_1&gene=augustus_masked-NODE_84_length_20606_cov_21.5516_ID_167-processed-gene-0.10&CDS=1-1122, snap_masked-NODE_1_length_611906_cov_21.093_ID_1-processed-gene-0.23-mRNA-1_1&gene=snap_masked-NODE_1_length_611906_cov_21.093_ID_1-processed-gene-0.23&CDS=1-903
OG0000015	YGR213C	augustus_masked-NODE_1_length_611906_cov_21.093_ID_1-processed-gene-3.47-mRNA-1_1&gene=augustus_masked-NODE_1_length_611906_cov_21.093_ID_1-processed-gene-3.47&CDS=1-849, maker-NODE_57_length_56142_cov_22.7723_ID_113-snap-gene-0.30-mRNA-1_1&gene=maker-NODE_57_length_56142_cov_22.7723_ID_113-snap-gene-0.30&CDS=1-1833, snap_masked-NODE_10_length_278180_cov_22.5073_ID_19-processed-gene-1.117-mRNA-1_1&gene=snap_masked-NODE_10_length_278180_cov_22.5073_ID_19-processed-gene-1.117&CDS=1-960, snap_masked-NODE_10_length_278180_cov_22.5073_ID_19-processed-gene-1.118-mRNA-1_1&gene=snap_masked-NODE_10_length_278180_cov_22.5073_ID_19-processed-gene-1.118&CDS=1-987, snap_masked-NODE_10_length_278180_cov_22.5073_ID_19-processed-gene-1.119-mRNA-1_1&gene=snap_masked-NODE_10_length_278180_cov_22.5073_ID_19-processed-gene-1.119&CDS=1-981, snap_masked-NODE_57_length_56142_cov_22.7723_ID_113-processed-gene-0.38-mRNA-1_1&gene=snap_masked-NODE_57_length_56142_cov_22.7723_ID_113-processed-gene-0.38&CDS=1-1755
OG0000016	YIL014W	augustus_masked-NODE_5_length_371082_cov_21.955_ID_9-processed-gene-2.119-mRNA-1_1&gene=augustus_masked-NODE_5_length_371082_cov_21.955_ID_9-processed-gene-2.119&CDS=1-3480, augustus_masked-NODE_66_length_43350_cov_23.5093_ID_131-processed-gene-0.35-mRNA-1_1&gene=augustus_masked-NODE_66_length_43350_cov_23.5093_ID_131-processed-gene-0.35&CDS=1-1926, augustus_masked-NODE_94_length_12554_cov_25.0426_ID_187-processed-gene-0.7-mRNA-1_1&gene=augustus_masked-NODE_94_length_12554_cov_25.0426_ID_187-processed-gene-0.7&CDS=1-1230, augustus_masked-NODE_94_length_12554_cov_25.0426_ID_187-processed-gene-0.9-mRNA-1_1&gene=augustus_masked-NODE_94_length_12554_cov_25.0426_ID_187-processed-gene-0.9&CDS=1-1938, snap_masked-NODE_20_length_173093_cov_21.6662_ID_39-processed-gene-0.106-mRNA-1_1&gene=snap_masked-NODE_20_length_173093_cov_21.6662_ID_39-processed-gene-0.106&CDS=1-1899, snap_masked-NODE_20_length_173093_cov_21.6662_ID_39-processed-gene-0.159-mRNA-1_1&gene=snap_masked-NODE_20_length_173093_cov_21.6662_ID_39-processed-gene-0.159&CDS=1-1608
OG0000017	YIR013C, YLR013W, YMR136W	augustus_masked-NODE_1_length_611906_cov_21.093_ID_1-processed-gene-2.17-mRNA-1_1&gene=augustus_masked-NODE_1_length_611906_cov_21.093_ID_1-processed-gene-2.17&CDS=1-510, snap_masked-NODE_12_length_246126_cov_21.8889_ID_23-processed-gene-1.29-mRNA-1_1&gene=snap_masked-NODE_12_length_246126_cov_21.8889_ID_23-processed-gene-1.29&CDS=1-1665, snap_masked-NODE_20_length_173093_cov_21.6662_ID_39-processed-gene-0.138-mRNA-1_1&gene=snap_masked-NODE_20_length_173093_cov_21.6662_ID_39-processed-gene-0.138&CDS=1-387, snap_masked-NODE_32_length_114782_cov_21.7396_ID_63-processed-gene-0.70-mRNA-1_1&gene=snap_masked-NODE_32_length_114782_cov_21.7396_ID_63-processed-gene-0.70&CDS=1-624
OG0000018	Q0045, Q0065, Q0070	genemark-NODE_210_length_1721_cov_1217.43_ID_419-processed-gene-0.1-mRNA-1_1&gene=genemark-NODE_210_length_1721_cov_1217.43_ID_419-processed-gene-0.1&CDS=1-489, maker-NODE_183_length_2172_cov_1317.4_ID_365-snap-gene-0.0-mRNA-1_1&gene=maker-NODE_183_length_2172_cov_1317.4_ID_365-snap-gene-0.0&CDS=1-492, maker-NODE_207_length_1795_cov_1221.94_ID_413-snap-gene-0.1-mRNA-1_1&gene=maker-NODE_207_length_1795_cov_1221.94_ID_413-snap-gene-0.1&CDS=1-492, maker-NODE_221_length_1562_cov_1168.38_ID_441-snap-gene-0.0-mRNA-1_1&gene=maker-NODE_221_length_1562_cov_1168.38_ID_441-snap-gene-0.0&CDS=1-549
OG0000019	YAL063C, YAL064C-A, YAR050W, YHR211W, YHR213W, YKR102W	
OG0000020	YBR009C, YNL030W	snap_masked-NODE_16_length_197293_cov_20.9529_ID_31-processed-gene-0.138-mRNA-1_1&gene=snap_masked-NODE_16_length_197293_cov_20.9529_ID_31-processed-gene-0.138&CDS=1-309, snap_masked-NODE_1_length_611906_cov_21.093_ID_1-processed-gene-4.89-mRNA-1_1&gene=snap_masked-NODE_1_length_611906_cov_21.093_ID_1-processed-gene-4.89&CDS=1-309, snap_masked-NODE_20_length_173093_cov_21.6662_ID_39-processed-gene-0.149-mRNA-1_1&gene=snap_masked-NODE_20_length_173093_cov_21.6662_ID_39-processed-gene-0.149&CDS=1-309, snap_masked-NODE_83_length_21755_cov_22.5093_ID_165-processed-gene-0.16-mRNA-1_1&gene=snap_masked-NODE_83_length_21755_cov_22.5093_ID_165-processed-gene-0.16&CDS=1-309
OG0000021	YBR010W, YNL031C	snap_masked-NODE_16_length_197293_cov_20.9529_ID_31-processed-gene-0.187-mRNA-1_1&gene=snap_masked-NODE_16_length_197293_cov_20.9529_ID_31-processed-gene-0.187&CDS=1-408, snap_masked-NODE_1_length_611906_cov_21.093_ID_1-processed-gene-4.105-mRNA-1_1&gene=snap_masked-NODE_1_length_611906_cov_21.093_ID_1-processed-gene-4.105&CDS=1-408, snap_masked-NODE_20_length_173093_cov_21.6662_ID_39-processed-gene-0.98-mRNA-1_1&gene=snap_masked-NODE_20_length_173093_cov_21.6662_ID_39-processed-gene-0.98&CDS=1-408, snap_masked-NODE_83_length_21755_cov_22.5093_ID_165-processed-gene-0.22-mRNA-1_1&gene=snap_masked-NODE_83_length_21755_cov_22.5093_ID_165-processed-gene-0.22&CDS=1-408
OG0000022	YBR297W, YOR162C, YOR172W	augustus_masked-NODE_63_length_47375_cov_21.1743_ID_125-processed-gene-0.43-mRNA-1_1&gene=augustus_masked-NODE_63_length_47375_cov_21.1743_ID_125-processed-gene-0.43&CDS=1-4662, snap_masked-NODE_46_length_84487_cov_23.4918_ID_91-processed-gene-0.52-mRNA-1_1&gene=snap_masked-NODE_46_length_84487_cov_23.4918_ID_91-processed-gene-0.52&CDS=1-1935, snap_masked-NODE_79_length_25970_cov_21.2646_ID_157-processed-gene-0.32-mRNA-1_1&gene=snap_masked-NODE_79_length_25970_cov_21.2646_ID_157-processed-gene-0.32&CDS=1-2496
OG0000023	YDR541C, YGL039W, YGL157W, YOL151W	snap_masked-NODE_8_length_292075_cov_22.5245_ID_15-processed-gene-1.103-mRNA-1_1&gene=snap_masked-NODE_8_length_292075_cov_22.5245_ID_15-processed-gene-1.103&CDS=1-1023, snap_masked-NODE_8_length_292075_cov_22.5245_ID_15-processed-gene-1.171-mRNA-1_1&gene=snap_masked-NODE_8_length_292075_cov_22.5245_ID_15-processed-gene-1.171&CDS=1-1020
OG0000024	YER133W, YML016C, YPL179W	snap_masked-NODE_10_length_278180_cov_22.5073_ID_19-processed-gene-1.168-mRNA-1_1&gene=snap_masked-NODE_10_length_278180_cov_22.5073_ID_19-processed-gene-1.168&CDS=1-1494, snap_masked-NODE_14_length_224486_cov_20.7905_ID_27-processed-gene-1.102-mRNA-1_1&gene=snap_masked-NODE_14_length_224486_cov_20.7905_ID_27-processed-gene-1.102&CDS=1-2181, snap_masked-NODE_3_length_402036_cov_21.609_ID_5-processed-gene-0.56-mRNA-1_1&gene=snap_masked-NODE_3_length_402036_cov_21.609_ID_5-processed-gene-0.56&CDS=1-936
OG0000025	YGR254W, YHR174W, YMR323W, YOR393W, YPL281C	snap_masked-NODE_31_length_115296_cov_21.7371_ID_61-processed-gene-0.108-mRNA-1_1&gene=snap_masked-NODE_31_length_115296_cov_21.7371_ID_61-processed-gene-0.108&CDS=1-3600
OG0000026	YIL107C, YIL109C, YNL049C	snap_masked-NODE_1_length_611906_cov_21.093_ID_1-processed-gene-1.122-mRNA-1_1&gene=snap_masked-NODE_1_length_611906_cov_21.093_ID_1-processed-gene-1.122&CDS=1-2610, snap_masked-NODE_1_length_611906_cov_21.093_ID_1-processed-gene-1.123-mRNA-1_1&gene=snap_masked-NODE_1_length_611906_cov_21.093_ID_1-processed-gene-1.123&CDS=1-2415, snap_masked-NODE_75_length_28403_cov_20.7601_ID_149-processed-gene-0.40-mRNA-1_1&gene=snap_masked-NODE_75_length_28403_cov_20.7601_ID_149-processed-gene-0.40&CDS=1-4752
OG0000027	YJL116C, YKR042W, YNL066W	augustus_masked-NODE_21_length_168541_cov_21.5361_ID_41-processed-gene-0.8-mRNA-1_1&gene=augustus_masked-NODE_21_length_168541_cov_21.5361_ID_41-processed-gene-0.8&CDS=1-1098, augustus_masked-NODE_6_length_297843_cov_20.8202_ID_11-processed-gene-1.62-mRNA-1_1&gene=augustus_masked-NODE_6_length_297843_cov_20.8202_ID_11-processed-gene-1.62&CDS=1-1005, snap_masked-NODE_1_length_611906_cov_21.093_ID_1-processed-gene-1.97-mRNA-1_1&gene=snap_masked-NODE_1_length_611906_cov_21.093_ID_1-processed-gene-1.97&CDS=1-1314
OG0000028	YLR044C, YLR134W	snap_masked-NODE_16_length_197293_cov_20.9529_ID_31-processed-gene-0.109-mRNA-1_1&gene=snap_masked-NODE_16_length_197293_cov_20.9529_ID_31-processed-gene-0.109&CDS=1-1692, snap_masked-NODE_31_length_115296_cov_21.7371_ID_61-processed-gene-0.72-mRNA-1_1&gene=snap_masked-NODE_31_length_115296_cov_21.7371_ID_61-processed-gene-0.72&CDS=1-1692, snap_masked-NODE_3_length_402036_cov_21.609_ID_5-processed-gene-2.2-mRNA-1_1&gene=snap_masked-NODE_3_length_402036_cov_21.609_ID_5-processed-gene-2.2&CDS=1-1689, snap_masked-NODE_4_length_372424_cov_21.2575_ID_7-processed-gene-0.28-mRNA-1_1&gene=snap_masked-NODE_4_length_372424_cov_21.2575_ID_7-processed-gene-0.28&CDS=1-1692
OG0000029	YAL005C, YER103W, YLL024C	snap_masked-NODE_23_length_135800_cov_19.7169_ID_45-processed-gene-0.27-mRNA-1_1&gene=snap_masked-NODE_23_length_135800_cov_19.7169_ID_45-processed-gene-0.27&CDS=1-1920, snap_masked-NODE_38_length_96637_cov_19.6807_ID_75-processed-gene-0.129-mRNA-1_1&gene=snap_masked-NODE_38_length_96637_cov_19.6807_ID_75-processed-gene-0.129&CDS=1-1935
OG0000030	YBL017C, YIL173W, YJL222W, YNR065C	augustus_masked-NODE_5_length_371082_cov_21.955_ID_9-processed-gene-2.137-mRNA-1_1&gene=augustus_masked-NODE_5_length_371082_cov_21.955_ID_9-processed-gene-2.137&CDS=1-5178
OG0000031	YBR012C, YHL044W	augustus_masked-NODE_22_length_167286_cov_23.0006_ID_43-processed-gene-0.54-mRNA-1_1&gene=augustus_masked-NODE_22_length_167286_cov_23.0006_ID_43-processed-gene-0.54&CDS=1-780, augustus_masked-NODE_22_length_167286_cov_23.0006_ID_43-processed-gene-0.55-mRNA-1_1&gene=augustus_masked-NODE_22_length_167286_cov_23.0006_ID_43-processed-gene-0.55&CDS=1-1230, snap_masked-NODE_44_length_88190_cov_24.0211_ID_87-processed-gene-0.29-mRNA-1_1&gene=snap_masked-NODE_44_length_88190_cov_24.0211_ID_87-processed-gene-0.29&CDS=1-645
OG0000032	YBR245C, YOR304W	genemark-NODE_11_length_248256_cov_21.6689_ID_21-processed-gene-1.209-mRNA-1_1&gene=genemark-NODE_11_length_248256_cov_21.6689_ID_21-processed-gene-1.209&CDS=1-5298, snap_masked-NODE_10_length_278180_cov_22.5073_ID_19-processed-gene-1.164-mRNA-1_1&gene=snap_masked-NODE_10_length_278180_cov_22.5073_ID_19-processed-gene-1.164&CDS=1-3144, snap_masked-NODE_12_length_246126_cov_21.8889_ID_23-processed-gene-1.17-mRNA-1_1&gene=snap_masked-NODE_12_length_246126_cov_21.8889_ID_23-processed-gene-1.17&CDS=1-3453
OG0000033	YCR004C, YDR032C	snap_masked-NODE_10_length_278180_cov_22.5073_ID_19-processed-gene-0.51-mRNA-1_1&gene=snap_masked-NODE_10_length_278180_cov_22.5073_ID_19-processed-gene-0.51&CDS=1-594, snap_masked-NODE_16_length_197293_cov_20.9529_ID_31-processed-gene-0.178-mRNA-1_1&gene=snap_masked-NODE_16_length_197293_cov_20.9529_ID_31-processed-gene-0.178&CDS=1-771, snap_masked-NODE_1_length_611906_cov_21.093_ID_1-processed-gene-4.71-mRNA-1_1&gene=snap_masked-NODE_1_length_611906_cov_21.093_ID_1-processed-gene-4.71&CDS=1-594
OG0000034	YDR144C, YLR120C, YLR121C	snap_masked-NODE_49_length_73337_cov_24.7863_ID_97-processed-gene-0.35-mRNA-1_1&gene=snap_masked-NODE_49_length_73337_cov_24.7863_ID_97-processed-gene-0.35&CDS=1-1578, snap_masked-NODE_5_length_371082_cov_21.955_ID_9-processed-gene-0.91-mRNA-1_1&gene=snap_masked-NODE_5_length_371082_cov_21.955_ID_9-processed-gene-0.91&CDS=1-1614
OG0000035	YER123W, YHR135C	snap_masked-NODE_3_length_402036_cov_21.609_ID_5-processed-gene-0.50-mRNA-1_1&gene=snap_masked-NODE_3_length_402036_cov_21.609_ID_5-processed-gene-0.50&CDS=1-1410, snap_masked-NODE_69_length_35753_cov_21.4616_ID_137-processed-gene-0.19-mRNA-1_1&gene=snap_masked-NODE_69_length_35753_cov_21.4616_ID_137-processed-gene-0.19&CDS=1-1563, snap_masked-NODE_7_length_294517_cov_21.9556_ID_13-processed-gene-1.219-mRNA-1_1&gene=snap_masked-NODE_7_length_294517_cov_21.9556_ID_13-processed-gene-1.219&CDS=1-1584
OG0000036	YER132C, YGL195W, YGL197W	augustus_masked-NODE_5_length_371082_cov_21.955_ID_9-processed-gene-2.108-mRNA-1_1&gene=augustus_masked-NODE_5_length_371082_cov_21.955_ID_9-processed-gene-2.108&CDS=1-14136, snap_masked-NODE_3_length_402036_cov_21.609_ID_5-processed-gene-0.73-mRNA-1_1&gene=snap_masked-NODE_3_length_402036_cov_21.609_ID_5-processed-gene-0.73&CDS=1-4947
OG0000037	YGR189C	augustus_masked-NODE_23_length_135800_cov_19.7169_ID_45-processed-gene-0.64-mRNA-1_1&gene=augustus_masked-NODE_23_length_135800_cov_19.7169_ID_45-processed-gene-0.64&CDS=1-1284, maker-NODE_58_length_55950_cov_24.9021_ID_115-snap-gene-0.67-mRNA-1_1&gene=maker-NODE_58_length_55950_cov_24.9021_ID_115-snap-gene-0.67&CDS=1-1797, snap_masked-NODE_45_length_86374_cov_21.9482_ID_89-processed-gene-0.115-mRNA-1_1&gene=snap_masked-NODE_45_length_86374_cov_21.9482_ID_89-processed-gene-0.115&CDS=1-3018, snap_masked-NODE_9_length_289189_cov_21.4249_ID_17-processed-gene-1.41-mRNA-1_1&gene=snap_masked-NODE_9_length_289189_cov_21.4249_ID_17-processed-gene-1.41&CDS=1-846
OG0000038	YGR192C, YJR009C	augustus_masked-NODE_11_length_248256_cov_21.6689_ID_21-processed-gene-1.69-mRNA-1_1&gene=augustus_masked-NODE_11_length_248256_cov_21.6689_ID_21-processed-gene-1.69&CDS=1-993, snap_masked-NODE_31_length_115296_cov_21.7371_ID_61-processed-gene-0.94-mRNA-1_1&gene=snap_masked-NODE_31_length_115296_cov_21.7371_ID_61-processed-gene-0.94&CDS=1-993, snap_masked-NODE_58_length_55950_cov_24.9021_ID_115-processed-gene-0.32-mRNA-1_1&gene=snap_masked-NODE_58_length_55950_cov_24.9021_ID_115-processed-gene-0.32&CDS=1-990
OG0000039	YHL009W-A, YHL009W-B, YJL113W, YJL114W, YPL060C-A	
OG0000040	YHR179W, YPL171C	augustus_masked-NODE_17_length_190182_cov_22.7835_ID_33-processed-gene-0.84-mRNA-1_1&gene=augustus_masked-NODE_17_length_190182_cov_22.7835_ID_33-processed-gene-0.84&CDS=1-1188, snap_masked-NODE_31_length_115296_cov_21.7371_ID_61-processed-gene-0.105-mRNA-1_1&gene=snap_masked-NODE_31_length_115296_cov_21.7371_ID_61-processed-gene-0.105&CDS=1-1191, snap_masked-NODE_7_length_294517_cov_21.9556_ID_13-processed-gene-0.92-mRNA-1_1&gene=snap_masked-NODE_7_length_294517_cov_21.9556_ID_13-processed-gene-0.92&CDS=1-1191
OG0000041	YJL110C, YKR034W	augustus_masked-NODE_20_length_173093_cov_21.6662_ID_39-processed-gene-0.215-mRNA-1_1&gene=augustus_masked-NODE_20_length_173093_cov_21.6662_ID_39-processed-gene-0.215&CDS=1-1179, snap_masked-NODE_21_length_168541_cov_21.5361_ID_41-processed-gene-0.83-mRNA-1_1&gene=snap_masked-NODE_21_length_168541_cov_21.5361_ID_41-processed-gene-0.83&CDS=1-1320, snap_masked-NODE_6_length_297843_cov_20.8202_ID_11-processed-gene-1.156-mRNA-1_1&gene=snap_masked-NODE_6_length_297843_cov_20.8202_ID_11-processed-gene-1.156&CDS=1-1833
OG0000042	YJR061W, YKL201C	snap_masked-NODE_44_length_88190_cov_24.0211_ID_87-processed-gene-0.25-mRNA-1_1&gene=snap_masked-NODE_44_length_88190_cov_24.0211_ID_87-processed-gene-0.25&CDS=1-2820, snap_masked-NODE_54_length_62112_cov_22.9458_ID_107-processed-gene-0.56-mRNA-1_1&gene=snap_masked-NODE_54_length_62112_cov_22.9458_ID_107-processed-gene-0.56&CDS=1-2763, snap_masked-NODE_92_length_14164_cov_22.438_ID_183-processed-gene-0.12-mRNA-1_1&gene=snap_masked-NODE_92_length_14164_cov_22.438_ID_183-processed-gene-0.12&CDS=1-2502
OG0000043	YJR152W	snap_masked-NODE_1_length_611906_cov_21.093_ID_1-processed-gene-4.97-mRNA-1_1&gene=snap_masked-NODE_1_length_611906_cov_21.093_ID_1-processed-gene-4.97&CDS=1-1626, snap_masked-NODE_2_length_515064_cov_21.8181_ID_3-processed-gene-2.112-mRNA-1_1&gene=snap_masked-NODE_2_length_515064_cov_21.8181_ID_3-processed-gene-2.112&CDS=1-1623, snap_masked-NODE_32_length_114782_cov_21.7396_ID_63-processed-gene-0.82-mRNA-1_1&gene=snap_masked-NODE_32_length_114782_cov_21.7396_ID_63-processed-gene-0.82&CDS=1-1608, snap_masked-NODE_63_length_47375_cov_21.1743_ID_125-processed-gene-0.30-mRNA-1_1&gene=snap_masked-NODE_63_length_47375_cov_21.1743_ID_125-processed-gene-0.30&CDS=1-1593
OG0000044	YKL164C	augustus_masked-NODE_21_length_168541_cov_21.5361_ID_41-processed-gene-0.22-mRNA-1_1&gene=augustus_masked-NODE_21_length_168541_cov_21.5361_ID_41-processed-gene-0.22&CDS=1-999, snap_masked-NODE_19_length_179553_cov_20.8368_ID_37-processed-gene-0.103-mRNA-1_1&gene=snap_masked-NODE_19_length_179553_cov_20.8368_ID_37-processed-gene-0.103&CDS=1-1065, snap_masked-NODE_19_length_179553_cov_20.8368_ID_37-processed-gene-0.145-mRNA-1_1&gene=snap_masked-NODE_19_length_179553_cov_20.8368_ID_37-processed-gene-0.145&CDS=1-888, snap_masked-NODE_21_length_168541_cov_21.5361_ID_41-processed-gene-0.144-mRNA-1_1&gene=snap_masked-NODE_21_length_168541_cov_21.5361_ID_41-processed-gene-0.144&CDS=1-993
OG0000045	YLR237W, YOR071C, YOR192C	augustus_masked-NODE_52_length_67019_cov_23.3557_ID_103-processed-gene-0.74-mRNA-1_1&gene=augustus_masked-NODE_52_length_67019_cov_23.3557_ID_103-processed-gene-0.74&CDS=1-2808, snap_masked-NODE_15_length_201512_cov_20.2718_ID_29-processed-gene-0.58-mRNA-1_1&gene=snap_masked-NODE_15_length_201512_cov_20.2718_ID_29-processed-gene-0.58&CDS=1-1755
OG0000046	YMR008C, YOL011W	augustus_masked-NODE_22_length_167286_cov_23.0006_ID_43-processed-gene-0.38-mRNA-1_1&gene=augustus_masked-NODE_22_length_167286_cov_23.0006_ID_43-processed-gene-0.38&CDS=1-2013, snap_masked-NODE_82_length_24187_cov_21.2298_ID_163-processed-gene-0.22-mRNA-1_1&gene=snap_masked-NODE_82_length_24187_cov_21.2298_ID_163-processed-gene-0.22&CDS=1-1953, snap_masked-NODE_8_length_292075_cov_22.5245_ID_15-processed-gene-1.160-mRNA-1_1&gene=snap_masked-NODE_8_length_292075_cov_22.5245_ID_15-processed-gene-1.160&CDS=1-2010
OG0000047	YMR083W, YMR303C, YOL086C	snap_masked-NODE_1_length_611906_cov_21.093_ID_1-processed-gene-2.111-mRNA-1_1&gene=snap_masked-NODE_1_length_611906_cov_21.093_ID_1-processed-gene-2.111&CDS=1-1128, snap_masked-NODE_1_length_611906_cov_21.093_ID_1-processed-gene-5.164-mRNA-1_1&gene=snap_masked-NODE_1_length_611906_cov_21.093_ID_1-processed-gene-5.164&CDS=1-1053
OG0000048	YMR152W	snap_masked-NODE_21_length_168541_cov_21.5361_ID_41-processed-gene-0.121-mRNA-1_1&gene=snap_masked-NODE_21_length_168541_cov_21.5361_ID_41-processed-gene-0.121&CDS=1-1107, snap_masked-NODE_2_length_515064_cov_21.8181_ID_3-processed-gene-1.96-mRNA-1_1&gene=snap_masked-NODE_2_length_515064_cov_21.8181_ID_3-processed-gene-1.96&CDS=1-1107, snap_masked-NODE_39_length_94383_cov_19.9911_ID_77-processed-gene-0.25-mRNA-1_1&gene=snap_masked-NODE_39_length_94383_cov_19.9911_ID_77-processed-gene-0.25&CDS=1-1107, snap_masked-NODE_97_length_11033_cov_20.7506_ID_193-processed-gene-0.21-mRNA-1_1&gene=snap_masked-NODE_97_length_11033_cov_20.7506_ID_193-processed-gene-0.21&CDS=1-1098
OG0000049	YMR199W, YMR200W, YPL256C	maker-NODE_9_length_289189_cov_21.4249_ID_17-augustus-gene-0.3-mRNA-1_1&gene=maker-NODE_9_length_289189_cov_21.4249_ID_17-augustus-gene-0.3&CDS=1-2775, snap_masked-NODE_3_length_402036_cov_21.609_ID_5-processed-gene-3.140-mRNA-1_1&gene=snap_masked-NODE_3_length_402036_cov_21.609_ID_5-processed-gene-3.140&CDS=1-1518
OG0000050	YOR231W, YPL140C, YPL141C	augustus_masked-NODE_2_length_515064_cov_21.8181_ID_3-processed-gene-0.49-mRNA-1_1&gene=augustus_masked-NODE_2_length_515064_cov_21.8181_ID_3-processed-gene-0.49&CDS=1-2274, maker-NODE_11_length_248256_cov_21.6689_ID_21-snap-gene-0.1-mRNA-1_1&gene=maker-NODE_11_length_248256_cov_21.6689_ID_21-snap-gene-0.1&CDS=1-3402
OG0000051	YAL041W, YAL042W	genemark-NODE_17_length_190182_cov_22.7835_ID_33-processed-gene-0.58-mRNA-1_1&gene=genemark-NODE_17_length_190182_cov_22.7835_ID_33-processed-gene-0.58&CDS=1-3450, snap_masked-NODE_22_length_167286_cov_23.0006_ID_43-processed-gene-0.142-mRNA-1_1&gene=snap_masked-NODE_22_length_167286_cov_23.0006_ID_43-processed-gene-0.142&CDS=1-1218
OG0000052	YAL054C, YLR153C	augustus_masked-NODE_15_length_201512_cov_20.2718_ID_29-processed-gene-1.76-mRNA-1_1&gene=augustus_masked-NODE_15_length_201512_cov_20.2718_ID_29-processed-gene-1.76&CDS=1-2046, snap_masked-NODE_33_length_108832_cov_20.4996_ID_65-processed-gene-0.82-mRNA-1_1&gene=snap_masked-NODE_33_length_108832_cov_20.4996_ID_65-processed-gene-0.82&CDS=1-2124
OG0000053	YAL060W, YAL061W	augustus_masked-NODE_8_length_292075_cov_22.5245_ID_15-processed-gene-1.20-mRNA-1_1&gene=augustus_masked-NODE_8_length_292075_cov_22.5245_ID_15-processed-gene-1.20&CDS=1-1173, snap_masked-NODE_2_length_515064_cov_21.8181_ID_3-processed-gene-4.61-mRNA-1_1&gene=snap_masked-NODE_2_length_515064_cov_21.8181_ID_3-processed-gene-4.61&CDS=1-1140
OG0000054	YAR035W, YAR042W	augustus_masked-NODE_1_length_611906_cov_21.093_ID_1-processed-gene-5.81-mRNA-1_1&gene=augustus_masked-NODE_1_length_611906_cov_21.093_ID_1-processed-gene-5.81&CDS=1-7266, snap_masked-NODE_8_length_292075_cov_22.5245_ID_15-processed-gene-0.15-mRNA-1_1&gene=snap_masked-NODE_8_length_292075_cov_22.5245_ID_15-processed-gene-0.15&CDS=1-3516
OG0000055	YAR066W, YHR214W, YIL169C, YOL155C	
OG0000056	YBL002W, YDR224C	snap_masked-NODE_15_length_201512_cov_20.2718_ID_29-processed-gene-0.51-mRNA-1_1&gene=snap_masked-NODE_15_length_201512_cov_20.2718_ID_29-processed-gene-0.51&CDS=1-396, snap_masked-NODE_8_length_292075_cov_22.5245_ID_15-processed-gene-0.22-mRNA-1_1&gene=snap_masked-NODE_8_length_292075_cov_22.5245_ID_15-processed-gene-0.22&CDS=1-396
OG0000057	YBL027W, YBR084C-A	snap_masked-NODE_2_length_515064_cov_21.8181_ID_3-processed-gene-1.121-mRNA-1_1&gene=snap_masked-NODE_2_length_515064_cov_21.8181_ID_3-processed-gene-1.121&CDS=1-588, snap_masked-NODE_2_length_515064_cov_21.8181_ID_3-processed-gene-2.133-mRNA-1_1&gene=snap_masked-NODE_2_length_515064_cov_21.8181_ID_3-processed-gene-2.133&CDS=1-573
OG0000058	YBL052C, YOR244W	genemark-NODE_6_length_297843_cov_20.8202_ID_11-processed-gene-1.211-mRNA-1_1&gene=genemark-NODE_6_length_297843_cov_20.8202_ID_11-processed-gene-1.211&CDS=1-2103, snap_masked-NODE_11_length_248256_cov_21.6689_ID_21-processed-gene-0.29-mRNA-1_1&gene=snap_masked-NODE_11_length_248256_cov_21.6689_ID_21-processed-gene-0.29&CDS=1-1338
OG0000059	YBL069W, YER101C	snap_masked-NODE_38_length_96637_cov_19.6807_ID_75-processed-gene-0.106-mRNA-1_1&gene=snap_masked-NODE_38_length_96637_cov_19.6807_ID_75-processed-gene-0.106&CDS=1-1290, snap_masked-NODE_6_length_297843_cov_20.8202_ID_11-processed-gene-1.166-mRNA-1_1&gene=snap_masked-NODE_6_length_297843_cov_20.8202_ID_11-processed-gene-1.166&CDS=1-1284
OG0000060	YBL072C, YER102W	augustus_masked-NODE_6_length_297843_cov_20.8202_ID_11-processed-gene-1.28-mRNA-1_1&gene=augustus_masked-NODE_6_length_297843_cov_20.8202_ID_11-processed-gene-1.28&CDS=1-600, snap_masked-NODE_38_length_96637_cov_19.6807_ID_75-processed-gene-0.131-mRNA-1_1&gene=snap_masked-NODE_38_length_96637_cov_19.6807_ID_75-processed-gene-0.131&CDS=1-600
OG0000061	YBL085W, YER114C	augustus_masked-NODE_38_length_96637_cov_19.6807_ID_75-processed-gene-0.59-mRNA-1_1&gene=augustus_masked-NODE_38_length_96637_cov_19.6807_ID_75-processed-gene-0.59&CDS=1-2880, snap_masked-NODE_6_length_297843_cov_20.8202_ID_11-processed-gene-1.172-mRNA-1_1&gene=snap_masked-NODE_6_length_297843_cov_20.8202_ID_11-processed-gene-1.172&CDS=1-2805
OG0000062	YBL106C, YPR032W	snap_masked-NODE_4_length_372424_cov_21.2575_ID_7-processed-gene-1.28-mRNA-1_1&gene=snap_masked-NODE_4_length_372424_cov_21.2575_ID_7-processed-gene-1.28&CDS=1-3117, snap_masked-NODE_6_length_297843_cov_20.8202_ID_11-processed-gene-1.136-mRNA-1_1&gene=snap_masked-NODE_6_length_297843_cov_20.8202_ID_11-processed-gene-1.136&CDS=1-2916
OG0000063	YBR008C	maker-NODE_20_length_173093_cov_21.6662_ID_39-snap-gene-0.286-mRNA-1_1&gene=maker-NODE_20_length_173093_cov_21.6662_ID_39-snap-gene-0.286&CDS=1-1902, snap_masked-NODE_17_length_190182_cov_22.7835_ID_33-processed-gene-0.193-mRNA-1_1&gene=snap_masked-NODE_17_length_190182_cov_22.7835_ID_33-processed-gene-0.193&CDS=1-1623, snap_masked-NODE_45_length_86374_cov_21.9482_ID_89-processed-gene-0.101-mRNA-1_1&gene=snap_masked-NODE_45_length_86374_cov_21.9482_ID_89-processed-gene-0.101&CDS=1-1602
OG0000064	YBR015C	augustus_masked-NODE_8_length_292075_cov_22.5245_ID_15-processed-gene-0.66-mRNA-1_1&gene=augustus_masked-NODE_8_length_292075_cov_22.5245_ID_15-processed-gene-0.66&CDS=1-5151, genemark-NODE_68_length_39233_cov_23.1864_ID_135-processed-gene-0.42-mRNA-1_1&gene=genemark-NODE_68_length_39233_cov_23.1864_ID_135-processed-gene-0.42&CDS=1-1674, snap_masked-NODE_8_length_292075_cov_22.5245_ID_15-processed-gene-0.28-mRNA-1_1&gene=snap_masked-NODE_8_length_292075_cov_22.5245_ID_15-processed-gene-0.28&CDS=1-1632
OG0000065	YBR020W, YDR009W	snap_masked-NODE_1_length_611906_cov_21.093_ID_1-processed-gene-5.135-mRNA-1_1&gene=snap_masked-NODE_1_length_611906_cov_21.093_ID_1-processed-gene-5.135&CDS=1-1548, snap_masked-NODE_8_length_292075_cov_22.5245_ID_15-processed-gene-0.11-mRNA-1_1&gene=snap_masked-NODE_8_length_292075_cov_22.5245_ID_15-processed-gene-0.11&CDS=1-1563
OG0000066	YBR021W, YIR028W	snap_masked-NODE_1_length_611906_cov_21.093_ID_1-processed-gene-5.136-mRNA-1_1&gene=snap_masked-NODE_1_length_611906_cov_21.093_ID_1-processed-gene-5.136&CDS=1-1947, snap_masked-NODE_32_length_114782_cov_21.7396_ID_63-processed-gene-0.83-mRNA-1_1&gene=snap_masked-NODE_32_length_114782_cov_21.7396_ID_63-processed-gene-0.83&CDS=1-1905
OG0000067	YBR024W, YBR037C	snap_masked-NODE_1_length_611906_cov_21.093_ID_1-processed-gene-5.138-mRNA-1_1&gene=snap_masked-NODE_1_length_611906_cov_21.093_ID_1-processed-gene-5.138&CDS=1-918, snap_masked-NODE_8_length_292075_cov_22.5245_ID_15-processed-gene-0.13-mRNA-1_1&gene=snap_masked-NODE_8_length_292075_cov_22.5245_ID_15-processed-gene-0.13&CDS=1-822
OG0000068	YBR025C, YHL014C	snap_masked-NODE_1_length_611906_cov_21.093_ID_1-processed-gene-5.172-mRNA-1_1&gene=snap_masked-NODE_1_length_611906_cov_21.093_ID_1-processed-gene-5.172&CDS=1-1182, snap_masked-NODE_62_length_47433_cov_19.885_ID_123-processed-gene-0.28-mRNA-1_1&gene=snap_masked-NODE_62_length_47433_cov_19.885_ID_123-processed-gene-0.28&CDS=1-993
OG0000069	YBR048W, YDR025W	maker-NODE_10_length_278180_cov_22.5073_ID_19-snap-gene-0.5-mRNA-1_1&gene=maker-NODE_10_length_278180_cov_22.5073_ID_19-snap-gene-0.5&CDS=1-471, snap_masked-NODE_1_length_611906_cov_21.093_ID_1-processed-gene-4.98-mRNA-1_1&gene=snap_masked-NODE_1_length_611906_cov_21.093_ID_1-processed-gene-4.98&CDS=1-471
OG0000070	YBR068C, YDR046C	augustus_masked-NODE_1_length_611906_cov_21.093_ID_1-processed-gene-4.112-mRNA-1_1&gene=augustus_masked-NODE_1_length_611906_cov_21.093_ID_1-processed-gene-4.112&CDS=1-2034, maker-NODE_2_length_515064_cov_21.8181_ID_3-snap-gene-1.129-mRNA-1_1&gene=maker-NODE_2_length_515064_cov_21.8181_ID_3-snap-gene-1.129&CDS=1-3309
OG0000071	YBR082C, YDR059C	augustus_masked-NODE_2_length_515064_cov_21.8181_ID_3-processed-gene-1.76-mRNA-1_1&gene=augustus_masked-NODE_2_length_515064_cov_21.8181_ID_3-processed-gene-1.76&CDS=1-441, snap_masked-NODE_2_length_515064_cov_21.8181_ID_3-processed-gene-2.134-mRNA-1_1&gene=snap_masked-NODE_2_length_515064_cov_21.8181_ID_3-processed-gene-2.134&CDS=1-441
OG0000072	YBR084W, YGR204W	maker-NODE_57_length_56142_cov_22.7723_ID_113-snap-gene-0.32-mRNA-1_1&gene=maker-NODE_57_length_56142_cov_22.7723_ID_113-snap-gene-0.32&CDS=1-3321, snap_masked-NODE_2_length_515064_cov_21.8181_ID_3-processed-gene-1.99-mRNA-1_1&gene=snap_masked-NODE_2_length_515064_cov_21.8181_ID_3-processed-gene-1.99&CDS=1-2877
OG0000073	YBR089C-A, YPR052C	snap_masked-NODE_2_length_515064_cov_21.8181_ID_3-processed-gene-2.125-mRNA-1_1&gene=snap_masked-NODE_2_length_515064_cov_21.8181_ID_3-processed-gene-2.125&CDS=1-282, snap_masked-NODE_65_length_46413_cov_20.6311_ID_129-processed-gene-0.0-mRNA-1_1&gene=snap_masked-NODE_65_length_46413_cov_20.6311_ID_129-processed-gene-0.0&CDS=1-279
OG0000074	YBR181C, YPL090C	snap_masked-NODE_26_length_129937_cov_20.3153_ID_51-processed-gene-0.35-mRNA-1_1&gene=snap_masked-NODE_26_length_129937_cov_20.3153_ID_51-processed-gene-0.35&CDS=1-708, snap_masked-NODE_37_length_99903_cov_20.9673_ID_73-processed-gene-0.39-mRNA-1_1&gene=snap_masked-NODE_37_length_99903_cov_20.9673_ID_73-processed-gene-0.39&CDS=1-708
OG0000075	YBR189W, YPL081W	maker-NODE_26_length_129937_cov_20.3153_ID_51-snap-gene-0.8-mRNA-1_1&gene=maker-NODE_26_length_129937_cov_20.3153_ID_51-snap-gene-0.8&CDS=1-975, maker-NODE_37_length_99903_cov_20.9673_ID_73-snap-gene-0.93-mRNA-1_1&gene=maker-NODE_37_length_99903_cov_20.9673_ID_73-snap-gene-0.93&CDS=1-984
OG0000076	YBR197C, YPL077C	augustus_masked-NODE_26_length_129937_cov_20.3153_ID_51-processed-gene-0.97-mRNA-1_1&gene=augustus_masked-NODE_26_length_129937_cov_20.3153_ID_51-processed-gene-0.97&CDS=1-819, snap_masked-NODE_37_length_99903_cov_20.9673_ID_73-processed-gene-0.44-mRNA-1_1&gene=snap_masked-NODE_37_length_99903_cov_20.9673_ID_73-processed-gene-0.44&CDS=1-1014
OG0000077	YBR214W, YGL056C	genemark-NODE_51_length_67151_cov_20.3142_ID_101-processed-gene-0.85-mRNA-1_1&gene=genemark-NODE_51_length_67151_cov_20.3142_ID_101-processed-gene-0.85&CDS=1-1809, snap_masked-NODE_12_length_246126_cov_21.8889_ID_23-processed-gene-0.112-mRNA-1_1&gene=snap_masked-NODE_12_length_246126_cov_21.8889_ID_23-processed-gene-0.112&CDS=1-1569
OG0000078	YBR216C, YGL060W	snap_masked-NODE_12_length_246126_cov_21.8889_ID_23-processed-gene-0.140-mRNA-1_1&gene=snap_masked-NODE_12_length_246126_cov_21.8889_ID_23-processed-gene-0.140&CDS=1-1884, snap_masked-NODE_51_length_67151_cov_20.3142_ID_101-processed-gene-0.17-mRNA-1_1&gene=snap_masked-NODE_51_length_67151_cov_20.3142_ID_101-processed-gene-0.17&CDS=1-1947
OG0000079	YBR263W, YLR058C	snap_masked-NODE_20_length_173093_cov_21.6662_ID_39-processed-gene-0.117-mRNA-1_1&gene=snap_masked-NODE_20_length_173093_cov_21.6662_ID_39-processed-gene-0.117&CDS=1-1407, snap_masked-NODE_56_length_57615_cov_21.2126_ID_111-processed-gene-0.69-mRNA-1_1&gene=snap_masked-NODE_56_length_57615_cov_21.2126_ID_111-processed-gene-0.69&CDS=1-1479
OG0000080	YCL010C, YNL004W	augustus_masked-NODE_2_length_515064_cov_21.8181_ID_3-processed-gene-3.90-mRNA-1_1&gene=augustus_masked-NODE_2_length_515064_cov_21.8181_ID_3-processed-gene-3.90&CDS=1-2166, snap_masked-NODE_16_length_197293_cov_20.9529_ID_31-processed-gene-0.127-mRNA-1_1&gene=snap_masked-NODE_16_length_197293_cov_20.9529_ID_31-processed-gene-0.127&CDS=1-1545
OG0000081	YCL040W, YDR516C	snap_masked-NODE_29_length_115528_cov_22.4131_ID_57-processed-gene-0.124-mRNA-1_1&gene=snap_masked-NODE_29_length_115528_cov_22.4131_ID_57-processed-gene-0.124&CDS=1-1485, snap_masked-NODE_41_length_92102_cov_23.5632_ID_81-processed-gene-0.9-mRNA-1_1&gene=snap_masked-NODE_41_length_92102_cov_23.5632_ID_81-processed-gene-0.9&CDS=1-1500
OG0000082	YCL067C, YCR039C, YCR096C	snap_masked-NODE_87_length_17139_cov_25.1836_ID_173-processed-gene-0.5-mRNA-1_1&gene=snap_masked-NODE_87_length_17139_cov_25.1836_ID_173-processed-gene-0.5&CDS=1-609
OG0000083	YDL022W, YOL059W	augustus_masked-NODE_8_length_292075_cov_22.5245_ID_15-processed-gene-0.73-mRNA-1_1&gene=augustus_masked-NODE_8_length_292075_cov_22.5245_ID_15-processed-gene-0.73&CDS=1-1167, snap_masked-NODE_1_length_611906_cov_21.093_ID_1-processed-gene-5.177-mRNA-1_1&gene=snap_masked-NODE_1_length_611906_cov_21.093_ID_1-processed-gene-5.177&CDS=1-1170
OG0000084	YDL049C, YJL174W	snap_masked-NODE_16_length_197293_cov_20.9529_ID_31-processed-gene-0.143-mRNA-1_1&gene=snap_masked-NODE_16_length_197293_cov_20.9529_ID_31-processed-gene-0.143&CDS=1-810, snap_masked-NODE_19_length_179553_cov_20.8368_ID_37-processed-gene-0.148-mRNA-1_1&gene=snap_masked-NODE_19_length_179553_cov_20.8368_ID_37-processed-gene-0.148&CDS=1-816
OG0000085	YDL082W, YMR142C	augustus_masked-NODE_12_length_246126_cov_21.8889_ID_23-processed-gene-1.135-mRNA-1_1&gene=augustus_masked-NODE_12_length_246126_cov_21.8889_ID_23-processed-gene-1.135&CDS=1-594, snap_masked-NODE_1_length_611906_cov_21.093_ID_1-processed-gene-2.59-mRNA-1_1&gene=snap_masked-NODE_1_length_611906_cov_21.093_ID_1-processed-gene-2.59&CDS=1-594
OG0000086	YDL083C, YMR143W	genemark-NODE_12_length_246126_cov_21.8889_ID_23-processed-gene-1.181-mRNA-1_1&gene=genemark-NODE_12_length_246126_cov_21.8889_ID_23-processed-gene-1.181&CDS=1-423, snap_masked-NODE_1_length_611906_cov_21.093_ID_1-processed-gene-2.61-mRNA-1_1&gene=snap_masked-NODE_1_length_611906_cov_21.093_ID_1-processed-gene-2.61&CDS=1-429
OG0000087	YDL109C, YGL144C	augustus_masked-NODE_2_length_515064_cov_21.8181_ID_3-processed-gene-4.62-mRNA-1_1&gene=augustus_masked-NODE_2_length_515064_cov_21.8181_ID_3-processed-gene-4.62&CDS=1-4749, maker-NODE_12_length_246126_cov_21.8889_ID_23-snap-gene-1.4-mRNA-1_1&gene=maker-NODE_12_length_246126_cov_21.8889_ID_23-snap-gene-1.4&CDS=1-2151
OG0000088	YDL161W, YLR206W	snap_masked-NODE_4_length_372424_cov_21.2575_ID_7-processed-gene-0.9-mRNA-1_1&gene=snap_masked-NODE_4_length_372424_cov_21.2575_ID_7-processed-gene-0.9&CDS=1-1335, snap_masked-NODE_6_length_297843_cov_20.8202_ID_11-processed-gene-0.101-mRNA-1_1&gene=snap_masked-NODE_6_length_297843_cov_20.8202_ID_11-processed-gene-0.101&CDS=1-1923
OG0000089	YDL210W	snap_masked-NODE_3_length_402036_cov_21.609_ID_5-processed-gene-1.87-mRNA-1_1&gene=snap_masked-NODE_3_length_402036_cov_21.609_ID_5-processed-gene-1.87&CDS=1-1704, snap_masked-NODE_49_length_73337_cov_24.7863_ID_97-processed-gene-0.37-mRNA-1_1&gene=snap_masked-NODE_49_length_73337_cov_24.7863_ID_97-processed-gene-0.37&CDS=1-1719, snap_masked-NODE_8_length_292075_cov_22.5245_ID_15-processed-gene-1.139-mRNA-1_1&gene=snap_masked-NODE_8_length_292075_cov_22.5245_ID_15-processed-gene-1.139&CDS=1-1719
OG0000090	YDL224C, YNL197C	snap_masked-NODE_47_length_83271_cov_23.0746_ID_93-processed-gene-0.57-mRNA-1_1&gene=snap_masked-NODE_47_length_83271_cov_23.0746_ID_93-processed-gene-0.57&CDS=1-1860, snap_masked-NODE_7_length_294517_cov_21.9556_ID_13-processed-gene-1.248-mRNA-1_1&gene=snap_masked-NODE_7_length_294517_cov_21.9556_ID_13-processed-gene-1.248&CDS=1-1824
OG0000091	YDR038C, YDR039C, YDR040C	augustus_masked-NODE_1_length_611906_cov_21.093_ID_1-processed-gene-4.117-mRNA-1_1&gene=augustus_masked-NODE_1_length_611906_cov_21.093_ID_1-processed-gene-4.117&CDS=1-3285
OG0000092	YDR085C, YER158C	augustus_masked-NODE_24_length_134792_cov_22.0422_ID_47-processed-gene-0.120-mRNA-1_1&gene=augustus_masked-NODE_24_length_134792_cov_22.0422_ID_47-processed-gene-0.120&CDS=1-1341, augustus_masked-NODE_5_length_371082_cov_21.955_ID_9-processed-gene-2.89-mRNA-1_1&gene=augustus_masked-NODE_5_length_371082_cov_21.955_ID_9-processed-gene-2.89&CDS=1-1401
OG0000093	YDR111C, YLR089C	snap_masked-NODE_42_length_89786_cov_21.7221_ID_83-processed-gene-0.90-mRNA-1_1&gene=snap_masked-NODE_42_length_89786_cov_21.7221_ID_83-processed-gene-0.90&CDS=1-1554, snap_masked-NODE_5_length_371082_cov_21.955_ID_9-processed-gene-1.80-mRNA-1_1&gene=snap_masked-NODE_5_length_371082_cov_21.955_ID_9-processed-gene-1.80&CDS=1-1668
OG0000094	YDR125C, YLR099C	genemark-NODE_5_length_371082_cov_21.955_ID_9-processed-gene-1.8-mRNA-1_1&gene=genemark-NODE_5_length_371082_cov_21.955_ID_9-processed-gene-1.8&CDS=1-1068, snap_masked-NODE_42_length_89786_cov_21.7221_ID_83-processed-gene-0.96-mRNA-1_1&gene=snap_masked-NODE_42_length_89786_cov_21.7221_ID_83-processed-gene-0.96&CDS=1-1026
OG0000095	YDR135C, YLL015W	augustus_masked-NODE_23_length_135800_cov_19.7169_ID_45-processed-gene-0.104-mRNA-1_1&gene=augustus_masked-NODE_23_length_135800_cov_19.7169_ID_45-processed-gene-0.104&CDS=1-4677, snap_masked-NODE_2_length_515064_cov_21.8181_ID_3-processed-gene-3.76-mRNA-1_1&gene=snap_masked-NODE_2_length_515064_cov_21.8181_ID_3-processed-gene-3.76&CDS=1-4512
OG0000096	YDR204W, YGL038C	maker-NODE_15_length_201512_cov_20.2718_ID_29-augustus-gene-1.112-mRNA-1_1&gene=maker-NODE_15_length_201512_cov_20.2718_ID_29-augustus-gene-1.112&CDS=1-2376, maker-NODE_77_length_27566_cov_26.8711_ID_153-snap-gene-0.26-mRNA-1_1&gene=maker-NODE_77_length_27566_cov_26.8711_ID_153-snap-gene-0.26&CDS=1-1932
OG0000097	YDR213W, YLR228C	maker-NODE_15_length_201512_cov_20.2718_ID_29-snap-gene-0.41-mRNA-1_1&gene=maker-NODE_15_length_201512_cov_20.2718_ID_29-snap-gene-0.41&CDS=1-1821, maker-NODE_52_length_67019_cov_23.3557_ID_103-snap-gene-0.37-mRNA-1_1&gene=maker-NODE_52_length_67019_cov_23.3557_ID_103-snap-gene-0.37&CDS=1-1629
OG0000098	YDR225W	snap_masked-NODE_15_length_201512_cov_20.2718_ID_29-processed-gene-0.66-mRNA-1_1&gene=snap_masked-NODE_15_length_201512_cov_20.2718_ID_29-processed-gene-0.66&CDS=1-396, snap_masked-NODE_1_length_611906_cov_21.093_ID_1-processed-gene-5.132-mRNA-1_1&gene=snap_masked-NODE_1_length_611906_cov_21.093_ID_1-processed-gene-5.132&CDS=1-396, snap_masked-NODE_8_length_292075_cov_22.5245_ID_15-processed-gene-0.6-mRNA-1_1&gene=snap_masked-NODE_8_length_292075_cov_22.5245_ID_15-processed-gene-0.6&CDS=1-396
OG0000099	YDR247W, YPL026C	augustus_masked-NODE_63_length_47375_cov_21.1743_ID_125-processed-gene-0.55-mRNA-1_1&gene=augustus_masked-NODE_63_length_47375_cov_21.1743_ID_125-processed-gene-0.55&CDS=1-1233, snap_masked-NODE_26_length_129937_cov_20.3153_ID_51-processed-gene-0.13-mRNA-1_1&gene=snap_masked-NODE_26_length_129937_cov_20.3153_ID_51-processed-gene-0.13&CDS=1-1290
OG0000100	YDR331W, YHR084W	augustus_masked-NODE_4_length_372424_cov_21.2575_ID_7-processed-gene-2.158-mRNA-1_1&gene=augustus_masked-NODE_4_length_372424_cov_21.2575_ID_7-processed-gene-2.158&CDS=1-4647, snap_masked-NODE_43_length_88681_cov_21.4846_ID_85-processed-gene-0.47-mRNA-1_1&gene=snap_masked-NODE_43_length_88681_cov_21.4846_ID_85-processed-gene-0.47&CDS=1-2433
OG0000101	YDR379W, YOR127W	augustus_masked-NODE_4_length_372424_cov_21.2575_ID_7-processed-gene-2.140-mRNA-1_1&gene=augustus_masked-NODE_4_length_372424_cov_21.2575_ID_7-processed-gene-2.140&CDS=1-2793, augustus_masked-NODE_64_length_46853_cov_20.8585_ID_127-processed-gene-0.45-mRNA-1_1&gene=augustus_masked-NODE_64_length_46853_cov_20.8585_ID_127-processed-gene-0.45&CDS=1-2370
OG0000102	YDR385W, YOR133W	augustus_masked-NODE_4_length_372424_cov_21.2575_ID_7-processed-gene-2.96-mRNA-1_1&gene=augustus_masked-NODE_4_length_372424_cov_21.2575_ID_7-processed-gene-2.96&CDS=1-4152, augustus_masked-NODE_64_length_46853_cov_20.8585_ID_127-processed-gene-0.47-mRNA-1_1&gene=augustus_masked-NODE_64_length_46853_cov_20.8585_ID_127-processed-gene-0.47&CDS=1-3600
OG0000103	YDR406W, YOR153W	genemark-NODE_4_length_372424_cov_21.2575_ID_7-processed-gene-1.136-mRNA-1_1&gene=genemark-NODE_4_length_372424_cov_21.2575_ID_7-processed-gene-1.136&CDS=1-5136, snap_masked-NODE_39_length_94383_cov_19.9911_ID_77-processed-gene-0.45-mRNA-1_1&gene=snap_masked-NODE_39_length_94383_cov_19.9911_ID_77-processed-gene-0.45&CDS=1-4482
OG0000104	YDR409W, YOR156C	snap_masked-NODE_39_length_94383_cov_19.9911_ID_77-processed-gene-0.40-mRNA-1_1&gene=snap_masked-NODE_39_length_94383_cov_19.9911_ID_77-processed-gene-0.40&CDS=1-2472, snap_masked-NODE_4_length_372424_cov_21.2575_ID_7-processed-gene-1.38-mRNA-1_1&gene=snap_masked-NODE_4_length_372424_cov_21.2575_ID_7-processed-gene-1.38&CDS=1-2283
OG0000105	YDR418W, YEL054C	snap_masked-NODE_39_length_94383_cov_19.9911_ID_77-processed-gene-0.37-mRNA-1_1&gene=snap_masked-NODE_39_length_94383_cov_19.9911_ID_77-processed-gene-0.37&CDS=1-495, snap_masked-NODE_4_length_372424_cov_21.2575_ID_7-processed-gene-1.35-mRNA-1_1&gene=snap_masked-NODE_4_length_372424_cov_21.2575_ID_7-processed-gene-1.35&CDS=1-495
OG0000106	YDR420W, YGR014W	augustus_masked-NODE_76_length_27717_cov_23.7204_ID_151-processed-gene-0.19-mRNA-1_1&gene=augustus_masked-NODE_76_length_27717_cov_23.7204_ID_151-processed-gene-0.19&CDS=1-2394, snap_masked-NODE_38_length_96637_cov_19.6807_ID_75-processed-gene-0.116-mRNA-1_1&gene=snap_masked-NODE_38_length_96637_cov_19.6807_ID_75-processed-gene-0.116&CDS=1-3900
OG0000107	YDR447C, YML024W	augustus_masked-NODE_14_length_224486_cov_20.7905_ID_27-processed-gene-1.217-mRNA-1_1&gene=augustus_masked-NODE_14_length_224486_cov_20.7905_ID_27-processed-gene-1.217&CDS=1-408, augustus_masked-NODE_23_length_135800_cov_19.7169_ID_45-processed-gene-0.71-mRNA-1_1&gene=augustus_masked-NODE_23_length_135800_cov_19.7169_ID_45-processed-gene-0.71&CDS=1-408
OG0000108	YDR475C, YOR019W	augustus_masked-NODE_10_length_278180_cov_22.5073_ID_19-processed-gene-0.78-mRNA-1_1&gene=augustus_masked-NODE_10_length_278180_cov_22.5073_ID_19-processed-gene-0.78&CDS=1-2124, snap_masked-NODE_14_length_224486_cov_20.7905_ID_27-processed-gene-1.159-mRNA-1_1&gene=snap_masked-NODE_14_length_224486_cov_20.7905_ID_27-processed-gene-1.159&CDS=1-1884
OG0000109	YDR483W, YOR099W	augustus_masked-NODE_18_length_183210_cov_20.8765_ID_35-processed-gene-0.85-mRNA-1_1&gene=augustus_masked-NODE_18_length_183210_cov_20.8765_ID_35-processed-gene-0.85&CDS=1-1284, snap_masked-NODE_26_length_129937_cov_20.3153_ID_51-processed-gene-0.17-mRNA-1_1&gene=snap_masked-NODE_26_length_129937_cov_20.3153_ID_51-processed-gene-0.17&CDS=1-1287
OG0000110	YDR490C, YOL100W	snap_masked-NODE_28_length_123417_cov_23.6155_ID_55-processed-gene-0.27-mRNA-1_1&gene=snap_masked-NODE_28_length_123417_cov_23.6155_ID_55-processed-gene-0.27&CDS=1-1983, snap_masked-NODE_8_length_292075_cov_22.5245_ID_15-processed-gene-1.157-mRNA-1_1&gene=snap_masked-NODE_8_length_292075_cov_22.5245_ID_15-processed-gene-1.157&CDS=1-3570
OG0000111	YDR500C, YLR185W	augustus_masked-NODE_29_length_115528_cov_22.4131_ID_57-processed-gene-0.79-mRNA-1_1&gene=augustus_masked-NODE_29_length_115528_cov_22.4131_ID_57-processed-gene-0.79&CDS=1-264, snap_masked-NODE_41_length_92102_cov_23.5632_ID_81-processed-gene-0.17-mRNA-1_1&gene=snap_masked-NODE_41_length_92102_cov_23.5632_ID_81-processed-gene-0.17&CDS=1-264
OG0000112	YEL034W, YJR047C	augustus_masked-NODE_2_length_515064_cov_21.8181_ID_3-processed-gene-4.110-mRNA-1_1&gene=augustus_masked-NODE_2_length_515064_cov_21.8181_ID_3-processed-gene-4.110&CDS=1-474, snap_masked-NODE_80_length_25299_cov_22.07_ID_159-processed-gene-0.2-mRNA-1_1&gene=snap_masked-NODE_80_length_25299_cov_22.07_ID_159-processed-gene-0.2&CDS=1-471
OG0000113	YEL047C, YJR051W	snap_masked-NODE_44_length_88190_cov_24.0211_ID_87-processed-gene-0.32-mRNA-1_1&gene=snap_masked-NODE_44_length_88190_cov_24.0211_ID_87-processed-gene-0.32&CDS=1-1395, snap_masked-NODE_53_length_65259_cov_21.5352_ID_105-processed-gene-0.43-mRNA-1_1&gene=snap_masked-NODE_53_length_65259_cov_21.5352_ID_105-processed-gene-0.43&CDS=1-1455
OG0000114	YEL063C, YNL267W	maker-NODE_41_length_92102_cov_23.5632_ID_81-augustus-gene-0.2-mRNA-1_1&gene=maker-NODE_41_length_92102_cov_23.5632_ID_81-augustus-gene-0.2&CDS=1-4761, snap_masked-NODE_5_length_371082_cov_21.955_ID_9-processed-gene-2.51-mRNA-1_1&gene=snap_masked-NODE_5_length_371082_cov_21.955_ID_9-processed-gene-2.51&CDS=1-1728
OG0000115	YER017C, YMR089C	genemark-NODE_18_length_183210_cov_20.8765_ID_35-processed-gene-0.238-mRNA-1_1&gene=genemark-NODE_18_length_183210_cov_20.8765_ID_35-processed-gene-0.238&CDS=1-2091, maker-NODE_1_length_611906_cov_21.093_ID_1-augustus-gene-2.6-mRNA-1_1&gene=maker-NODE_1_length_611906_cov_21.093_ID_1-augustus-gene-2.6&CDS=1-4086
OG0000116	YER048C, YPL074W	maker-NODE_18_length_183210_cov_20.8765_ID_35-augustus-gene-0.2-mRNA-1_1&gene=maker-NODE_18_length_183210_cov_20.8765_ID_35-augustus-gene-0.2&CDS=1-3696, snap_masked-NODE_37_length_99903_cov_20.9673_ID_73-processed-gene-0.21-mRNA-1_1&gene=snap_masked-NODE_37_length_99903_cov_20.9673_ID_73-processed-gene-0.21&CDS=1-3429
OG0000117	YER056C, YER060W	augustus_masked-NODE_3_length_402036_cov_21.609_ID_5-processed-gene-1.43-mRNA-1_1&gene=augustus_masked-NODE_3_length_402036_cov_21.609_ID_5-processed-gene-1.43&CDS=1-2754, snap_masked-NODE_18_length_183210_cov_20.8765_ID_35-processed-gene-0.172-mRNA-1_1&gene=snap_masked-NODE_18_length_183210_cov_20.8765_ID_35-processed-gene-0.172&CDS=1-1563
OG0000118	YER070W, YIL066C	snap_masked-NODE_18_length_183210_cov_20.8765_ID_35-processed-gene-0.165-mRNA-1_1&gene=snap_masked-NODE_18_length_183210_cov_20.8765_ID_35-processed-gene-0.165&CDS=1-2700, snap_masked-NODE_4_length_372424_cov_21.2575_ID_7-processed-gene-1.26-mRNA-1_1&gene=snap_masked-NODE_4_length_372424_cov_21.2575_ID_7-processed-gene-1.26&CDS=1-2526
OG0000119	YER073W, YOR374W	genemark-NODE_18_length_183210_cov_20.8765_ID_35-processed-gene-0.260-mRNA-1_1&gene=genemark-NODE_18_length_183210_cov_20.8765_ID_35-processed-gene-0.260&CDS=1-2091, snap_masked-NODE_22_length_167286_cov_23.0006_ID_43-processed-gene-0.105-mRNA-1_1&gene=snap_masked-NODE_22_length_167286_cov_23.0006_ID_43-processed-gene-0.105&CDS=1-3036
OG0000120	YFL039C, YHR129C	snap_masked-NODE_22_length_167286_cov_23.0006_ID_43-processed-gene-0.166-mRNA-1_1&gene=snap_masked-NODE_22_length_167286_cov_23.0006_ID_43-processed-gene-0.166&CDS=1-1125, snap_masked-NODE_69_length_35753_cov_21.4616_ID_137-processed-gene-0.15-mRNA-1_1&gene=snap_masked-NODE_69_length_35753_cov_21.4616_ID_137-processed-gene-0.15&CDS=1-1161
OG0000121	YFR024C-A, YHR016C	augustus_masked-NODE_19_length_179553_cov_20.8368_ID_37-processed-gene-0.42-mRNA-1_1&gene=augustus_masked-NODE_19_length_179553_cov_20.8368_ID_37-processed-gene-0.42&CDS=1-2226, snap_masked-NODE_1_length_611906_cov_21.093_ID_1-processed-gene-3.66-mRNA-1_1&gene=snap_masked-NODE_1_length_611906_cov_21.093_ID_1-processed-gene-3.66&CDS=1-1419
OG0000122	YFR031C-A, YIL018W	augustus_masked-NODE_18_length_183210_cov_20.8765_ID_35-processed-gene-0.43-mRNA-1_1&gene=augustus_masked-NODE_18_length_183210_cov_20.8765_ID_35-processed-gene-0.43&CDS=1-762, snap_masked-NODE_24_length_134792_cov_22.0422_ID_47-processed-gene-0.47-mRNA-1_1&gene=snap_masked-NODE_24_length_134792_cov_22.0422_ID_47-processed-gene-0.47&CDS=1-762
OG0000123	YFR039C, YGL228W	augustus_masked-NODE_35_length_106366_cov_23.7165_ID_69-processed-gene-0.93-mRNA-1_1&gene=augustus_masked-NODE_35_length_106366_cov_23.7165_ID_69-processed-gene-0.93&CDS=1-840, snap_masked-NODE_53_length_65259_cov_21.5352_ID_105-processed-gene-0.59-mRNA-1_1&gene=snap_masked-NODE_53_length_65259_cov_21.5352_ID_105-processed-gene-0.59&CDS=1-1722
OG0000124	YFR053C, YGL253W	augustus_masked-NODE_2_length_515064_cov_21.8181_ID_3-processed-gene-4.119-mRNA-1_1&gene=augustus_masked-NODE_2_length_515064_cov_21.8181_ID_3-processed-gene-4.119&CDS=1-2325, snap_masked-NODE_35_length_106366_cov_23.7165_ID_69-processed-gene-0.54-mRNA-1_1&gene=snap_masked-NODE_35_length_106366_cov_23.7165_ID_69-processed-gene-0.54&CDS=1-1452
OG0000125	YGL031C, YGR148C	augustus_masked-NODE_77_length_27566_cov_26.8711_ID_153-processed-gene-0.19-mRNA-1_1&gene=augustus_masked-NODE_77_length_27566_cov_26.8711_ID_153-processed-gene-0.19&CDS=1-447, snap_masked-NODE_81_length_24228_cov_22.1613_ID_161-processed-gene-0.3-mRNA-1_1&gene=snap_masked-NODE_81_length_24228_cov_22.1613_ID_161-processed-gene-0.3&CDS=1-447
OG0000126	YGL048C, YGR162W	maker-NODE_32_length_114782_cov_21.7396_ID_63-augustus-gene-0.154-mRNA-1_1&gene=maker-NODE_32_length_114782_cov_21.7396_ID_63-augustus-gene-0.154&CDS=1-3984, snap_masked-NODE_23_length_135800_cov_19.7169_ID_45-processed-gene-0.24-mRNA-1_1&gene=snap_masked-NODE_23_length_135800_cov_19.7169_ID_45-processed-gene-0.24&CDS=1-2544
OG0000127	YGL071W, YPL202C	augustus_masked-NODE_7_length_294517_cov_21.9556_ID_13-processed-gene-1.185-mRNA-1_1&gene=augustus_masked-NODE_7_length_294517_cov_21.9556_ID_13-processed-gene-1.185&CDS=1-1467, snap_masked-NODE_17_length_190182_cov_22.7835_ID_33-processed-gene-0.177-mRNA-1_1&gene=snap_masked-NODE_17_length_190182_cov_22.7835_ID_33-processed-gene-0.177&CDS=1-882
OG0000128	YGL082W, YPL191C	snap_masked-NODE_17_length_190182_cov_22.7835_ID_33-processed-gene-0.175-mRNA-1_1&gene=snap_masked-NODE_17_length_190182_cov_22.7835_ID_33-processed-gene-0.175&CDS=1-1077, snap_masked-NODE_7_length_294517_cov_21.9556_ID_13-processed-gene-1.291-mRNA-1_1&gene=snap_masked-NODE_7_length_294517_cov_21.9556_ID_13-processed-gene-1.291&CDS=1-1191
OG0000129	YGL147C, YNL067W	snap_masked-NODE_2_length_515064_cov_21.8181_ID_3-processed-gene-4.5-mRNA-1_1&gene=snap_masked-NODE_2_length_515064_cov_21.8181_ID_3-processed-gene-4.5&CDS=1-573, snap_masked-NODE_9_length_289189_cov_21.4249_ID_17-processed-gene-1.92-mRNA-1_1&gene=snap_masked-NODE_9_length_289189_cov_21.4249_ID_17-processed-gene-1.92&CDS=1-573
OG0000130	YGR004W, YLR324W	snap_masked-NODE_1_length_611906_cov_21.093_ID_1-processed-gene-0.32-mRNA-1_1&gene=snap_masked-NODE_1_length_611906_cov_21.093_ID_1-processed-gene-0.32&CDS=1-1470, snap_masked-NODE_61_length_49157_cov_21.7454_ID_121-processed-gene-0.15-mRNA-1_1&gene=snap_masked-NODE_61_length_49157_cov_21.7454_ID_121-processed-gene-0.15&CDS=1-1518
OG0000131	YGR027C, YLR333C	snap_masked-NODE_119_length_5645_cov_20.08_ID_237-processed-gene-0.3-mRNA-1_1&gene=snap_masked-NODE_119_length_5645_cov_20.08_ID_237-processed-gene-0.3&CDS=1-321, snap_masked-NODE_36_length_103538_cov_22.3022_ID_71-processed-gene-0.102-mRNA-1_1&gene=snap_masked-NODE_36_length_103538_cov_22.3022_ID_71-processed-gene-0.102&CDS=1-321
OG0000132	YGR032W, YLR342W	augustus_masked-NODE_1_length_611906_cov_21.093_ID_1-processed-gene-0.57-mRNA-1_1&gene=augustus_masked-NODE_1_length_611906_cov_21.093_ID_1-processed-gene-0.57&CDS=1-5634, snap_masked-NODE_36_length_103538_cov_22.3022_ID_71-processed-gene-0.81-mRNA-1_1&gene=snap_masked-NODE_36_length_103538_cov_22.3022_ID_71-processed-gene-0.81&CDS=1-6204
OG0000133	YGR034W, YLR344W	maker-NODE_1_length_611906_cov_21.093_ID_1-snap-gene-0.79-mRNA-1_1&gene=maker-NODE_1_length_611906_cov_21.093_ID_1-snap-gene-0.79&CDS=1-381, snap_masked-NODE_36_length_103538_cov_22.3022_ID_71-processed-gene-0.82-mRNA-1_1&gene=snap_masked-NODE_36_length_103538_cov_22.3022_ID_71-processed-gene-0.82&CDS=1-381
OG0000134	YGR042W, YLR353W	snap_masked-NODE_22_length_167286_cov_23.0006_ID_43-processed-gene-0.173-mRNA-1_1&gene=snap_masked-NODE_22_length_167286_cov_23.0006_ID_43-processed-gene-0.173&CDS=1-1968, snap_masked-NODE_36_length_103538_cov_22.3022_ID_71-processed-gene-0.85-mRNA-1_1&gene=snap_masked-NODE_36_length_103538_cov_22.3022_ID_71-processed-gene-0.85&CDS=1-1716
OG0000135	YGR043C, YLR354C	snap_masked-NODE_22_length_167286_cov_23.0006_ID_43-processed-gene-0.115-mRNA-1_1&gene=snap_masked-NODE_22_length_167286_cov_23.0006_ID_43-processed-gene-0.115&CDS=1-1002, snap_masked-NODE_36_length_103538_cov_22.3022_ID_71-processed-gene-0.105-mRNA-1_1&gene=snap_masked-NODE_36_length_103538_cov_22.3022_ID_71-processed-gene-0.105&CDS=1-1008
OG0000136	YGR109C, YPR120C	snap_masked-NODE_14_length_224486_cov_20.7905_ID_27-processed-gene-1.93-mRNA-1_1&gene=snap_masked-NODE_14_length_224486_cov_20.7905_ID_27-processed-gene-1.93&CDS=1-1089, snap_masked-NODE_30_length_115312_cov_21.4898_ID_59-processed-gene-0.112-mRNA-1_1&gene=snap_masked-NODE_30_length_115312_cov_21.4898_ID_59-processed-gene-0.112&CDS=1-1227
OG0000137	YGR118W, YPR132W	augustus_masked-NODE_30_length_115312_cov_21.4898_ID_59-processed-gene-0.83-mRNA-1_1&gene=augustus_masked-NODE_30_length_115312_cov_21.4898_ID_59-processed-gene-0.83&CDS=1-435, snap_masked-NODE_14_length_224486_cov_20.7905_ID_27-processed-gene-1.95-mRNA-1_1&gene=snap_masked-NODE_14_length_224486_cov_20.7905_ID_27-processed-gene-1.95&CDS=1-435
OG0000138	YGR201C	snap_masked-NODE_20_length_173093_cov_21.6662_ID_39-processed-gene-0.107-mRNA-1_1&gene=snap_masked-NODE_20_length_173093_cov_21.6662_ID_39-processed-gene-0.107&CDS=1-660, snap_masked-NODE_20_length_173093_cov_21.6662_ID_39-processed-gene-0.108-mRNA-1_1&gene=snap_masked-NODE_20_length_173093_cov_21.6662_ID_39-processed-gene-0.108&CDS=1-660, snap_masked-NODE_20_length_173093_cov_21.6662_ID_39-processed-gene-0.109-mRNA-1_1&gene=snap_masked-NODE_20_length_173093_cov_21.6662_ID_39-processed-gene-0.109&CDS=1-660
OG0000139	YGR214W, YLR048W	maker-NODE_31_length_115296_cov_21.7371_ID_61-snap-gene-0.7-mRNA-1_1&gene=maker-NODE_31_length_115296_cov_21.7371_ID_61-snap-gene-0.7&CDS=1-759, snap_masked-NODE_57_length_56142_cov_22.7723_ID_113-processed-gene-0.51-mRNA-1_1&gene=snap_masked-NODE_57_length_56142_cov_22.7723_ID_113-processed-gene-0.51&CDS=1-759
OG0000140	YGR224W	snap_masked-NODE_46_length_84487_cov_23.4918_ID_91-processed-gene-0.38-mRNA-1_1&gene=snap_masked-NODE_46_length_84487_cov_23.4918_ID_91-processed-gene-0.38&CDS=1-1857, snap_masked-NODE_6_length_297843_cov_20.8202_ID_11-processed-gene-0.81-mRNA-1_1&gene=snap_masked-NODE_6_length_297843_cov_20.8202_ID_11-processed-gene-0.81&CDS=1-1857, snap_masked-NODE_8_length_292075_cov_22.5245_ID_15-processed-gene-1.105-mRNA-1_1&gene=snap_masked-NODE_8_length_292075_cov_22.5245_ID_15-processed-gene-1.105&CDS=1-1761
OG0000141	YGR241C, YHR161C	augustus_masked-NODE_8_length_292075_cov_22.5245_ID_15-processed-gene-1.73-mRNA-1_1&gene=augustus_masked-NODE_8_length_292075_cov_22.5245_ID_15-processed-gene-1.73&CDS=1-732, snap_masked-NODE_31_length_115296_cov_21.7371_ID_61-processed-gene-0.83-mRNA-1_1&gene=snap_masked-NODE_31_length_115296_cov_21.7371_ID_61-processed-gene-0.83&CDS=1-1740
OG0000142	YHL001W, YKL006W	maker-NODE_40_length_94096_cov_21.267_ID_79-snap-gene-0.0-mRNA-1_1&gene=maker-NODE_40_length_94096_cov_21.267_ID_79-snap-gene-0.0&CDS=1-414, maker-NODE_4_length_372424_cov_21.2575_ID_7-snap-gene-2.265-mRNA-1_1&gene=maker-NODE_4_length_372424_cov_21.2575_ID_7-snap-gene-2.265&CDS=1-414
OG0000143	YHL003C, YKL008C	augustus_masked-NODE_40_length_94096_cov_21.267_ID_79-processed-gene-0.54-mRNA-1_1&gene=augustus_masked-NODE_40_length_94096_cov_21.267_ID_79-processed-gene-0.54&CDS=1-2493, snap_masked-NODE_4_length_372424_cov_21.2575_ID_7-processed-gene-2.262-mRNA-1_1&gene=snap_masked-NODE_4_length_372424_cov_21.2575_ID_7-processed-gene-2.262&CDS=1-1323
OG0000144	YHR043C, YHR044C	augustus_masked-NODE_48_length_80761_cov_21.8578_ID_95-processed-gene-0.113-mRNA-1_1&gene=augustus_masked-NODE_48_length_80761_cov_21.8578_ID_95-processed-gene-0.113&CDS=1-1371, maker-NODE_48_length_80761_cov_21.8578_ID_95-snap-gene-0.54-mRNA-1_1&gene=maker-NODE_48_length_80761_cov_21.8578_ID_95-snap-gene-0.54&CDS=1-1386
OG0000145	YHR063C	maker-NODE_48_length_80761_cov_21.8578_ID_95-snap-gene-0.57-mRNA-1_1&gene=maker-NODE_48_length_80761_cov_21.8578_ID_95-snap-gene-0.57&CDS=1-2184, snap_masked-NODE_48_length_80761_cov_21.8578_ID_95-processed-gene-0.100-mRNA-1_1&gene=snap_masked-NODE_48_length_80761_cov_21.8578_ID_95-processed-gene-0.100&CDS=1-1131, snap_masked-NODE_48_length_80761_cov_21.8578_ID_95-processed-gene-0.97-mRNA-1_1&gene=snap_masked-NODE_48_length_80761_cov_21.8578_ID_95-processed-gene-0.97&CDS=1-1125
OG0000146	YHR113W, YJR131W	maker-NODE_43_length_88681_cov_21.4846_ID_85-augustus-gene-0.6-mRNA-1_1&gene=maker-NODE_43_length_88681_cov_21.4846_ID_85-augustus-gene-0.6&CDS=1-4953, snap_masked-NODE_49_length_73337_cov_24.7863_ID_97-processed-gene-0.48-mRNA-1_1&gene=snap_masked-NODE_49_length_73337_cov_24.7863_ID_97-processed-gene-0.48&CDS=1-1683
OG0000147	YHR133C, YNL156C	snap_masked-NODE_69_length_35753_cov_21.4616_ID_137-processed-gene-0.18-mRNA-1_1&gene=snap_masked-NODE_69_length_35753_cov_21.4616_ID_137-processed-gene-0.18&CDS=1-723, snap_masked-NODE_7_length_294517_cov_21.9556_ID_13-processed-gene-1.220-mRNA-1_1&gene=snap_masked-NODE_7_length_294517_cov_21.9556_ID_13-processed-gene-1.220&CDS=1-822
OG0000148	YHR139C, YNL160W	augustus_masked-NODE_69_length_35753_cov_21.4616_ID_137-processed-gene-0.46-mRNA-1_1&gene=augustus_masked-NODE_69_length_35753_cov_21.4616_ID_137-processed-gene-0.46&CDS=1-966, augustus_masked-NODE_7_length_294517_cov_21.9556_ID_13-processed-gene-1.117-mRNA-1_1&gene=augustus_masked-NODE_7_length_294517_cov_21.9556_ID_13-processed-gene-1.117&CDS=1-945
OG0000149	YHR203C, YJR145C	maker-NODE_49_length_73337_cov_24.7863_ID_97-snap-gene-0.54-mRNA-1_1&gene=maker-NODE_49_length_73337_cov_24.7863_ID_97-snap-gene-0.54&CDS=1-783, snap_masked-NODE_10_length_278180_cov_22.5073_ID_19-processed-gene-1.184-mRNA-1_1&gene=snap_masked-NODE_10_length_278180_cov_22.5073_ID_19-processed-gene-1.184&CDS=1-783
OG0000150	YHR208W, YJR148W	snap_masked-NODE_10_length_278180_cov_22.5073_ID_19-processed-gene-1.137-mRNA-1_1&gene=snap_masked-NODE_10_length_278180_cov_22.5073_ID_19-processed-gene-1.137&CDS=1-1188, snap_masked-NODE_49_length_73337_cov_24.7863_ID_97-processed-gene-0.40-mRNA-1_1&gene=snap_masked-NODE_49_length_73337_cov_24.7863_ID_97-processed-gene-0.40&CDS=1-1122
OG0000151	YHR216W, YLR432W, YML056C	maker-NODE_33_length_108832_cov_20.4996_ID_65-snap-gene-0.159-mRNA-1_1&gene=maker-NODE_33_length_108832_cov_20.4996_ID_65-snap-gene-0.159&CDS=1-1572
OG0000152	YIL085C, YNL029C	maker-NODE_83_length_21755_cov_22.5093_ID_165-augustus-gene-0.0-mRNA-1_1&gene=maker-NODE_83_length_21755_cov_22.5093_ID_165-augustus-gene-0.0&CDS=1-2436, snap_masked-NODE_16_length_197293_cov_20.9529_ID_31-processed-gene-0.188-mRNA-1_1&gene=snap_masked-NODE_16_length_197293_cov_20.9529_ID_31-processed-gene-0.188&CDS=1-1479
OG0000153	YIL095W, YNL020C	snap_masked-NODE_36_length_103538_cov_22.3022_ID_71-processed-gene-0.117-mRNA-1_1&gene=snap_masked-NODE_36_length_103538_cov_22.3022_ID_71-processed-gene-0.117&CDS=1-1713, snap_masked-NODE_83_length_21755_cov_22.5093_ID_165-processed-gene-0.14-mRNA-1_1&gene=snap_masked-NODE_83_length_21755_cov_22.5093_ID_165-processed-gene-0.14&CDS=1-2412
OG0000154	YIL120W, YIL121W	augustus_masked-NODE_46_length_84487_cov_23.4918_ID_91-processed-gene-0.32-mRNA-1_1&gene=augustus_masked-NODE_46_length_84487_cov_23.4918_ID_91-processed-gene-0.32&CDS=1-2301, snap_masked-NODE_31_length_115296_cov_21.7371_ID_61-processed-gene-0.84-mRNA-1_1&gene=snap_masked-NODE_31_length_115296_cov_21.7371_ID_61-processed-gene-0.84&CDS=1-1710
OG0000155	YIL126W, YOR290C	snap_masked-NODE_1_length_611906_cov_21.093_ID_1-processed-gene-1.94-mRNA-1_1&gene=snap_masked-NODE_1_length_611906_cov_21.093_ID_1-processed-gene-1.94&CDS=1-4041, snap_masked-NODE_2_length_515064_cov_21.8181_ID_3-processed-gene-1.87-mRNA-1_1&gene=snap_masked-NODE_2_length_515064_cov_21.8181_ID_3-processed-gene-1.87&CDS=1-5016
OG0000156	YIL133C, YNL069C	snap_masked-NODE_1_length_611906_cov_21.093_ID_1-processed-gene-1.113-mRNA-1_1&gene=snap_masked-NODE_1_length_611906_cov_21.093_ID_1-processed-gene-1.113&CDS=1-600, snap_masked-NODE_9_length_289189_cov_21.4249_ID_17-processed-gene-1.45-mRNA-1_1&gene=snap_masked-NODE_9_length_289189_cov_21.4249_ID_17-processed-gene-1.45&CDS=1-600
OG0000157	YIL149C, YKR095W	augustus_masked-NODE_47_length_83271_cov_23.0746_ID_93-processed-gene-0.100-mRNA-1_1&gene=augustus_masked-NODE_47_length_83271_cov_23.0746_ID_93-processed-gene-0.100&CDS=1-5193, snap_masked-NODE_50_length_70364_cov_20.7158_ID_99-processed-gene-0.76-mRNA-1_1&gene=snap_masked-NODE_50_length_70364_cov_20.7158_ID_99-processed-gene-0.76&CDS=1-5313
OG0000158	YIR031C, YNL117W	augustus_masked-NODE_32_length_114782_cov_21.7396_ID_63-processed-gene-0.110-mRNA-1_1&gene=augustus_masked-NODE_32_length_114782_cov_21.7396_ID_63-processed-gene-0.110&CDS=1-2268, snap_masked-NODE_9_length_289189_cov_21.4249_ID_17-processed-gene-1.18-mRNA-1_1&gene=snap_masked-NODE_9_length_289189_cov_21.4249_ID_17-processed-gene-1.18&CDS=1-1698
OG0000159	YJL102W, YKR028W	augustus_masked-NODE_6_length_297843_cov_20.8202_ID_11-processed-gene-1.97-mRNA-1_1&gene=augustus_masked-NODE_6_length_297843_cov_20.8202_ID_11-processed-gene-1.97&CDS=1-7698, snap_masked-NODE_21_length_168541_cov_21.5361_ID_41-processed-gene-0.120-mRNA-1_1&gene=snap_masked-NODE_21_length_168541_cov_21.5361_ID_41-processed-gene-0.120&CDS=1-2709
OG0000160	YJL105W, YKR029C	augustus_masked-NODE_21_length_168541_cov_21.5361_ID_41-processed-gene-0.46-mRNA-1_1&gene=augustus_masked-NODE_21_length_168541_cov_21.5361_ID_41-processed-gene-0.46&CDS=1-1734, augustus_masked-NODE_6_length_297843_cov_20.8202_ID_11-processed-gene-1.99-mRNA-1_1&gene=augustus_masked-NODE_6_length_297843_cov_20.8202_ID_11-processed-gene-1.99&CDS=1-1554
OG0000161	YJL129C, YKR050W	augustus_masked-NODE_21_length_168541_cov_21.5361_ID_41-processed-gene-0.10-mRNA-1_1&gene=augustus_masked-NODE_21_length_168541_cov_21.5361_ID_41-processed-gene-0.10&CDS=1-2640, snap_masked-NODE_19_length_179553_cov_20.8368_ID_37-processed-gene-0.91-mRNA-1_1&gene=snap_masked-NODE_19_length_179553_cov_20.8368_ID_37-processed-gene-0.91&CDS=1-3885
OG0000162	YJL133W, YKR052C	augustus_masked-NODE_21_length_168541_cov_21.5361_ID_41-processed-gene-0.57-mRNA-1_1&gene=augustus_masked-NODE_21_length_168541_cov_21.5361_ID_41-processed-gene-0.57&CDS=1-945, snap_masked-NODE_19_length_179553_cov_20.8368_ID_37-processed-gene-0.139-mRNA-1_1&gene=snap_masked-NODE_19_length_179553_cov_20.8368_ID_37-processed-gene-0.139&CDS=1-948
OG0000163	YJL177W, YKL180W	maker-NODE_21_length_168541_cov_21.5361_ID_41-snap-gene-0.169-mRNA-1_1&gene=maker-NODE_21_length_168541_cov_21.5361_ID_41-snap-gene-0.169&CDS=1-552, snap_masked-NODE_19_length_179553_cov_20.8368_ID_37-processed-gene-0.149-mRNA-1_1&gene=snap_masked-NODE_19_length_179553_cov_20.8368_ID_37-processed-gene-0.149&CDS=1-552
OG0000164	YJL190C, YLR367W	maker-NODE_36_length_103538_cov_22.3022_ID_71-snap-gene-0.60-mRNA-1_1&gene=maker-NODE_36_length_103538_cov_22.3022_ID_71-snap-gene-0.60&CDS=1-390, snap_masked-NODE_19_length_179553_cov_20.8368_ID_37-processed-gene-0.116-mRNA-1_1&gene=snap_masked-NODE_19_length_179553_cov_20.8368_ID_37-processed-gene-0.116&CDS=1-390
OG0000165	YKL032C, YMR072W	snap_masked-NODE_40_length_94096_cov_21.267_ID_79-processed-gene-0.94-mRNA-1_1&gene=snap_masked-NODE_40_length_94096_cov_21.267_ID_79-processed-gene-0.94&CDS=1-1824, snap_masked-NODE_73_length_29830_cov_23.0513_ID_145-processed-gene-0.18-mRNA-1_1&gene=snap_masked-NODE_73_length_29830_cov_23.0513_ID_145-processed-gene-0.18&CDS=1-579
OG0000166	YKL068W, YMR047C	snap_masked-NODE_27_length_129316_cov_23.4348_ID_53-processed-gene-0.107-mRNA-1_1&gene=snap_masked-NODE_27_length_129316_cov_23.4348_ID_53-processed-gene-0.107&CDS=1-2994, snap_masked-NODE_2_length_515064_cov_21.8181_ID_3-processed-gene-2.108-mRNA-1_1&gene=snap_masked-NODE_2_length_515064_cov_21.8181_ID_3-processed-gene-2.108&CDS=1-3126
OG0000167	YKL072W, YMR053C	snap_masked-NODE_2_length_515064_cov_21.8181_ID_3-processed-gene-1.105-mRNA-1_1&gene=snap_masked-NODE_2_length_515064_cov_21.8181_ID_3-processed-gene-1.105&CDS=1-2304, snap_masked-NODE_35_length_106366_cov_23.7165_ID_69-processed-gene-0.31-mRNA-1_1&gene=snap_masked-NODE_35_length_106366_cov_23.7165_ID_69-processed-gene-0.31&CDS=1-2391
OG0000168	YKL081W, YPL048W	augustus_masked-NODE_74_length_29576_cov_20.2349_ID_147-processed-gene-0.4-mRNA-1_1&gene=augustus_masked-NODE_74_length_29576_cov_20.2349_ID_147-processed-gene-0.4&CDS=1-1434, snap_masked-NODE_65_length_46413_cov_20.6311_ID_129-processed-gene-0.21-mRNA-1_1&gene=snap_masked-NODE_65_length_46413_cov_20.6311_ID_129-processed-gene-0.21&CDS=1-1230
OG0000169	YKR072C, YOR054C	snap_masked-NODE_10_length_278180_cov_22.5073_ID_19-processed-gene-0.45-mRNA-1_1&gene=snap_masked-NODE_10_length_278180_cov_22.5073_ID_19-processed-gene-0.45&CDS=1-1224, snap_masked-NODE_84_length_20606_cov_21.5516_ID_167-processed-gene-0.19-mRNA-1_1&gene=snap_masked-NODE_84_length_20606_cov_21.5516_ID_167-processed-gene-0.19&CDS=1-1869
OG0000170	YKR089C, YOR081C	augustus_masked-NODE_50_length_70364_cov_20.7158_ID_99-processed-gene-0.36-mRNA-1_1&gene=augustus_masked-NODE_50_length_70364_cov_20.7158_ID_99-processed-gene-0.36&CDS=1-2730, augustus_masked-NODE_70_length_34369_cov_23.842_ID_139-processed-gene-0.40-mRNA-1_1&gene=augustus_masked-NODE_70_length_34369_cov_23.842_ID_139-processed-gene-0.40&CDS=1-2157
OG0000171	YLL021W, YLR313C	snap_masked-NODE_23_length_135800_cov_19.7169_ID_45-processed-gene-0.55-mRNA-1_1&gene=snap_masked-NODE_23_length_135800_cov_19.7169_ID_45-processed-gene-0.55&CDS=1-1644, snap_masked-NODE_25_length_134608_cov_22.6927_ID_49-processed-gene-0.58-mRNA-1_1&gene=snap_masked-NODE_25_length_134608_cov_22.6927_ID_49-processed-gene-0.58&CDS=1-3900
OG0000172	YLR146C, YPR069C	snap_masked-NODE_5_length_371082_cov_21.955_ID_9-processed-gene-0.83-mRNA-1_1&gene=snap_masked-NODE_5_length_371082_cov_21.955_ID_9-processed-gene-0.83&CDS=1-915, snap_masked-NODE_6_length_297843_cov_20.8202_ID_11-processed-gene-1.204-mRNA-1_1&gene=snap_masked-NODE_6_length_297843_cov_20.8202_ID_11-processed-gene-1.204&CDS=1-876
OG0000173	YLR178C, YLR179C	snap_masked-NODE_29_length_115528_cov_22.4131_ID_57-processed-gene-0.162-mRNA-1_1&gene=snap_masked-NODE_29_length_115528_cov_22.4131_ID_57-processed-gene-0.162&CDS=1-588, snap_masked-NODE_34_length_108161_cov_25.3038_ID_67-processed-gene-0.109-mRNA-1_1&gene=snap_masked-NODE_34_length_108161_cov_25.3038_ID_67-processed-gene-0.109&CDS=1-567
OG0000174	YLR186W, YLR187W	augustus_masked-NODE_41_length_92102_cov_23.5632_ID_81-processed-gene-0.60-mRNA-1_1&gene=augustus_masked-NODE_41_length_92102_cov_23.5632_ID_81-processed-gene-0.60&CDS=1-5673, snap_masked-NODE_29_length_115528_cov_22.4131_ID_57-processed-gene-0.137-mRNA-1_1&gene=snap_masked-NODE_29_length_115528_cov_22.4131_ID_57-processed-gene-0.137&CDS=1-2622
OG0000175	YLR229C, YNL180C	augustus_masked-NODE_7_length_294517_cov_21.9556_ID_13-processed-gene-1.150-mRNA-1_1&gene=augustus_masked-NODE_7_length_294517_cov_21.9556_ID_13-processed-gene-1.150&CDS=1-888, snap_masked-NODE_15_length_201512_cov_20.2718_ID_29-processed-gene-0.72-mRNA-1_1&gene=snap_masked-NODE_15_length_201512_cov_20.2718_ID_29-processed-gene-0.72&CDS=1-573
OG0000176	YLR264W, YOR167C	snap_masked-NODE_22_length_167286_cov_23.0006_ID_43-processed-gene-0.181-mRNA-1_1&gene=snap_masked-NODE_22_length_167286_cov_23.0006_ID_43-processed-gene-0.181&CDS=1-201, snap_masked-NODE_79_length_25970_cov_21.2646_ID_157-processed-gene-0.28-mRNA-1_1&gene=snap_masked-NODE_79_length_25970_cov_21.2646_ID_157-processed-gene-0.28&CDS=1-201
OG0000177	YLR284C, YOR180C	augustus_masked-NODE_12_length_246126_cov_21.8889_ID_23-processed-gene-0.82-mRNA-1_1&gene=augustus_masked-NODE_12_length_246126_cov_21.8889_ID_23-processed-gene-0.82&CDS=1-846, augustus_masked-NODE_51_length_67151_cov_20.3142_ID_101-processed-gene-0.52-mRNA-1_1&gene=augustus_masked-NODE_51_length_67151_cov_20.3142_ID_101-processed-gene-0.52&CDS=1-801
OG0000178	YLR300W, YOR190W	augustus_masked-NODE_12_length_246126_cov_21.8889_ID_23-processed-gene-0.62-mRNA-1_1&gene=augustus_masked-NODE_12_length_246126_cov_21.8889_ID_23-processed-gene-0.62&CDS=1-2043, maker-NODE_51_length_67151_cov_20.3142_ID_101-snap-gene-0.2-mRNA-1_1&gene=maker-NODE_51_length_67151_cov_20.3142_ID_101-snap-gene-0.2&CDS=1-1641
OG0000179	YLR450W, YML075C	augustus_masked-NODE_13_length_242978_cov_21.7015_ID_25-processed-gene-0.58-mRNA-1_1&gene=augustus_masked-NODE_13_length_242978_cov_21.7015_ID_25-processed-gene-0.58&CDS=1-3123, augustus_masked-NODE_33_length_108832_cov_20.4996_ID_65-processed-gene-0.138-mRNA-1_1&gene=augustus_masked-NODE_33_length_108832_cov_20.4996_ID_65-processed-gene-0.138&CDS=1-5586
OG0000180	YLR456W, YPR172W	snap_masked-NODE_17_length_190182_cov_22.7835_ID_33-processed-gene-0.187-mRNA-1_1&gene=snap_masked-NODE_17_length_190182_cov_22.7835_ID_33-processed-gene-0.187&CDS=1-561, snap_masked-NODE_34_length_108161_cov_25.3038_ID_67-processed-gene-0.135-mRNA-1_1&gene=snap_masked-NODE_34_length_108161_cov_25.3038_ID_67-processed-gene-0.135&CDS=1-615
OG0000181	YML085C, YML124C	genemark-NODE_7_length_294517_cov_21.9556_ID_13-processed-gene-0.3-mRNA-1_1&gene=genemark-NODE_7_length_294517_cov_21.9556_ID_13-processed-gene-0.3&CDS=1-2625, snap_masked-NODE_11_length_248256_cov_21.6689_ID_21-processed-gene-1.137-mRNA-1_1&gene=snap_masked-NODE_11_length_248256_cov_21.6689_ID_21-processed-gene-1.137&CDS=1-1341
OG0000182	YML087C, YML125C	snap_masked-NODE_11_length_248256_cov_21.6689_ID_21-processed-gene-1.138-mRNA-1_1&gene=snap_masked-NODE_11_length_248256_cov_21.6689_ID_21-processed-gene-1.138&CDS=1-945, snap_masked-NODE_7_length_294517_cov_21.9556_ID_13-processed-gene-0.81-mRNA-1_1&gene=snap_masked-NODE_7_length_294517_cov_21.9556_ID_13-processed-gene-0.81&CDS=1-765
OG0000183	YML111W, YMR275C	maker-NODE_11_length_248256_cov_21.6689_ID_21-snap-gene-1.9-mRNA-1_1&gene=maker-NODE_11_length_248256_cov_21.6689_ID_21-snap-gene-1.9&CDS=1-2544, snap_masked-NODE_7_length_294517_cov_21.9556_ID_13-processed-gene-0.90-mRNA-1_1&gene=snap_masked-NODE_7_length_294517_cov_21.9556_ID_13-processed-gene-0.90&CDS=1-3777
OG0000184	YML116W, YMR279C	snap_masked-NODE_11_length_248256_cov_21.6689_ID_21-processed-gene-1.175-mRNA-1_1&gene=snap_masked-NODE_11_length_248256_cov_21.6689_ID_21-processed-gene-1.175&CDS=1-1623, snap_masked-NODE_7_length_294517_cov_21.9556_ID_13-processed-gene-0.89-mRNA-1_1&gene=snap_masked-NODE_7_length_294517_cov_21.9556_ID_13-processed-gene-0.89&CDS=1-1662
OG0000185	YMR054W, YOR270C	augustus_masked-NODE_11_length_248256_cov_21.6689_ID_21-processed-gene-1.57-mRNA-1_1&gene=augustus_masked-NODE_11_length_248256_cov_21.6689_ID_21-processed-gene-1.57&CDS=1-3447, snap_masked-NODE_27_length_129316_cov_23.4348_ID_53-processed-gene-0.121-mRNA-1_1&gene=snap_masked-NODE_27_length_129316_cov_23.4348_ID_53-processed-gene-0.121&CDS=1-2559
OG0000186	YMR101C, YMR102C	snap_masked-NODE_1_length_611906_cov_21.093_ID_1-processed-gene-2.80-mRNA-1_1&gene=snap_masked-NODE_1_length_611906_cov_21.093_ID_1-processed-gene-2.80&CDS=1-3366, snap_masked-NODE_59_length_54112_cov_20.9613_ID_117-processed-gene-0.66-mRNA-1_1&gene=snap_masked-NODE_59_length_54112_cov_20.9613_ID_117-processed-gene-0.66&CDS=1-2517
OG0000187	YMR177W, YPL227C	augustus_masked-NODE_3_length_402036_cov_21.609_ID_5-processed-gene-2.77-mRNA-1_1&gene=augustus_masked-NODE_3_length_402036_cov_21.609_ID_5-processed-gene-2.77&CDS=1-2349, snap_masked-NODE_7_length_294517_cov_21.9556_ID_13-processed-gene-1.276-mRNA-1_1&gene=snap_masked-NODE_7_length_294517_cov_21.9556_ID_13-processed-gene-1.276&CDS=1-1542
OG0000188	YMR192W, YPL249C	genemark-NODE_3_length_402036_cov_21.609_ID_5-processed-gene-3.7-mRNA-1_1&gene=genemark-NODE_3_length_402036_cov_21.609_ID_5-processed-gene-3.7&CDS=1-3450, snap_masked-NODE_7_length_294517_cov_21.9556_ID_13-processed-gene-1.270-mRNA-1_1&gene=snap_masked-NODE_7_length_294517_cov_21.9556_ID_13-processed-gene-1.270&CDS=1-1755
OG0000189	YMR230W, YOR293W	snap_masked-NODE_11_length_248256_cov_21.6689_ID_21-processed-gene-1.115-mRNA-1_1&gene=snap_masked-NODE_11_length_248256_cov_21.6689_ID_21-processed-gene-1.115&CDS=1-315, snap_masked-NODE_2_length_515064_cov_21.8181_ID_3-processed-gene-1.89-mRNA-1_1&gene=snap_masked-NODE_2_length_515064_cov_21.8181_ID_3-processed-gene-1.89&CDS=1-315
OG0000190	YMR253C, YPL264C	maker-NODE_10_length_278180_cov_22.5073_ID_19-snap-gene-1.191-mRNA-1_1&gene=maker-NODE_10_length_278180_cov_22.5073_ID_19-snap-gene-1.191&CDS=1-2292, snap_masked-NODE_10_length_278180_cov_22.5073_ID_19-processed-gene-1.149-mRNA-1_1&gene=snap_masked-NODE_10_length_278180_cov_22.5073_ID_19-processed-gene-1.149&CDS=1-1182
OG0000191	YMR316W	snap_masked-NODE_22_length_167286_cov_23.0006_ID_43-processed-gene-0.157-mRNA-1_1&gene=snap_masked-NODE_22_length_167286_cov_23.0006_ID_43-processed-gene-0.157&CDS=1-948, snap_masked-NODE_22_length_167286_cov_23.0006_ID_43-processed-gene-0.158-mRNA-1_1&gene=snap_masked-NODE_22_length_167286_cov_23.0006_ID_43-processed-gene-0.158&CDS=1-960, snap_masked-NODE_22_length_167286_cov_23.0006_ID_43-processed-gene-0.159-mRNA-1_1&gene=snap_masked-NODE_22_length_167286_cov_23.0006_ID_43-processed-gene-0.159&CDS=1-984
OG0000192	YNL064C, YNL077W	snap_masked-NODE_9_length_289189_cov_21.4249_ID_17-processed-gene-1.100-mRNA-1_1&gene=snap_masked-NODE_9_length_289189_cov_21.4249_ID_17-processed-gene-1.100&CDS=1-1341, snap_masked-NODE_9_length_289189_cov_21.4249_ID_17-processed-gene-1.69-mRNA-1_1&gene=snap_masked-NODE_9_length_289189_cov_21.4249_ID_17-processed-gene-1.69&CDS=1-1227
OG0000193	YNL104C, YOR108W	augustus_masked-NODE_9_length_289189_cov_21.4249_ID_17-processed-gene-1.162-mRNA-1_1&gene=augustus_masked-NODE_9_length_289189_cov_21.4249_ID_17-processed-gene-1.162&CDS=1-1830, snap_masked-NODE_42_length_89786_cov_21.7221_ID_83-processed-gene-0.84-mRNA-1_1&gene=snap_masked-NODE_42_length_89786_cov_21.7221_ID_83-processed-gene-0.84&CDS=1-1806
OG0000194	YNL292W, YNL293W	genemark-NODE_28_length_123417_cov_23.6155_ID_55-processed-gene-0.160-mRNA-1_1&gene=genemark-NODE_28_length_123417_cov_23.6155_ID_55-processed-gene-0.160&CDS=1-3066, genemark-NODE_67_length_41826_cov_24.5933_ID_133-processed-gene-0.14-mRNA-1_1&gene=genemark-NODE_67_length_41826_cov_24.5933_ID_133-processed-gene-0.14&CDS=1-1617
OG0000195	YNL298W, YOL115W	maker-NODE_28_length_123417_cov_23.6155_ID_55-augustus-gene-0.132-mRNA-1_1&gene=maker-NODE_28_length_123417_cov_23.6155_ID_55-augustus-gene-0.132&CDS=1-4419, snap_masked-NODE_67_length_41826_cov_24.5933_ID_133-processed-gene-0.57-mRNA-1_1&gene=snap_masked-NODE_67_length_41826_cov_24.5933_ID_133-processed-gene-0.57&CDS=1-1575
OG0000196	YNL301C, YOL120C	genemark-NODE_28_length_123417_cov_23.6155_ID_55-processed-gene-0.195-mRNA-1_1&gene=genemark-NODE_28_length_123417_cov_23.6155_ID_55-processed-gene-0.195&CDS=1-1029, maker-NODE_67_length_41826_cov_24.5933_ID_133-snap-gene-0.64-mRNA-1_1&gene=maker-NODE_67_length_41826_cov_24.5933_ID_133-snap-gene-0.64&CDS=1-957
OG0000197	YOL055C, YPL258C, YPR121W	snap_masked-NODE_8_length_292075_cov_22.5245_ID_15-processed-gene-0.16-mRNA-1_1&gene=snap_masked-NODE_8_length_292075_cov_22.5245_ID_15-processed-gene-0.16&CDS=1-1671
OG0000198	YOL119C, YOR306C	maker-NODE_67_length_41826_cov_24.5933_ID_133-snap-gene-0.63-mRNA-1_1&gene=maker-NODE_67_length_41826_cov_24.5933_ID_133-snap-gene-0.63&CDS=1-5931, snap_masked-NODE_11_length_248256_cov_21.6689_ID_21-processed-gene-1.157-mRNA-1_1&gene=snap_masked-NODE_11_length_248256_cov_21.6689_ID_21-processed-gene-1.157&CDS=1-1548
OG0000199	YOR058C	maker-NODE_84_length_20606_cov_21.5516_ID_167-augustus-gene-0.0-mRNA-1_1&gene=maker-NODE_84_length_20606_cov_21.5516_ID_167-augustus-gene-0.0&CDS=1-3543, snap_masked-NODE_33_length_108832_cov_20.4996_ID_65-processed-gene-0.73-mRNA-1_1&gene=snap_masked-NODE_33_length_108832_cov_20.4996_ID_65-processed-gene-0.73&CDS=1-780, snap_masked-NODE_84_length_20606_cov_21.5516_ID_167-processed-gene-0.16-mRNA-1_1&gene=snap_masked-NODE_84_length_20606_cov_21.5516_ID_167-processed-gene-0.16&CDS=1-756
OG0000200	YAL023C	maker-NODE_34_length_108161_cov_25.3038_ID_67-snap-gene-0.53-mRNA-1_1&gene=maker-NODE_34_length_108161_cov_25.3038_ID_67-snap-gene-0.53&CDS=1-3534, snap_masked-NODE_13_length_242978_cov_21.7015_ID_25-processed-gene-1.146-mRNA-1_1&gene=snap_masked-NODE_13_length_242978_cov_21.7015_ID_25-processed-gene-1.146&CDS=1-2244
OG0000201	YAL038W	snap_masked-NODE_17_length_190182_cov_22.7835_ID_33-processed-gene-0.214-mRNA-1_1&gene=snap_masked-NODE_17_length_190182_cov_22.7835_ID_33-processed-gene-0.214&CDS=1-1506, snap_masked-NODE_22_length_167286_cov_23.0006_ID_43-processed-gene-0.135-mRNA-1_1&gene=snap_masked-NODE_22_length_167286_cov_23.0006_ID_43-processed-gene-0.135&CDS=1-1509
OG0000202	YAL049C	snap_masked-NODE_22_length_167286_cov_23.0006_ID_43-processed-gene-0.101-mRNA-1_1&gene=snap_masked-NODE_22_length_167286_cov_23.0006_ID_43-processed-gene-0.101&CDS=1-738, snap_masked-NODE_22_length_167286_cov_23.0006_ID_43-processed-gene-0.102-mRNA-1_1&gene=snap_masked-NODE_22_length_167286_cov_23.0006_ID_43-processed-gene-0.102&CDS=1-741
OG0000203	YAL062W, YOR375C	snap_masked-NODE_33_length_108832_cov_20.4996_ID_65-processed-gene-0.56-mRNA-1_1&gene=snap_masked-NODE_33_length_108832_cov_20.4996_ID_65-processed-gene-0.56&CDS=1-1371
OG0000204	YBL024W	snap_masked-NODE_3_length_402036_cov_21.609_ID_5-processed-gene-0.76-mRNA-1_1&gene=snap_masked-NODE_3_length_402036_cov_21.609_ID_5-processed-gene-0.76&CDS=1-2046, snap_masked-NODE_5_length_371082_cov_21.955_ID_9-processed-gene-2.30-mRNA-1_1&gene=snap_masked-NODE_5_length_371082_cov_21.955_ID_9-processed-gene-2.30&CDS=1-1938
OG0000205	YBL043W, YJR115W	snap_masked-NODE_3_length_402036_cov_21.609_ID_5-processed-gene-2.29-mRNA-1_1&gene=snap_masked-NODE_3_length_402036_cov_21.609_ID_5-processed-gene-2.29&CDS=1-699
OG0000206	YBL056W	snap_masked-NODE_4_length_372424_cov_21.2575_ID_7-processed-gene-0.1-mRNA-1_1&gene=snap_masked-NODE_4_length_372424_cov_21.2575_ID_7-processed-gene-0.1&CDS=1-1335, snap_masked-NODE_6_length_297843_cov_20.8202_ID_11-processed-gene-1.162-mRNA-1_1&gene=snap_masked-NODE_6_length_297843_cov_20.8202_ID_11-processed-gene-1.162&CDS=1-1395
OG0000207	YBL067C	snap_masked-NODE_38_length_96637_cov_19.6807_ID_75-processed-gene-0.132-mRNA-1_1&gene=snap_masked-NODE_38_length_96637_cov_19.6807_ID_75-processed-gene-0.132&CDS=1-2205, snap_masked-NODE_6_length_297843_cov_20.8202_ID_11-processed-gene-1.121-mRNA-1_1&gene=snap_masked-NODE_6_length_297843_cov_20.8202_ID_11-processed-gene-1.121&CDS=1-2145
OG0000208	YBL068W, YER099C	snap_masked-NODE_38_length_96637_cov_19.6807_ID_75-processed-gene-0.107-mRNA-1_1&gene=snap_masked-NODE_38_length_96637_cov_19.6807_ID_75-processed-gene-0.107&CDS=1-1026
OG0000209	YBL087C, YER117W	snap_masked-NODE_38_length_96637_cov_19.6807_ID_75-processed-gene-0.125-mRNA-1_1&gene=snap_masked-NODE_38_length_96637_cov_19.6807_ID_75-processed-gene-0.125&CDS=1-411
OG0000210	YBL092W	augustus_masked-NODE_38_length_96637_cov_19.6807_ID_75-processed-gene-0.52-mRNA-1_1&gene=augustus_masked-NODE_38_length_96637_cov_19.6807_ID_75-processed-gene-0.52&CDS=1-393, augustus_masked-NODE_38_length_96637_cov_19.6807_ID_75-processed-gene-0.55-mRNA-1_1&gene=augustus_masked-NODE_38_length_96637_cov_19.6807_ID_75-processed-gene-0.55&CDS=1-393
OG0000211	YBR005W, YDR003W	snap_masked-NODE_8_length_292075_cov_22.5245_ID_15-processed-gene-0.20-mRNA-1_1&gene=snap_masked-NODE_8_length_292075_cov_22.5245_ID_15-processed-gene-0.20&CDS=1-684
OG0000212	YBR019C	snap_masked-NODE_1_length_611906_cov_21.093_ID_1-processed-gene-5.169-mRNA-1_1&gene=snap_masked-NODE_1_length_611906_cov_21.093_ID_1-processed-gene-5.169&CDS=1-2067, snap_masked-NODE_8_length_292075_cov_22.5245_ID_15-processed-gene-0.25-mRNA-1_1&gene=snap_masked-NODE_8_length_292075_cov_22.5245_ID_15-processed-gene-0.25&CDS=1-2067
OG0000213	YBR023C	snap_masked-NODE_1_length_611906_cov_21.093_ID_1-processed-gene-5.137-mRNA-1_1&gene=snap_masked-NODE_1_length_611906_cov_21.093_ID_1-processed-gene-5.137&CDS=1-3438, snap_masked-NODE_8_length_292075_cov_22.5245_ID_15-processed-gene-0.26-mRNA-1_1&gene=snap_masked-NODE_8_length_292075_cov_22.5245_ID_15-processed-gene-0.26&CDS=1-3108
OG0000214	YBR031W, YDR012W	snap_masked-NODE_20_length_173093_cov_21.6662_ID_39-processed-gene-0.100-mRNA-1_1&gene=snap_masked-NODE_20_length_173093_cov_21.6662_ID_39-processed-gene-0.100&CDS=1-1086
OG0000215	YBR059C	snap_masked-NODE_10_length_278180_cov_22.5073_ID_19-processed-gene-0.29-mRNA-1_1&gene=snap_masked-NODE_10_length_278180_cov_22.5073_ID_19-processed-gene-0.29&CDS=1-3018, snap_masked-NODE_1_length_611906_cov_21.093_ID_1-processed-gene-4.68-mRNA-1_1&gene=snap_masked-NODE_1_length_611906_cov_21.093_ID_1-processed-gene-4.68&CDS=1-2490
OG0000216	YBR078W	augustus_masked-NODE_1_length_611906_cov_21.093_ID_1-processed-gene-3.52-mRNA-1_1&gene=augustus_masked-NODE_1_length_611906_cov_21.093_ID_1-processed-gene-3.52&CDS=1-1266, snap_masked-NODE_2_length_515064_cov_21.8181_ID_3-processed-gene-1.95-mRNA-1_1&gene=snap_masked-NODE_2_length_515064_cov_21.8181_ID_3-processed-gene-1.95&CDS=1-1263
OG0000217	YBR083W	augustus_masked-NODE_2_length_515064_cov_21.8181_ID_3-processed-gene-2.104-mRNA-1_1&gene=augustus_masked-NODE_2_length_515064_cov_21.8181_ID_3-processed-gene-2.104&CDS=1-1629, snap_masked-NODE_2_length_515064_cov_21.8181_ID_3-processed-gene-1.98-mRNA-1_1&gene=snap_masked-NODE_2_length_515064_cov_21.8181_ID_3-processed-gene-1.98&CDS=1-1929
OG0000218	YBR086C	snap_masked-NODE_2_length_515064_cov_21.8181_ID_3-processed-gene-2.129-mRNA-1_1&gene=snap_masked-NODE_2_length_515064_cov_21.8181_ID_3-processed-gene-2.129&CDS=1-2718, snap_masked-NODE_65_length_46413_cov_20.6311_ID_129-processed-gene-0.2-mRNA-1_1&gene=snap_masked-NODE_65_length_46413_cov_20.6311_ID_129-processed-gene-0.2&CDS=1-2697
OG0000219	YBR118W, YPR080W	maker-NODE_55_length_58048_cov_21.4705_ID_109-snap-gene-0.36-mRNA-1_1&gene=maker-NODE_55_length_58048_cov_21.4705_ID_109-snap-gene-0.36&CDS=1-2127
OG0000220	YBR140C	augustus_masked-NODE_8_length_292075_cov_22.5245_ID_15-processed-gene-1.57-mRNA-1_1&gene=augustus_masked-NODE_8_length_292075_cov_22.5245_ID_15-processed-gene-1.57&CDS=1-9057, maker-NODE_1_length_611906_cov_21.093_ID_1-snap-gene-5.202-mRNA-1_1&gene=maker-NODE_1_length_611906_cov_21.093_ID_1-snap-gene-5.202&CDS=1-9060
OG0000221	YBR147W, YOL092W	genemark-NODE_1_length_611906_cov_21.093_ID_1-processed-gene-5.63-mRNA-1_1&gene=genemark-NODE_1_length_611906_cov_21.093_ID_1-processed-gene-5.63&CDS=1-906
OG0000222	YBR161W, YPL057C	snap_masked-NODE_26_length_129937_cov_20.3153_ID_51-processed-gene-0.22-mRNA-1_1&gene=snap_masked-NODE_26_length_129937_cov_20.3153_ID_51-processed-gene-0.22&CDS=1-1062
OG0000223	YBR169C, YPL106C	genemark-NODE_26_length_129937_cov_20.3153_ID_51-processed-gene-0.179-mRNA-1_1&gene=genemark-NODE_26_length_129937_cov_20.3153_ID_51-processed-gene-0.179&CDS=1-3825
OG0000224	YBR218C, YGL062W	maker-NODE_51_length_67151_cov_20.3142_ID_101-snap-gene-0.0-mRNA-1_1&gene=maker-NODE_51_length_67151_cov_20.3142_ID_101-snap-gene-0.0&CDS=1-5199
OG0000225	YBR223C	snap_masked-NODE_20_length_173093_cov_21.6662_ID_39-processed-gene-0.135-mRNA-1_1&gene=snap_masked-NODE_20_length_173093_cov_21.6662_ID_39-processed-gene-0.135&CDS=1-1179, snap_masked-NODE_51_length_67151_cov_20.3142_ID_101-processed-gene-0.13-mRNA-1_1&gene=snap_masked-NODE_51_length_67151_cov_20.3142_ID_101-processed-gene-0.13&CDS=1-1617
OG0000226	YBR241C, YGL104C	snap_masked-NODE_10_length_278180_cov_22.5073_ID_19-processed-gene-1.162-mRNA-1_1&gene=snap_masked-NODE_10_length_278180_cov_22.5073_ID_19-processed-gene-1.162&CDS=1-2709
OG0000227	YCL025C	augustus_masked-NODE_29_length_115528_cov_22.4131_ID_57-processed-gene-0.104-mRNA-1_1&gene=augustus_masked-NODE_29_length_115528_cov_22.4131_ID_57-processed-gene-0.104&CDS=1-1896, snap_masked-NODE_41_length_92102_cov_23.5632_ID_81-processed-gene-0.36-mRNA-1_1&gene=snap_masked-NODE_41_length_92102_cov_23.5632_ID_81-processed-gene-0.36&CDS=1-1797
OG0000228	YCL064C	genemark-NODE_29_length_115528_cov_22.4131_ID_57-processed-gene-0.27-mRNA-1_1&gene=genemark-NODE_29_length_115528_cov_22.4131_ID_57-processed-gene-0.27&CDS=1-1059, snap_masked-NODE_5_length_371082_cov_21.955_ID_9-processed-gene-2.27-mRNA-1_1&gene=snap_masked-NODE_5_length_371082_cov_21.955_ID_9-processed-gene-2.27&CDS=1-1014
OG0000229	YCL068C, YCR038C	augustus_masked-NODE_21_length_168541_cov_21.5361_ID_41-processed-gene-0.76-mRNA-1_1&gene=augustus_masked-NODE_21_length_168541_cov_21.5361_ID_41-processed-gene-0.76&CDS=1-4212
OG0000230	YCL075W	augustus_masked-NODE_125_length_5298_cov_66.3558_ID_249-processed-gene-0.1-mRNA-1_1&gene=augustus_masked-NODE_125_length_5298_cov_66.3558_ID_249-processed-gene-0.1&CDS=1-2058, augustus_masked-NODE_29_length_115528_cov_22.4131_ID_57-processed-gene-0.76-mRNA-1_1&gene=augustus_masked-NODE_29_length_115528_cov_22.4131_ID_57-processed-gene-0.76&CDS=1-900
OG0000231	YCR005C, YNR001C	maker-NODE_2_length_515064_cov_21.8181_ID_3-augustus-gene-3.131-mRNA-1_1&gene=maker-NODE_2_length_515064_cov_21.8181_ID_3-augustus-gene-3.131&CDS=1-2541
OG0000232	YCR009C	snap_masked-NODE_16_length_197293_cov_20.9529_ID_31-processed-gene-0.131-mRNA-1_1&gene=snap_masked-NODE_16_length_197293_cov_20.9529_ID_31-processed-gene-0.131&CDS=1-795, snap_masked-NODE_22_length_167286_cov_23.0006_ID_43-processed-gene-0.175-mRNA-1_1&gene=snap_masked-NODE_22_length_167286_cov_23.0006_ID_43-processed-gene-0.175&CDS=1-795
OG0000233	YCR010C, YNR002C	augustus_masked-NODE_16_length_197293_cov_20.9529_ID_31-processed-gene-0.31-mRNA-1_1&gene=augustus_masked-NODE_16_length_197293_cov_20.9529_ID_31-processed-gene-0.31&CDS=1-834
OG0000234	YCR012W	snap_masked-NODE_16_length_197293_cov_20.9529_ID_31-processed-gene-0.181-mRNA-1_1&gene=snap_masked-NODE_16_length_197293_cov_20.9529_ID_31-processed-gene-0.181&CDS=1-1248, snap_masked-NODE_2_length_515064_cov_21.8181_ID_3-processed-gene-4.11-mRNA-1_1&gene=snap_masked-NODE_2_length_515064_cov_21.8181_ID_3-processed-gene-4.11&CDS=1-1248
OG0000235	YCR020C	maker-NODE_2_length_515064_cov_21.8181_ID_3-augustus-gene-4.132-mRNA-1_1&gene=maker-NODE_2_length_515064_cov_21.8181_ID_3-augustus-gene-4.132&CDS=1-897, snap_masked-NODE_14_length_224486_cov_20.7905_ID_27-processed-gene-1.147-mRNA-1_1&gene=snap_masked-NODE_14_length_224486_cov_20.7905_ID_27-processed-gene-1.147&CDS=1-642
OG0000236	YCR024C-A, YEL017C-A	augustus_masked-NODE_2_length_515064_cov_21.8181_ID_3-processed-gene-4.75-mRNA-1_1&gene=augustus_masked-NODE_2_length_515064_cov_21.8181_ID_3-processed-gene-4.75&CDS=1-1371
OG0000237	YCR033W	augustus_masked-NODE_19_length_179553_cov_20.8368_ID_37-processed-gene-0.35-mRNA-1_1&gene=augustus_masked-NODE_19_length_179553_cov_20.8368_ID_37-processed-gene-0.35&CDS=1-1404, snap_masked-NODE_21_length_168541_cov_21.5361_ID_41-processed-gene-0.110-mRNA-1_1&gene=snap_masked-NODE_21_length_168541_cov_21.5361_ID_41-processed-gene-0.110&CDS=1-4038
OG0000238	YCR037C	augustus_masked-NODE_21_length_168541_cov_21.5361_ID_41-processed-gene-0.75-mRNA-1_1&gene=augustus_masked-NODE_21_length_168541_cov_21.5361_ID_41-processed-gene-0.75&CDS=1-2778, snap_masked-NODE_19_length_179553_cov_20.8368_ID_37-processed-gene-0.158-mRNA-1_1&gene=snap_masked-NODE_19_length_179553_cov_20.8368_ID_37-processed-gene-0.158&CDS=1-2670
OG0000239	YCR084C	snap_masked-NODE_25_length_134608_cov_22.6927_ID_49-processed-gene-0.15-mRNA-1_1&gene=snap_masked-NODE_25_length_134608_cov_22.6927_ID_49-processed-gene-0.15&CDS=1-2064, snap_masked-NODE_3_length_402036_cov_21.609_ID_5-processed-gene-3.182-mRNA-1_1&gene=snap_masked-NODE_3_length_402036_cov_21.609_ID_5-processed-gene-3.182&CDS=1-1932
OG0000240	YDL035C	augustus_masked-NODE_1_length_611906_cov_21.093_ID_1-processed-gene-5.87-mRNA-1_1&gene=augustus_masked-NODE_1_length_611906_cov_21.093_ID_1-processed-gene-5.87&CDS=1-2154, snap_masked-NODE_1_length_611906_cov_21.093_ID_1-processed-gene-5.150-mRNA-1_1&gene=snap_masked-NODE_1_length_611906_cov_21.093_ID_1-processed-gene-5.150&CDS=1-2361
OG0000241	YDL037C	augustus_masked-NODE_2_length_515064_cov_21.8181_ID_3-processed-gene-4.88-mRNA-1_1&gene=augustus_masked-NODE_2_length_515064_cov_21.8181_ID_3-processed-gene-4.88&CDS=1-2022, augustus_masked-NODE_337_length_670_cov_54.2982_ID_673-processed-gene-0.1-mRNA-1_1&gene=augustus_masked-NODE_337_length_670_cov_54.2982_ID_673-processed-gene-0.1&CDS=1-669
OG0000242	YDL075W, YLR406C	snap_masked-NODE_16_length_197293_cov_20.9529_ID_31-processed-gene-0.201-mRNA-1_1&gene=snap_masked-NODE_16_length_197293_cov_20.9529_ID_31-processed-gene-0.201&CDS=1-339
OG0000243	YDL093W, YDL095W	maker-NODE_12_length_246126_cov_21.8889_ID_23-augustus-gene-1.13-mRNA-1_1&gene=maker-NODE_12_length_246126_cov_21.8889_ID_23-augustus-gene-1.13&CDS=1-4734
OG0000244	YDL131W	maker-NODE_6_length_297843_cov_20.8202_ID_11-augustus-gene-0.58-mRNA-1_1&gene=maker-NODE_6_length_297843_cov_20.8202_ID_11-augustus-gene-0.58&CDS=1-1542, snap_masked-NODE_4_length_372424_cov_21.2575_ID_7-processed-gene-0.27-mRNA-1_1&gene=snap_masked-NODE_4_length_372424_cov_21.2575_ID_7-processed-gene-0.27&CDS=1-1314
OG0000245	YDL136W, YDL191W	snap_masked-NODE_6_length_297843_cov_20.8202_ID_11-processed-gene-0.91-mRNA-1_1&gene=snap_masked-NODE_6_length_297843_cov_20.8202_ID_11-processed-gene-0.91&CDS=1-360
OG0000246	YDL137W	augustus_masked-NODE_4_length_372424_cov_21.2575_ID_7-processed-gene-0.70-mRNA-1_1&gene=augustus_masked-NODE_4_length_372424_cov_21.2575_ID_7-processed-gene-0.70&CDS=1-555, snap_masked-NODE_6_length_297843_cov_20.8202_ID_11-processed-gene-0.92-mRNA-1_1&gene=snap_masked-NODE_6_length_297843_cov_20.8202_ID_11-processed-gene-0.92&CDS=1-543
OG0000247	YDL175C, YIL079C	snap_masked-NODE_6_length_297843_cov_20.8202_ID_11-processed-gene-0.59-mRNA-1_1&gene=snap_masked-NODE_6_length_297843_cov_20.8202_ID_11-processed-gene-0.59&CDS=1-573
OG0000248	YDL194W	snap_masked-NODE_4_length_372424_cov_21.2575_ID_7-processed-gene-0.21-mRNA-1_1&gene=snap_masked-NODE_4_length_372424_cov_21.2575_ID_7-processed-gene-0.21&CDS=1-2244, snap_masked-NODE_6_length_297843_cov_20.8202_ID_11-processed-gene-0.94-mRNA-1_1&gene=snap_masked-NODE_6_length_297843_cov_20.8202_ID_11-processed-gene-0.94&CDS=1-2271
OG0000249	YDL222C, YNL194C	snap_masked-NODE_47_length_83271_cov_23.0746_ID_93-processed-gene-0.59-mRNA-1_1&gene=snap_masked-NODE_47_length_83271_cov_23.0746_ID_93-processed-gene-0.59&CDS=1-2991
OG0000250	YDL229W, YNL209W	augustus_masked-NODE_7_length_294517_cov_21.9556_ID_13-processed-gene-1.103-mRNA-1_1&gene=augustus_masked-NODE_7_length_294517_cov_21.9556_ID_13-processed-gene-1.103&CDS=1-2181
OG0000251	YDR054C	genemark-NODE_1_length_611906_cov_21.093_ID_1-processed-gene-3.129-mRNA-1_1&gene=genemark-NODE_1_length_611906_cov_21.093_ID_1-processed-gene-3.129&CDS=1-864, snap_masked-NODE_2_length_515064_cov_21.8181_ID_3-processed-gene-1.115-mRNA-1_1&gene=snap_masked-NODE_2_length_515064_cov_21.8181_ID_3-processed-gene-1.115&CDS=1-696
OG0000252	YDR107C, YLR083C	maker-NODE_5_length_371082_cov_21.955_ID_9-augustus-gene-1.109-mRNA-1_1&gene=maker-NODE_5_length_371082_cov_21.955_ID_9-augustus-gene-1.109&CDS=1-6558
OG0000253	YDR122W	snap_masked-NODE_42_length_89786_cov_21.7221_ID_83-processed-gene-0.68-mRNA-1_1&gene=snap_masked-NODE_42_length_89786_cov_21.7221_ID_83-processed-gene-0.68&CDS=1-2838, snap_masked-NODE_5_length_371082_cov_21.955_ID_9-processed-gene-1.89-mRNA-1_1&gene=snap_masked-NODE_5_length_371082_cov_21.955_ID_9-processed-gene-1.89&CDS=1-3327
OG0000254	YDR134C	snap_masked-NODE_2_length_515064_cov_21.8181_ID_3-processed-gene-3.75-mRNA-1_1&gene=snap_masked-NODE_2_length_515064_cov_21.8181_ID_3-processed-gene-3.75&CDS=1-396, snap_masked-NODE_5_length_371082_cov_21.955_ID_9-processed-gene-0.96-mRNA-1_1&gene=snap_masked-NODE_5_length_371082_cov_21.955_ID_9-processed-gene-0.96&CDS=1-450
OG0000255	YDR169C	augustus_masked-NODE_15_length_201512_cov_20.2718_ID_29-processed-gene-1.78-mRNA-1_1&gene=augustus_masked-NODE_15_length_201512_cov_20.2718_ID_29-processed-gene-1.78&CDS=1-1215, snap_masked-NODE_5_length_371082_cov_21.955_ID_9-processed-gene-0.81-mRNA-1_1&gene=snap_masked-NODE_5_length_371082_cov_21.955_ID_9-processed-gene-0.81&CDS=1-1173
OG0000256	YDR185C, YLR168C	snap_masked-NODE_52_length_67019_cov_23.3557_ID_103-processed-gene-0.50-mRNA-1_1&gene=snap_masked-NODE_52_length_67019_cov_23.3557_ID_103-processed-gene-0.50&CDS=1-1518
OG0000257	YDR222W, YLR225C	snap_masked-NODE_15_length_201512_cov_20.2718_ID_29-processed-gene-0.67-mRNA-1_1&gene=snap_masked-NODE_15_length_201512_cov_20.2718_ID_29-processed-gene-0.67&CDS=1-1194
OG0000258	YDR253C	snap_masked-NODE_26_length_129937_cov_20.3153_ID_51-processed-gene-0.53-mRNA-1_1&gene=snap_masked-NODE_26_length_129937_cov_20.3153_ID_51-processed-gene-0.53&CDS=1-645, snap_masked-NODE_74_length_29576_cov_20.2349_ID_147-processed-gene-0.26-mRNA-1_1&gene=snap_masked-NODE_74_length_29576_cov_20.2349_ID_147-processed-gene-0.26&CDS=1-576
OG0000259	YDR312W, YHR066W	snap_masked-NODE_6_length_297843_cov_20.8202_ID_11-processed-gene-1.140-mRNA-1_1&gene=snap_masked-NODE_6_length_297843_cov_20.8202_ID_11-processed-gene-1.140&CDS=1-1359
OG0000260	YDR326C	augustus_masked-NODE_43_length_88681_cov_21.4846_ID_85-processed-gene-0.30-mRNA-1_1&gene=augustus_masked-NODE_43_length_88681_cov_21.4846_ID_85-processed-gene-0.30&CDS=1-3564, snap_masked-NODE_4_length_372424_cov_21.2575_ID_7-processed-gene-2.209-mRNA-1_1&gene=snap_masked-NODE_4_length_372424_cov_21.2575_ID_7-processed-gene-2.209&CDS=1-4011
OG0000261	YDR353W, YHR106W	maker-NODE_4_length_372424_cov_21.2575_ID_7-snap-gene-2.269-mRNA-1_1&gene=maker-NODE_4_length_372424_cov_21.2575_ID_7-snap-gene-2.269&CDS=1-1977
OG0000262	YDR422C	augustus_masked-NODE_14_length_224486_cov_20.7905_ID_27-processed-gene-1.208-mRNA-1_1&gene=augustus_masked-NODE_14_length_224486_cov_20.7905_ID_27-processed-gene-1.208&CDS=1-1113, snap_masked-NODE_38_length_96637_cov_19.6807_ID_75-processed-gene-0.91-mRNA-1_1&gene=snap_masked-NODE_38_length_96637_cov_19.6807_ID_75-processed-gene-0.91&CDS=1-1980
OG0000263	YDR450W, YML026C	augustus_masked-NODE_23_length_135800_cov_19.7169_ID_45-processed-gene-0.100-mRNA-1_1&gene=augustus_masked-NODE_23_length_135800_cov_19.7169_ID_45-processed-gene-0.100&CDS=1-438
OG0000264	YDR453C, YML028W	snap_masked-NODE_14_length_224486_cov_20.7905_ID_27-processed-gene-1.148-mRNA-1_1&gene=snap_masked-NODE_14_length_224486_cov_20.7905_ID_27-processed-gene-1.148&CDS=1-588
OG0000265	YDR514C	augustus_masked-NODE_29_length_115528_cov_22.4131_ID_57-processed-gene-0.68-mRNA-1_1&gene=augustus_masked-NODE_29_length_115528_cov_22.4131_ID_57-processed-gene-0.68&CDS=1-1614, augustus_masked-NODE_41_length_92102_cov_23.5632_ID_81-processed-gene-0.53-mRNA-1_1&gene=augustus_masked-NODE_41_length_92102_cov_23.5632_ID_81-processed-gene-0.53&CDS=1-1473
OG0000266	YDR530C	augustus_masked-NODE_29_length_115528_cov_22.4131_ID_57-processed-gene-0.90-mRNA-1_1&gene=augustus_masked-NODE_29_length_115528_cov_22.4131_ID_57-processed-gene-0.90&CDS=1-948, snap_masked-NODE_41_length_92102_cov_23.5632_ID_81-processed-gene-0.29-mRNA-1_1&gene=snap_masked-NODE_41_length_92102_cov_23.5632_ID_81-processed-gene-0.29&CDS=1-972
OG0000267	YEL027W	snap_masked-NODE_2_length_515064_cov_21.8181_ID_3-processed-gene-4.46-mRNA-1_1&gene=snap_masked-NODE_2_length_515064_cov_21.8181_ID_3-processed-gene-4.46&CDS=1-480, snap_masked-NODE_37_length_99903_cov_20.9673_ID_73-processed-gene-0.2-mRNA-1_1&gene=snap_masked-NODE_37_length_99903_cov_20.9673_ID_73-processed-gene-0.2&CDS=1-480
OG0000268	YEL039C, YJR048W	snap_masked-NODE_89_length_16972_cov_24.5341_ID_177-processed-gene-0.22-mRNA-1_1&gene=snap_masked-NODE_89_length_16972_cov_24.5341_ID_177-processed-gene-0.22&CDS=1-342
OG0000269	YER011W, YOR010C	snap_masked-NODE_18_length_183210_cov_20.8765_ID_35-processed-gene-0.146-mRNA-1_1&gene=snap_masked-NODE_18_length_183210_cov_20.8765_ID_35-processed-gene-0.146&CDS=1-717
OG0000270	YER019C-A, YER087C-B	genemark-NODE_4_length_372424_cov_21.2575_ID_7-processed-gene-0.98-mRNA-1_1&gene=genemark-NODE_4_length_372424_cov_21.2575_ID_7-processed-gene-0.98&CDS=1-399
OG0000271	YER023W	maker-NODE_17_length_190182_cov_22.7835_ID_33-augustus-gene-0.75-mRNA-1_1&gene=maker-NODE_17_length_190182_cov_22.7835_ID_33-augustus-gene-0.75&CDS=1-2739, snap_masked-NODE_22_length_167286_cov_23.0006_ID_43-processed-gene-0.140-mRNA-1_1&gene=snap_masked-NODE_22_length_167286_cov_23.0006_ID_43-processed-gene-0.140&CDS=1-1278
OG0000272	YER028C	snap_masked-NODE_1_length_611906_cov_21.093_ID_1-processed-gene-1.88-mRNA-1_1&gene=snap_masked-NODE_1_length_611906_cov_21.093_ID_1-processed-gene-1.88&CDS=1-663, snap_masked-NODE_53_length_65259_cov_21.5352_ID_105-processed-gene-0.49-mRNA-1_1&gene=snap_masked-NODE_53_length_65259_cov_21.5352_ID_105-processed-gene-0.49&CDS=1-1014
OG0000273	YER056C-A, YIL052C	augustus_masked-NODE_3_length_402036_cov_21.609_ID_5-processed-gene-1.20-mRNA-1_1&gene=augustus_masked-NODE_3_length_402036_cov_21.609_ID_5-processed-gene-1.20&CDS=1-360
OG0000274	YER062C, YIL053W	snap_masked-NODE_3_length_402036_cov_21.609_ID_5-processed-gene-1.102-mRNA-1_1&gene=snap_masked-NODE_3_length_402036_cov_21.609_ID_5-processed-gene-1.102&CDS=1-750
OG0000275	YER074W, YIL069C	augustus_masked-NODE_4_length_372424_cov_21.2575_ID_7-processed-gene-1.70-mRNA-1_1&gene=augustus_masked-NODE_4_length_372424_cov_21.2575_ID_7-processed-gene-1.70&CDS=1-405
OG0000276	YER081W, YIL074C	snap_masked-NODE_18_length_183210_cov_20.8765_ID_35-processed-gene-0.158-mRNA-1_1&gene=snap_masked-NODE_18_length_183210_cov_20.8765_ID_35-processed-gene-0.158&CDS=1-1407
OG0000277	YER088C	snap_masked-NODE_4_length_372424_cov_21.2575_ID_7-processed-gene-0.2-mRNA-1_1&gene=snap_masked-NODE_4_length_372424_cov_21.2575_ID_7-processed-gene-0.2&CDS=1-1746, snap_masked-NODE_6_length_297843_cov_20.8202_ID_11-processed-gene-1.161-mRNA-1_1&gene=snap_masked-NODE_6_length_297843_cov_20.8202_ID_11-processed-gene-1.161&CDS=1-1839
OG0000278	YER111C	genemark-NODE_38_length_96637_cov_19.6807_ID_75-processed-gene-0.16-mRNA-1_1&gene=genemark-NODE_38_length_96637_cov_19.6807_ID_75-processed-gene-0.16&CDS=1-2799, snap_masked-NODE_6_length_297843_cov_20.8202_ID_11-processed-gene-1.171-mRNA-1_1&gene=snap_masked-NODE_6_length_297843_cov_20.8202_ID_11-processed-gene-1.171&CDS=1-2796
OG0000279	YER130C	augustus_masked-NODE_5_length_371082_cov_21.955_ID_9-processed-gene-2.111-mRNA-1_1&gene=augustus_masked-NODE_5_length_371082_cov_21.955_ID_9-processed-gene-2.111&CDS=1-942, snap_masked-NODE_3_length_402036_cov_21.609_ID_5-processed-gene-0.72-mRNA-1_1&gene=snap_masked-NODE_3_length_402036_cov_21.609_ID_5-processed-gene-0.72&CDS=1-1134
OG0000280	YER131W, YGL189C	augustus_masked-NODE_3_length_402036_cov_21.609_ID_5-processed-gene-0.91-mRNA-1_1&gene=augustus_masked-NODE_3_length_402036_cov_21.609_ID_5-processed-gene-0.91&CDS=1-357
OG0000281	YER166W	augustus_masked-NODE_24_length_134792_cov_22.0422_ID_47-processed-gene-0.96-mRNA-1_1&gene=augustus_masked-NODE_24_length_134792_cov_22.0422_ID_47-processed-gene-0.96&CDS=1-7395, augustus_masked-NODE_5_length_371082_cov_21.955_ID_9-processed-gene-1.65-mRNA-1_1&gene=augustus_masked-NODE_5_length_371082_cov_21.955_ID_9-processed-gene-1.65&CDS=1-4731
OG0000282	YER175C	snap_masked-NODE_13_length_242978_cov_21.7015_ID_25-processed-gene-1.98-mRNA-1_1&gene=snap_masked-NODE_13_length_242978_cov_21.7015_ID_25-processed-gene-1.98&CDS=1-873, snap_masked-NODE_95_length_12461_cov_25.0418_ID_189-processed-gene-0.1-mRNA-1_1&gene=snap_masked-NODE_95_length_12461_cov_25.0418_ID_189-processed-gene-0.1&CDS=1-873
OG0000283	YER177W	maker-NODE_42_length_89786_cov_21.7221_ID_83-augustus-gene-0.2-mRNA-1_1&gene=maker-NODE_42_length_89786_cov_21.7221_ID_83-augustus-gene-0.2&CDS=1-1197, snap_masked-NODE_5_length_371082_cov_21.955_ID_9-processed-gene-1.95-mRNA-1_1&gene=snap_masked-NODE_5_length_371082_cov_21.955_ID_9-processed-gene-1.95&CDS=1-756
OG0000284	YFL005W	snap_masked-NODE_35_length_106366_cov_23.7165_ID_69-processed-gene-0.5-mRNA-1_1&gene=snap_masked-NODE_35_length_106366_cov_23.7165_ID_69-processed-gene-0.5&CDS=1-624, snap_masked-NODE_58_length_55950_cov_24.9021_ID_115-processed-gene-0.35-mRNA-1_1&gene=snap_masked-NODE_58_length_55950_cov_24.9021_ID_115-processed-gene-0.35&CDS=1-648
OG0000285	YFL007W	snap_masked-NODE_35_length_106366_cov_23.7165_ID_69-processed-gene-0.4-mRNA-1_1&gene=snap_masked-NODE_35_length_106366_cov_23.7165_ID_69-processed-gene-0.4&CDS=1-6321, snap_masked-NODE_58_length_55950_cov_24.9021_ID_115-processed-gene-0.34-mRNA-1_1&gene=snap_masked-NODE_58_length_55950_cov_24.9021_ID_115-processed-gene-0.34&CDS=1-6375
OG0000286	YFL048C	snap_masked-NODE_20_length_173093_cov_21.6662_ID_39-processed-gene-0.152-mRNA-1_1&gene=snap_masked-NODE_20_length_173093_cov_21.6662_ID_39-processed-gene-0.152&CDS=1-1296, snap_masked-NODE_22_length_167286_cov_23.0006_ID_43-processed-gene-0.160-mRNA-1_1&gene=snap_masked-NODE_22_length_167286_cov_23.0006_ID_43-processed-gene-0.160&CDS=1-1281
OG0000287	YFL050C, YOL130W	snap_masked-NODE_2_length_515064_cov_21.8181_ID_3-processed-gene-3.83-mRNA-1_1&gene=snap_masked-NODE_2_length_515064_cov_21.8181_ID_3-processed-gene-3.83&CDS=1-2469
OG0000288	YFR015C	augustus_masked-NODE_1_length_611906_cov_21.093_ID_1-processed-gene-3.46-mRNA-1_1&gene=augustus_masked-NODE_1_length_611906_cov_21.093_ID_1-processed-gene-3.46&CDS=1-2103, snap_masked-NODE_19_length_179553_cov_20.8368_ID_37-processed-gene-0.124-mRNA-1_1&gene=snap_masked-NODE_19_length_179553_cov_20.8368_ID_37-processed-gene-0.124&CDS=1-2130
OG0000289	YFR023W, YHR015W	snap_masked-NODE_1_length_611906_cov_21.093_ID_1-processed-gene-3.87-mRNA-1_1&gene=snap_masked-NODE_1_length_611906_cov_21.093_ID_1-processed-gene-3.87&CDS=1-1740
OG0000290	YFR040W	snap_masked-NODE_35_length_106366_cov_23.7165_ID_69-processed-gene-0.22-mRNA-1_1&gene=snap_masked-NODE_35_length_106366_cov_23.7165_ID_69-processed-gene-0.22&CDS=1-2430, snap_masked-NODE_53_length_65259_cov_21.5352_ID_105-processed-gene-0.41-mRNA-1_1&gene=snap_masked-NODE_53_length_65259_cov_21.5352_ID_105-processed-gene-0.41&CDS=1-2481
OG0000291	YGL008C	snap_masked-NODE_1_length_611906_cov_21.093_ID_1-processed-gene-0.28-mRNA-1_1&gene=snap_masked-NODE_1_length_611906_cov_21.093_ID_1-processed-gene-0.28&CDS=1-2709, snap_masked-NODE_76_length_27717_cov_23.7204_ID_151-processed-gene-0.26-mRNA-1_1&gene=snap_masked-NODE_76_length_27717_cov_23.7204_ID_151-processed-gene-0.26&CDS=1-2700
OG0000292	YGL009C	augustus_masked-NODE_23_length_135800_cov_19.7169_ID_45-processed-gene-0.93-mRNA-1_1&gene=augustus_masked-NODE_23_length_135800_cov_19.7169_ID_45-processed-gene-0.93&CDS=1-4470, snap_masked-NODE_76_length_27717_cov_23.7204_ID_151-processed-gene-0.35-mRNA-1_1&gene=snap_masked-NODE_76_length_27717_cov_23.7204_ID_151-processed-gene-0.35&CDS=1-2283
OG0000293	YGL013C	augustus_masked-NODE_76_length_27717_cov_23.7204_ID_151-processed-gene-0.21-mRNA-1_1&gene=augustus_masked-NODE_76_length_27717_cov_23.7204_ID_151-processed-gene-0.21&CDS=1-3030, snap_masked-NODE_1_length_611906_cov_21.093_ID_1-processed-gene-0.9-mRNA-1_1&gene=snap_masked-NODE_1_length_611906_cov_21.093_ID_1-processed-gene-0.9&CDS=1-3066
OG0000294	YGL076C, YPL198W	maker-NODE_7_length_294517_cov_21.9556_ID_13-snap-gene-1.305-mRNA-1_1&gene=maker-NODE_7_length_294517_cov_21.9556_ID_13-snap-gene-1.305&CDS=1-732
OG0000295	YGL084C, YPL189W	maker-NODE_10_length_278180_cov_22.5073_ID_19-augustus-gene-1.199-mRNA-1_1&gene=maker-NODE_10_length_278180_cov_22.5073_ID_19-augustus-gene-1.199&CDS=1-3027
OG0000296	YGL089C, YPL187W	snap_masked-NODE_12_length_246126_cov_21.8889_ID_23-processed-gene-1.55-mRNA-1_1&gene=snap_masked-NODE_12_length_246126_cov_21.8889_ID_23-processed-gene-1.55&CDS=1-513
OG0000297	YGL135W, YPL220W	snap_masked-NODE_3_length_402036_cov_21.609_ID_5-processed-gene-2.44-mRNA-1_1&gene=snap_masked-NODE_3_length_402036_cov_21.609_ID_5-processed-gene-2.44&CDS=1-651
OG0000298	YGR023W, YLR332W	snap_masked-NODE_1_length_611906_cov_21.093_ID_1-processed-gene-0.2-mRNA-1_1&gene=snap_masked-NODE_1_length_611906_cov_21.093_ID_1-processed-gene-0.2&CDS=1-1119
OG0000299	YGR048W	snap_masked-NODE_29_length_115528_cov_22.4131_ID_57-processed-gene-0.159-mRNA-1_1&gene=snap_masked-NODE_29_length_115528_cov_22.4131_ID_57-processed-gene-0.159&CDS=1-1053, snap_masked-NODE_41_length_92102_cov_23.5632_ID_81-processed-gene-0.25-mRNA-1_1&gene=snap_masked-NODE_41_length_92102_cov_23.5632_ID_81-processed-gene-0.25&CDS=1-1008
OG0000300	YGR055W	snap_masked-NODE_22_length_167286_cov_23.0006_ID_43-processed-gene-0.170-mRNA-1_1&gene=snap_masked-NODE_22_length_167286_cov_23.0006_ID_43-processed-gene-0.170&CDS=1-1680, snap_masked-NODE_36_length_103538_cov_22.3022_ID_71-processed-gene-0.88-mRNA-1_1&gene=snap_masked-NODE_36_length_103538_cov_22.3022_ID_71-processed-gene-0.88&CDS=1-1746
OG0000301	YGR065C	genemark-NODE_54_length_62112_cov_22.9458_ID_107-processed-gene-0.12-mRNA-1_1&gene=genemark-NODE_54_length_62112_cov_22.9458_ID_107-processed-gene-0.12&CDS=1-1455, maker-NODE_36_length_103538_cov_22.3022_ID_71-augustus-gene-0.67-mRNA-1_1&gene=maker-NODE_36_length_103538_cov_22.3022_ID_71-augustus-gene-0.67&CDS=1-2019
OG0000302	YGR085C, YPR102C	snap_masked-NODE_55_length_58048_cov_21.4705_ID_109-processed-gene-0.92-mRNA-1_1&gene=snap_masked-NODE_55_length_58048_cov_21.4705_ID_109-processed-gene-0.92&CDS=1-522
OG0000303	YGR086C	snap_masked-NODE_14_length_224486_cov_20.7905_ID_27-processed-gene-0.35-mRNA-1_1&gene=snap_masked-NODE_14_length_224486_cov_20.7905_ID_27-processed-gene-0.35&CDS=1-948, snap_masked-NODE_55_length_58048_cov_21.4705_ID_109-processed-gene-0.95-mRNA-1_1&gene=snap_masked-NODE_55_length_58048_cov_21.4705_ID_109-processed-gene-0.95&CDS=1-933
OG0000304	YGR092W, YPR111W	augustus_masked-NODE_14_length_224486_cov_20.7905_ID_27-processed-gene-0.53-mRNA-1_1&gene=augustus_masked-NODE_14_length_224486_cov_20.7905_ID_27-processed-gene-0.53&CDS=1-3132
OG0000305	YGR094W	augustus_masked-NODE_14_length_224486_cov_20.7905_ID_27-processed-gene-0.54-mRNA-1_1&gene=augustus_masked-NODE_14_length_224486_cov_20.7905_ID_27-processed-gene-0.54&CDS=1-3084, snap_masked-NODE_30_length_115312_cov_21.4898_ID_59-processed-gene-0.141-mRNA-1_1&gene=snap_masked-NODE_30_length_115312_cov_21.4898_ID_59-processed-gene-0.141&CDS=1-3186
OG0000306	YGR121C, YPR138C	augustus_masked-NODE_30_length_115312_cov_21.4898_ID_59-processed-gene-0.59-mRNA-1_1&gene=augustus_masked-NODE_30_length_115312_cov_21.4898_ID_59-processed-gene-0.59&CDS=1-1968
OG0000307	YGR124W, YPR145W	augustus_masked-NODE_30_length_115312_cov_21.4898_ID_59-processed-gene-0.77-mRNA-1_1&gene=augustus_masked-NODE_30_length_115312_cov_21.4898_ID_59-processed-gene-0.77&CDS=1-1725
OG0000308	YGR138C, YPR156C	snap_masked-NODE_39_length_94383_cov_19.9911_ID_77-processed-gene-0.5-mRNA-1_1&gene=snap_masked-NODE_39_length_94383_cov_19.9911_ID_77-processed-gene-0.5&CDS=1-1854
OG0000309	YGR243W, YHR162W	snap_masked-NODE_31_length_115296_cov_21.7371_ID_61-processed-gene-0.113-mRNA-1_1&gene=snap_masked-NODE_31_length_115296_cov_21.7371_ID_61-processed-gene-0.113&CDS=1-372
OG0000310	YGR279C	snap_masked-NODE_46_length_84487_cov_23.4918_ID_91-processed-gene-0.62-mRNA-1_1&gene=snap_masked-NODE_46_length_84487_cov_23.4918_ID_91-processed-gene-0.62&CDS=1-1140, snap_masked-NODE_8_length_292075_cov_22.5245_ID_15-processed-gene-1.183-mRNA-1_1&gene=snap_masked-NODE_8_length_292075_cov_22.5245_ID_15-processed-gene-1.183&CDS=1-999
OG0000311	YHL011C	snap_masked-NODE_40_length_94096_cov_21.267_ID_79-processed-gene-0.93-mRNA-1_1&gene=snap_masked-NODE_40_length_94096_cov_21.267_ID_79-processed-gene-0.93&CDS=1-960, snap_masked-NODE_62_length_47433_cov_19.885_ID_123-processed-gene-0.26-mRNA-1_1&gene=snap_masked-NODE_62_length_47433_cov_19.885_ID_123-processed-gene-0.26&CDS=1-963
OG0000312	YHL033C, YLL045C	snap_masked-NODE_23_length_135800_cov_19.7169_ID_45-processed-gene-0.32-mRNA-1_1&gene=snap_masked-NODE_23_length_135800_cov_19.7169_ID_45-processed-gene-0.32&CDS=1-765
OG0000313	YHR018C, YHR019C	augustus_masked-NODE_1_length_611906_cov_21.093_ID_1-processed-gene-3.17-mRNA-1_1&gene=augustus_masked-NODE_1_length_611906_cov_21.093_ID_1-processed-gene-3.17&CDS=1-3039
OG0000314	YHR021C, YKL156W	snap_masked-NODE_60_length_50222_cov_21.0961_ID_119-processed-gene-0.47-mRNA-1_1&gene=snap_masked-NODE_60_length_50222_cov_21.0961_ID_119-processed-gene-0.47&CDS=1-246
OG0000315	YHR042W	snap_masked-NODE_45_length_86374_cov_21.9482_ID_89-processed-gene-0.91-mRNA-1_1&gene=snap_masked-NODE_45_length_86374_cov_21.9482_ID_89-processed-gene-0.91&CDS=1-2814, snap_masked-NODE_48_length_80761_cov_21.8578_ID_95-processed-gene-0.88-mRNA-1_1&gene=snap_masked-NODE_48_length_80761_cov_21.8578_ID_95-processed-gene-0.88&CDS=1-2052
OG0000316	YHR128W	snap_masked-NODE_69_length_35753_cov_21.4616_ID_137-processed-gene-0.4-mRNA-1_1&gene=snap_masked-NODE_69_length_35753_cov_21.4616_ID_137-processed-gene-0.4&CDS=1-648, snap_masked-NODE_7_length_294517_cov_21.9556_ID_13-processed-gene-1.268-mRNA-1_1&gene=snap_masked-NODE_7_length_294517_cov_21.9556_ID_13-processed-gene-1.268&CDS=1-648
OG0000317	YHR141C, YNL162W	snap_masked-NODE_69_length_35753_cov_21.4616_ID_137-processed-gene-0.23-mRNA-1_1&gene=snap_masked-NODE_69_length_35753_cov_21.4616_ID_137-processed-gene-0.23&CDS=1-318
OG0000318	YHR154W	augustus_masked-NODE_31_length_115296_cov_21.7371_ID_61-processed-gene-0.59-mRNA-1_1&gene=augustus_masked-NODE_31_length_115296_cov_21.7371_ID_61-processed-gene-0.59&CDS=1-3003, augustus_masked-NODE_67_length_41826_cov_24.5933_ID_133-processed-gene-0.21-mRNA-1_1&gene=augustus_masked-NODE_67_length_41826_cov_24.5933_ID_133-processed-gene-0.21&CDS=1-2991
OG0000319	YIL078W	snap_masked-NODE_4_length_372424_cov_21.2575_ID_7-processed-gene-1.1-mRNA-1_1&gene=snap_masked-NODE_4_length_372424_cov_21.2575_ID_7-processed-gene-1.1&CDS=1-2181, snap_masked-NODE_6_length_297843_cov_20.8202_ID_11-processed-gene-0.80-mRNA-1_1&gene=snap_masked-NODE_6_length_297843_cov_20.8202_ID_11-processed-gene-0.80&CDS=1-2169
OG0000320	YIL083C	snap_masked-NODE_16_length_197293_cov_20.9529_ID_31-processed-gene-0.189-mRNA-1_1&gene=snap_masked-NODE_16_length_197293_cov_20.9529_ID_31-processed-gene-0.189&CDS=1-1074, snap_masked-NODE_83_length_21755_cov_22.5093_ID_165-processed-gene-0.25-mRNA-1_1&gene=snap_masked-NODE_83_length_21755_cov_22.5093_ID_165-processed-gene-0.25&CDS=1-1089
OG0000321	YIL111W, YNL052W	augustus_masked-NODE_1_length_611906_cov_21.093_ID_1-processed-gene-1.60-mRNA-1_1&gene=augustus_masked-NODE_1_length_611906_cov_21.093_ID_1-processed-gene-1.60&CDS=1-3603
OG0000322	YIR033W	augustus_masked-NODE_27_length_129316_cov_23.4348_ID_53-processed-gene-0.163-mRNA-1_1&gene=augustus_masked-NODE_27_length_129316_cov_23.4348_ID_53-processed-gene-0.163&CDS=1-2781, snap_masked-NODE_65_length_46413_cov_20.6311_ID_129-processed-gene-0.12-mRNA-1_1&gene=snap_masked-NODE_65_length_46413_cov_20.6311_ID_129-processed-gene-0.12&CDS=1-2829
OG0000323	YIR034C	maker-NODE_27_length_129316_cov_23.4348_ID_53-augustus-gene-0.61-mRNA-1_1&gene=maker-NODE_27_length_129316_cov_23.4348_ID_53-augustus-gene-0.61&CDS=1-1887, snap_masked-NODE_65_length_46413_cov_20.6311_ID_129-processed-gene-0.25-mRNA-1_1&gene=snap_masked-NODE_65_length_46413_cov_20.6311_ID_129-processed-gene-0.25&CDS=1-1116
OG0000324	YIR037W	snap_masked-NODE_10_length_278180_cov_22.5073_ID_19-processed-gene-1.113-mRNA-1_1&gene=snap_masked-NODE_10_length_278180_cov_22.5073_ID_19-processed-gene-1.113&CDS=1-480, snap_masked-NODE_60_length_50222_cov_21.0961_ID_119-processed-gene-0.31-mRNA-1_1&gene=snap_masked-NODE_60_length_50222_cov_21.0961_ID_119-processed-gene-0.31&CDS=1-480
OG0000325	YJL070C	augustus_masked-NODE_56_length_57615_cov_21.2126_ID_111-processed-gene-0.46-mRNA-1_1&gene=augustus_masked-NODE_56_length_57615_cov_21.2126_ID_111-processed-gene-0.46&CDS=1-2154, snap_masked-NODE_4_length_372424_cov_21.2575_ID_7-processed-gene-2.214-mRNA-1_1&gene=snap_masked-NODE_4_length_372424_cov_21.2575_ID_7-processed-gene-2.214&CDS=1-2556
OG0000326	YJL112W	genemark-NODE_21_length_168541_cov_21.5361_ID_41-processed-gene-0.222-mRNA-1_1&gene=genemark-NODE_21_length_168541_cov_21.5361_ID_41-processed-gene-0.222&CDS=1-1839, snap_masked-NODE_6_length_297843_cov_20.8202_ID_11-processed-gene-1.199-mRNA-1_1&gene=snap_masked-NODE_6_length_297843_cov_20.8202_ID_11-processed-gene-1.199&CDS=1-2088
OG0000327	YJL137C, YKR058W	snap_masked-NODE_21_length_168541_cov_21.5361_ID_41-processed-gene-0.89-mRNA-1_1&gene=snap_masked-NODE_21_length_168541_cov_21.5361_ID_41-processed-gene-0.89&CDS=1-1560
OG0000328	YJL138C, YKR059W	snap_masked-NODE_21_length_168541_cov_21.5361_ID_41-processed-gene-0.90-mRNA-1_1&gene=snap_masked-NODE_21_length_168541_cov_21.5361_ID_41-processed-gene-0.90&CDS=1-1185
OG0000329	YJL165C	snap_masked-NODE_19_length_179553_cov_20.8368_ID_37-processed-gene-0.106-mRNA-1_1&gene=snap_masked-NODE_19_length_179553_cov_20.8368_ID_37-processed-gene-0.106&CDS=1-2451, snap_masked-NODE_21_length_168541_cov_21.5361_ID_41-processed-gene-0.103-mRNA-1_1&gene=snap_masked-NODE_21_length_168541_cov_21.5361_ID_41-processed-gene-0.103&CDS=1-1518
OG0000330	YJL172W	genemark-NODE_46_length_84487_cov_23.4918_ID_91-processed-gene-0.87-mRNA-1_1&gene=genemark-NODE_46_length_84487_cov_23.4918_ID_91-processed-gene-0.87&CDS=1-1704, snap_masked-NODE_19_length_179553_cov_20.8368_ID_37-processed-gene-0.147-mRNA-1_1&gene=snap_masked-NODE_19_length_179553_cov_20.8368_ID_37-processed-gene-0.147&CDS=1-1716
OG0000331	YJR049C	snap_masked-NODE_2_length_515064_cov_21.8181_ID_3-processed-gene-4.51-mRNA-1_1&gene=snap_masked-NODE_2_length_515064_cov_21.8181_ID_3-processed-gene-4.51&CDS=1-1272, snap_masked-NODE_89_length_16972_cov_24.5341_ID_177-processed-gene-0.17-mRNA-1_1&gene=snap_masked-NODE_89_length_16972_cov_24.5341_ID_177-processed-gene-0.17&CDS=1-1590
OG0000332	YJR059W	snap_masked-NODE_44_length_88190_cov_24.0211_ID_87-processed-gene-0.26-mRNA-1_1&gene=snap_masked-NODE_44_length_88190_cov_24.0211_ID_87-processed-gene-0.26&CDS=1-2106, snap_masked-NODE_54_length_62112_cov_22.9458_ID_107-processed-gene-0.54-mRNA-1_1&gene=snap_masked-NODE_54_length_62112_cov_22.9458_ID_107-processed-gene-0.54&CDS=1-2289
OG0000333	YJR092W	augustus_masked-NODE_3_length_402036_cov_21.609_ID_5-processed-gene-1.28-mRNA-1_1&gene=augustus_masked-NODE_3_length_402036_cov_21.609_ID_5-processed-gene-1.28&CDS=1-3456, snap_masked-NODE_17_length_190182_cov_22.7835_ID_33-processed-gene-0.146-mRNA-1_1&gene=snap_masked-NODE_17_length_190182_cov_22.7835_ID_33-processed-gene-0.146&CDS=1-2700
OG0000334	YJR094W-A, YPR043W	genemark-NODE_3_length_402036_cov_21.609_ID_5-processed-gene-1.144-mRNA-1_1&gene=genemark-NODE_3_length_402036_cov_21.609_ID_5-processed-gene-1.144&CDS=1-297
OG0000335	YJR130C, YML082W	snap_masked-NODE_10_length_278180_cov_22.5073_ID_19-processed-gene-1.176-mRNA-1_1&gene=snap_masked-NODE_10_length_278180_cov_22.5073_ID_19-processed-gene-1.176&CDS=1-1914
OG0000336	YKL043W	snap_masked-NODE_40_length_94096_cov_21.267_ID_79-processed-gene-0.65-mRNA-1_1&gene=snap_masked-NODE_40_length_94096_cov_21.267_ID_79-processed-gene-0.65&CDS=1-1641, snap_masked-NODE_62_length_47433_cov_19.885_ID_123-processed-gene-0.50-mRNA-1_1&gene=snap_masked-NODE_62_length_47433_cov_19.885_ID_123-processed-gene-0.50&CDS=1-834
OG0000337	YKL051W	augustus_masked-NODE_27_length_129316_cov_23.4348_ID_53-processed-gene-0.128-mRNA-1_1&gene=augustus_masked-NODE_27_length_129316_cov_23.4348_ID_53-processed-gene-0.128&CDS=1-927, snap_masked-NODE_2_length_515064_cov_21.8181_ID_3-processed-gene-2.140-mRNA-1_1&gene=snap_masked-NODE_2_length_515064_cov_21.8181_ID_3-processed-gene-2.140&CDS=1-828
OG0000338	YKL054C	augustus_masked-NODE_27_length_129316_cov_23.4348_ID_53-processed-gene-0.153-mRNA-1_1&gene=augustus_masked-NODE_27_length_129316_cov_23.4348_ID_53-processed-gene-0.153&CDS=1-1734, augustus_masked-NODE_40_length_94096_cov_21.267_ID_79-processed-gene-0.9-mRNA-1_1&gene=augustus_masked-NODE_40_length_94096_cov_21.267_ID_79-processed-gene-0.9&CDS=1-1899
OG0000339	YKL089W	augustus_masked-NODE_40_length_94096_cov_21.267_ID_79-processed-gene-0.32-mRNA-1_1&gene=augustus_masked-NODE_40_length_94096_cov_21.267_ID_79-processed-gene-0.32&CDS=1-1557, augustus_masked-NODE_4_length_372424_cov_21.2575_ID_7-processed-gene-2.132-mRNA-1_1&gene=augustus_masked-NODE_4_length_372424_cov_21.2575_ID_7-processed-gene-2.132&CDS=1-1233
OG0000340	YKL126W, YMR104C	genemark-NODE_59_length_54112_cov_20.9613_ID_117-processed-gene-0.6-mRNA-1_1&gene=genemark-NODE_59_length_54112_cov_20.9613_ID_117-processed-gene-0.6&CDS=1-3870
OG0000341	YKL157W	snap_masked-NODE_45_length_86374_cov_21.9482_ID_89-processed-gene-0.108-mRNA-1_1&gene=snap_masked-NODE_45_length_86374_cov_21.9482_ID_89-processed-gene-0.108&CDS=1-2592, snap_masked-NODE_48_length_80761_cov_21.8578_ID_95-processed-gene-0.62-mRNA-1_1&gene=snap_masked-NODE_48_length_80761_cov_21.8578_ID_95-processed-gene-0.62&CDS=1-2580
OG0000342	YKL166C	snap_masked-NODE_19_length_179553_cov_20.8368_ID_37-processed-gene-0.105-mRNA-1_1&gene=snap_masked-NODE_19_length_179553_cov_20.8368_ID_37-processed-gene-0.105&CDS=1-1134, snap_masked-NODE_21_length_168541_cov_21.5361_ID_41-processed-gene-0.101-mRNA-1_1&gene=snap_masked-NODE_21_length_168541_cov_21.5361_ID_41-processed-gene-0.101&CDS=1-1329
OG0000343	YKL186C	augustus_masked-NODE_33_length_108832_cov_20.4996_ID_65-processed-gene-0.154-mRNA-1_1&gene=augustus_masked-NODE_33_length_108832_cov_20.4996_ID_65-processed-gene-0.154&CDS=1-2730, snap_masked-NODE_13_length_242978_cov_21.7015_ID_25-processed-gene-0.36-mRNA-1_1&gene=snap_masked-NODE_13_length_242978_cov_21.7015_ID_25-processed-gene-0.36&CDS=1-2055
OG0000344	YKL203C	augustus_masked-NODE_44_length_88190_cov_24.0211_ID_87-processed-gene-0.60-mRNA-1_1&gene=augustus_masked-NODE_44_length_88190_cov_24.0211_ID_87-processed-gene-0.60&CDS=1-7377, augustus_masked-NODE_54_length_62112_cov_22.9458_ID_107-processed-gene-0.36-mRNA-1_1&gene=augustus_masked-NODE_54_length_62112_cov_22.9458_ID_107-processed-gene-0.36&CDS=1-7386
OG0000345	YKR031C	augustus_masked-NODE_21_length_168541_cov_21.5361_ID_41-processed-gene-0.47-mRNA-1_1&gene=augustus_masked-NODE_21_length_168541_cov_21.5361_ID_41-processed-gene-0.47&CDS=1-4749, maker-NODE_118_length_5810_cov_22.1626_ID_235-snap-gene-0.0-mRNA-1_1&gene=maker-NODE_118_length_5810_cov_22.1626_ID_235-snap-gene-0.0&CDS=1-3450
OG0000346	YKR061W	augustus_masked-NODE_19_length_179553_cov_20.8368_ID_37-processed-gene-0.13-mRNA-1_1&gene=augustus_masked-NODE_19_length_179553_cov_20.8368_ID_37-processed-gene-0.13&CDS=1-1653, genemark-NODE_21_length_168541_cov_21.5361_ID_41-processed-gene-0.191-mRNA-1_1&gene=genemark-NODE_21_length_168541_cov_21.5361_ID_41-processed-gene-0.191&CDS=1-1257
OG0000347	YKR064W, YNR063W	augustus_masked-NODE_21_length_168541_cov_21.5361_ID_41-processed-gene-0.18-mRNA-1_1&gene=augustus_masked-NODE_21_length_168541_cov_21.5361_ID_41-processed-gene-0.18&CDS=1-2499
OG0000348	YLL028W	augustus_masked-NODE_25_length_134608_cov_22.6927_ID_49-processed-gene-0.87-mRNA-1_1&gene=augustus_masked-NODE_25_length_134608_cov_22.6927_ID_49-processed-gene-0.87&CDS=1-1752, snap_masked-NODE_23_length_135800_cov_19.7169_ID_45-processed-gene-0.57-mRNA-1_1&gene=snap_masked-NODE_23_length_135800_cov_19.7169_ID_45-processed-gene-0.57&CDS=1-1749
OG0000349	YLR004C	snap_masked-NODE_14_length_224486_cov_20.7905_ID_27-processed-gene-0.36-mRNA-1_1&gene=snap_masked-NODE_14_length_224486_cov_20.7905_ID_27-processed-gene-0.36&CDS=1-1614, snap_masked-NODE_24_length_134792_cov_22.0422_ID_47-processed-gene-0.33-mRNA-1_1&gene=snap_masked-NODE_24_length_134792_cov_22.0422_ID_47-processed-gene-0.33&CDS=1-1623
OG0000350	YLR029C, YMR121C	snap_masked-NODE_12_length_246126_cov_21.8889_ID_23-processed-gene-1.60-mRNA-1_1&gene=snap_masked-NODE_12_length_246126_cov_21.8889_ID_23-processed-gene-1.60&CDS=1-612
OG0000351	YLR092W	genemark-NODE_5_length_371082_cov_21.955_ID_9-processed-gene-1.23-mRNA-1_1&gene=genemark-NODE_5_length_371082_cov_21.955_ID_9-processed-gene-1.23&CDS=1-2559, snap_masked-NODE_6_length_297843_cov_20.8202_ID_11-processed-gene-1.135-mRNA-1_1&gene=snap_masked-NODE_6_length_297843_cov_20.8202_ID_11-processed-gene-1.135&CDS=1-2523
OG0000352	YLR176C	augustus_masked-NODE_2_length_515064_cov_21.8181_ID_3-processed-gene-2.105-mRNA-1_1&gene=augustus_masked-NODE_2_length_515064_cov_21.8181_ID_3-processed-gene-2.105&CDS=1-2307, snap_masked-NODE_16_length_197293_cov_20.9529_ID_31-processed-gene-0.176-mRNA-1_1&gene=snap_masked-NODE_16_length_197293_cov_20.9529_ID_31-processed-gene-0.176&CDS=1-2217
OG0000353	YLR177W	snap_masked-NODE_29_length_115528_cov_22.4131_ID_57-processed-gene-0.133-mRNA-1_1&gene=snap_masked-NODE_29_length_115528_cov_22.4131_ID_57-processed-gene-0.133&CDS=1-2151, snap_masked-NODE_41_length_92102_cov_23.5632_ID_81-processed-gene-0.15-mRNA-1_1&gene=snap_masked-NODE_41_length_92102_cov_23.5632_ID_81-processed-gene-0.15&CDS=1-2172
OG0000354	YLR203C	snap_masked-NODE_4_length_372424_cov_21.2575_ID_7-processed-gene-0.6-mRNA-1_1&gene=snap_masked-NODE_4_length_372424_cov_21.2575_ID_7-processed-gene-0.6&CDS=1-1230, snap_masked-NODE_6_length_297843_cov_20.8202_ID_11-processed-gene-0.74-mRNA-1_1&gene=snap_masked-NODE_6_length_297843_cov_20.8202_ID_11-processed-gene-0.74&CDS=1-1317
OG0000355	YLR210W	snap_masked-NODE_4_length_372424_cov_21.2575_ID_7-processed-gene-0.12-mRNA-1_1&gene=snap_masked-NODE_4_length_372424_cov_21.2575_ID_7-processed-gene-0.12&CDS=1-1344, snap_masked-NODE_6_length_297843_cov_20.8202_ID_11-processed-gene-0.98-mRNA-1_1&gene=snap_masked-NODE_6_length_297843_cov_20.8202_ID_11-processed-gene-0.98&CDS=1-1353
OG0000356	YLR249W, YNL014W	maker-NODE_1_length_611906_cov_21.093_ID_1-snap-gene-3.0-mRNA-1_1&gene=maker-NODE_1_length_611906_cov_21.093_ID_1-snap-gene-3.0&CDS=1-4911
OG0000357	YLR270W	snap_masked-NODE_22_length_167286_cov_23.0006_ID_43-processed-gene-0.121-mRNA-1_1&gene=snap_masked-NODE_22_length_167286_cov_23.0006_ID_43-processed-gene-0.121&CDS=1-1053, snap_masked-NODE_79_length_25970_cov_21.2646_ID_157-processed-gene-0.33-mRNA-1_1&gene=snap_masked-NODE_79_length_25970_cov_21.2646_ID_157-processed-gene-0.33&CDS=1-1041
OG0000358	YLR278C	augustus_masked-NODE_61_length_49157_cov_21.7454_ID_121-processed-gene-0.28-mRNA-1_1&gene=augustus_masked-NODE_61_length_49157_cov_21.7454_ID_121-processed-gene-0.28&CDS=1-3288, snap_masked-NODE_51_length_67151_cov_20.3142_ID_101-processed-gene-0.22-mRNA-1_1&gene=snap_masked-NODE_51_length_67151_cov_20.3142_ID_101-processed-gene-0.22&CDS=1-3195
OG0000359	YLR287C-A, YOR182C	genemark-NODE_51_length_67151_cov_20.3142_ID_101-processed-gene-0.78-mRNA-1_1&gene=genemark-NODE_51_length_67151_cov_20.3142_ID_101-processed-gene-0.78&CDS=1-165
OG0000360	YLR357W	snap_masked-NODE_13_length_242978_cov_21.7015_ID_25-processed-gene-1.136-mRNA-1_1&gene=snap_masked-NODE_13_length_242978_cov_21.7015_ID_25-processed-gene-1.136&CDS=1-2694, snap_masked-NODE_36_length_103538_cov_22.3022_ID_71-processed-gene-0.89-mRNA-1_1&gene=snap_masked-NODE_36_length_103538_cov_22.3022_ID_71-processed-gene-0.89&CDS=1-2643
OG0000361	YLR372W	snap_masked-NODE_13_length_242978_cov_21.7015_ID_25-processed-gene-1.130-mRNA-1_1&gene=snap_masked-NODE_13_length_242978_cov_21.7015_ID_25-processed-gene-1.130&CDS=1-1062, snap_masked-NODE_16_length_197293_cov_20.9529_ID_31-processed-gene-0.142-mRNA-1_1&gene=snap_masked-NODE_16_length_197293_cov_20.9529_ID_31-processed-gene-0.142&CDS=1-960
OG0000362	YLR377C	snap_masked-NODE_13_length_242978_cov_21.7015_ID_25-processed-gene-1.95-mRNA-1_1&gene=snap_masked-NODE_13_length_242978_cov_21.7015_ID_25-processed-gene-1.95&CDS=1-1059, snap_masked-NODE_16_length_197293_cov_20.9529_ID_31-processed-gene-0.194-mRNA-1_1&gene=snap_masked-NODE_16_length_197293_cov_20.9529_ID_31-processed-gene-0.194&CDS=1-1038
OG0000363	YLR433C, YML057W	snap_masked-NODE_33_length_108832_cov_20.4996_ID_65-processed-gene-0.69-mRNA-1_1&gene=snap_masked-NODE_33_length_108832_cov_20.4996_ID_65-processed-gene-0.69&CDS=1-1644
OG0000364	YLR441C	snap_masked-NODE_13_length_242978_cov_21.7015_ID_25-processed-gene-0.2-mRNA-1_1&gene=snap_masked-NODE_13_length_242978_cov_21.7015_ID_25-processed-gene-0.2&CDS=1-765, snap_masked-NODE_33_length_108832_cov_20.4996_ID_65-processed-gene-0.66-mRNA-1_1&gene=snap_masked-NODE_33_length_108832_cov_20.4996_ID_65-processed-gene-0.66&CDS=1-765
OG0000365	YLR451W	snap_masked-NODE_17_length_190182_cov_22.7835_ID_33-processed-gene-0.159-mRNA-1_1&gene=snap_masked-NODE_17_length_190182_cov_22.7835_ID_33-processed-gene-0.159&CDS=1-2256, snap_masked-NODE_17_length_190182_cov_22.7835_ID_33-processed-gene-0.182-mRNA-1_1&gene=snap_masked-NODE_17_length_190182_cov_22.7835_ID_33-processed-gene-0.182&CDS=1-2622
OG0000366	YML081W	genemark-NODE_49_length_73337_cov_24.7863_ID_97-processed-gene-0.70-mRNA-1_1&gene=genemark-NODE_49_length_73337_cov_24.7863_ID_97-processed-gene-0.70&CDS=1-4122, snap_masked-NODE_10_length_278180_cov_22.5073_ID_19-processed-gene-1.175-mRNA-1_1&gene=snap_masked-NODE_10_length_278180_cov_22.5073_ID_19-processed-gene-1.175&CDS=1-3276
OG0000367	YMR105C	snap_masked-NODE_1_length_611906_cov_21.093_ID_1-processed-gene-2.79-mRNA-1_1&gene=snap_masked-NODE_1_length_611906_cov_21.093_ID_1-processed-gene-2.79&CDS=1-1701, snap_masked-NODE_59_length_54112_cov_20.9613_ID_117-processed-gene-0.63-mRNA-1_1&gene=snap_masked-NODE_59_length_54112_cov_20.9613_ID_117-processed-gene-0.63&CDS=1-1710
OG0000368	YMR108W	maker-NODE_1_length_611906_cov_21.093_ID_1-snap-gene-2.2-mRNA-1_1&gene=maker-NODE_1_length_611906_cov_21.093_ID_1-snap-gene-2.2&CDS=1-2064, snap_masked-NODE_59_length_54112_cov_20.9613_ID_117-processed-gene-0.79-mRNA-1_1&gene=snap_masked-NODE_59_length_54112_cov_20.9613_ID_117-processed-gene-0.79&CDS=1-2043
OG0000369	YMR120C	snap_masked-NODE_12_length_246126_cov_21.8889_ID_23-processed-gene-1.59-mRNA-1_1&gene=snap_masked-NODE_12_length_246126_cov_21.8889_ID_23-processed-gene-1.59&CDS=1-1773, snap_masked-NODE_1_length_611906_cov_21.093_ID_1-processed-gene-2.70-mRNA-1_1&gene=snap_masked-NODE_1_length_611906_cov_21.093_ID_1-processed-gene-2.70&CDS=1-1770
OG0000370	YMR145C	snap_masked-NODE_12_length_246126_cov_21.8889_ID_23-processed-gene-1.69-mRNA-1_1&gene=snap_masked-NODE_12_length_246126_cov_21.8889_ID_23-processed-gene-1.69&CDS=1-1692, snap_masked-NODE_1_length_611906_cov_21.093_ID_1-processed-gene-2.58-mRNA-1_1&gene=snap_masked-NODE_1_length_611906_cov_21.093_ID_1-processed-gene-2.58&CDS=1-1629
OG0000371	YMR183C, YPL232W	snap_masked-NODE_3_length_402036_cov_21.609_ID_5-processed-gene-2.52-mRNA-1_1&gene=snap_masked-NODE_3_length_402036_cov_21.609_ID_5-processed-gene-2.52&CDS=1-864
OG0000372	YMR186W, YPL240C	snap_masked-NODE_7_length_294517_cov_21.9556_ID_13-processed-gene-1.272-mRNA-1_1&gene=snap_masked-NODE_7_length_294517_cov_21.9556_ID_13-processed-gene-1.272&CDS=1-4740
OG0000373	YMR190C	augustus_masked-NODE_7_length_294517_cov_21.9556_ID_13-processed-gene-1.123-mRNA-1_1&gene=augustus_masked-NODE_7_length_294517_cov_21.9556_ID_13-processed-gene-1.123&CDS=1-4167, snap_masked-NODE_3_length_402036_cov_21.609_ID_5-processed-gene-3.133-mRNA-1_1&gene=snap_masked-NODE_3_length_402036_cov_21.609_ID_5-processed-gene-3.133&CDS=1-2598
OG0000374	YMR196W	genemark-NODE_7_length_294517_cov_21.9556_ID_13-processed-gene-1.70-mRNA-1_1&gene=genemark-NODE_7_length_294517_cov_21.9556_ID_13-processed-gene-1.70&CDS=1-3819, snap_masked-NODE_3_length_402036_cov_21.609_ID_5-processed-gene-3.137-mRNA-1_1&gene=snap_masked-NODE_3_length_402036_cov_21.609_ID_5-processed-gene-3.137&CDS=1-3093
OG0000375	YMR205C	maker-NODE_3_length_402036_cov_21.609_ID_5-augustus-gene-3.193-mRNA-1_1&gene=maker-NODE_3_length_402036_cov_21.609_ID_5-augustus-gene-3.193&CDS=1-5196, snap_masked-NODE_9_length_289189_cov_21.4249_ID_17-processed-gene-0.44-mRNA-1_1&gene=snap_masked-NODE_9_length_289189_cov_21.4249_ID_17-processed-gene-0.44&CDS=1-2904
OG0000376	YMR237W, YOR299W	maker-NODE_11_length_248256_cov_21.6689_ID_21-augustus-gene-1.1-mRNA-1_1&gene=maker-NODE_11_length_248256_cov_21.6689_ID_21-augustus-gene-1.1&CDS=1-3519
OG0000377	YMR242C, YOR312C	augustus_masked-NODE_11_length_248256_cov_21.6689_ID_21-processed-gene-1.74-mRNA-1_1&gene=augustus_masked-NODE_11_length_248256_cov_21.6689_ID_21-processed-gene-1.74&CDS=1-438
OG0000378	YMR243C	genemark-NODE_11_length_248256_cov_21.6689_ID_21-processed-gene-1.251-mRNA-1_1&gene=genemark-NODE_11_length_248256_cov_21.6689_ID_21-processed-gene-1.251&CDS=1-1206, snap_masked-NODE_10_length_278180_cov_22.5073_ID_19-processed-gene-1.146-mRNA-1_1&gene=snap_masked-NODE_10_length_278180_cov_22.5073_ID_19-processed-gene-1.146&CDS=1-1194
OG0000379	YMR244W	maker-NODE_1_length_611906_cov_21.093_ID_1-snap-gene-5.200-mRNA-1_1&gene=maker-NODE_1_length_611906_cov_21.093_ID_1-snap-gene-5.200&CDS=1-1521, snap_masked-NODE_10_length_278180_cov_22.5073_ID_19-processed-gene-1.99-mRNA-1_1&gene=snap_masked-NODE_10_length_278180_cov_22.5073_ID_19-processed-gene-1.99&CDS=1-993
OG0000380	YMR261C	snap_masked-NODE_10_length_278180_cov_22.5073_ID_19-processed-gene-1.157-mRNA-1_1&gene=snap_masked-NODE_10_length_278180_cov_22.5073_ID_19-processed-gene-1.157&CDS=1-3012, snap_masked-NODE_11_length_248256_cov_21.6689_ID_21-processed-gene-1.167-mRNA-1_1&gene=snap_masked-NODE_11_length_248256_cov_21.6689_ID_21-processed-gene-1.167&CDS=1-3009
OG0000381	YNL055C	snap_masked-NODE_1_length_611906_cov_21.093_ID_1-processed-gene-1.121-mRNA-1_1&gene=snap_masked-NODE_1_length_611906_cov_21.093_ID_1-processed-gene-1.121&CDS=1-846, snap_masked-NODE_9_length_289189_cov_21.4249_ID_17-processed-gene-1.73-mRNA-1_1&gene=snap_masked-NODE_9_length_289189_cov_21.4249_ID_17-processed-gene-1.73&CDS=1-867
OG0000382	YNL241C	augustus_masked-NODE_90_length_14960_cov_22.0048_ID_179-processed-gene-0.7-mRNA-1_1&gene=augustus_masked-NODE_90_length_14960_cov_22.0048_ID_179-processed-gene-0.7&CDS=1-2745, maker-NODE_92_length_14164_cov_22.438_ID_183-augustus-gene-0.16-mRNA-1_1&gene=maker-NODE_92_length_14164_cov_22.438_ID_183-augustus-gene-0.16&CDS=1-2460
OG0000383	YNL257C	augustus_masked-NODE_28_length_123417_cov_23.6155_ID_55-processed-gene-0.74-mRNA-1_1&gene=augustus_masked-NODE_28_length_123417_cov_23.6155_ID_55-processed-gene-0.74&CDS=1-4713, snap_masked-NODE_71_length_33294_cov_21.3748_ID_141-processed-gene-0.7-mRNA-1_1&gene=snap_masked-NODE_71_length_33294_cov_21.3748_ID_141-processed-gene-0.7&CDS=1-3873
OG0000384	YNL283C, YOL105C	augustus_masked-NODE_28_length_123417_cov_23.6155_ID_55-processed-gene-0.120-mRNA-1_1&gene=augustus_masked-NODE_28_length_123417_cov_23.6155_ID_55-processed-gene-0.120&CDS=1-1320
OG0000385	YNR031C	snap_masked-NODE_25_length_134608_cov_22.6927_ID_49-processed-gene-0.20-mRNA-1_1&gene=snap_masked-NODE_25_length_134608_cov_22.6927_ID_49-processed-gene-0.20&CDS=1-4638, snap_masked-NODE_3_length_402036_cov_21.609_ID_5-processed-gene-3.174-mRNA-1_1&gene=snap_masked-NODE_3_length_402036_cov_21.609_ID_5-processed-gene-3.174&CDS=1-4734
OG0000386	YNR047W	snap_masked-NODE_25_length_134608_cov_22.6927_ID_49-processed-gene-0.38-mRNA-1_1&gene=snap_masked-NODE_25_length_134608_cov_22.6927_ID_49-processed-gene-0.38&CDS=1-2232, snap_masked-NODE_3_length_402036_cov_21.609_ID_5-processed-gene-3.164-mRNA-1_1&gene=snap_masked-NODE_3_length_402036_cov_21.609_ID_5-processed-gene-3.164&CDS=1-2334
OG0000387	YOL016C	snap_masked-NODE_19_length_179553_cov_20.8368_ID_37-processed-gene-0.125-mRNA-1_1&gene=snap_masked-NODE_19_length_179553_cov_20.8368_ID_37-processed-gene-0.125&CDS=1-1236, snap_masked-NODE_1_length_611906_cov_21.093_ID_1-processed-gene-3.92-mRNA-1_1&gene=snap_masked-NODE_1_length_611906_cov_21.093_ID_1-processed-gene-3.92&CDS=1-1314
OG0000388	YOL063C	augustus_masked-NODE_15_length_201512_cov_20.2718_ID_29-processed-gene-1.65-mRNA-1_1&gene=augustus_masked-NODE_15_length_201512_cov_20.2718_ID_29-processed-gene-1.65&CDS=1-2286, augustus_masked-NODE_8_length_292075_cov_22.5245_ID_15-processed-gene-0.55-mRNA-1_1&gene=augustus_masked-NODE_8_length_292075_cov_22.5245_ID_15-processed-gene-0.55&CDS=1-2634
OG0000389	YOL066C	augustus_masked-NODE_1_length_611906_cov_21.093_ID_1-processed-gene-5.88-mRNA-1_1&gene=augustus_masked-NODE_1_length_611906_cov_21.093_ID_1-processed-gene-5.88&CDS=1-1794, maker-NODE_8_length_292075_cov_22.5245_ID_15-snap-gene-1.5-mRNA-1_1&gene=maker-NODE_8_length_292075_cov_22.5245_ID_15-snap-gene-1.5&CDS=1-3450
OG0000390	YOL082W, YOL083W	snap_masked-NODE_8_length_292075_cov_22.5245_ID_15-processed-gene-1.149-mRNA-1_1&gene=snap_masked-NODE_8_length_292075_cov_22.5245_ID_15-processed-gene-1.149&CDS=1-1164
OG0000391	YOR083W	augustus_masked-NODE_50_length_70364_cov_20.7158_ID_99-processed-gene-0.50-mRNA-1_1&gene=augustus_masked-NODE_50_length_70364_cov_20.7158_ID_99-processed-gene-0.50&CDS=1-723, augustus_masked-NODE_70_length_34369_cov_23.842_ID_139-processed-gene-0.48-mRNA-1_1&gene=augustus_masked-NODE_70_length_34369_cov_23.842_ID_139-processed-gene-0.48&CDS=1-2007
OG0000392	YOR084W	maker-NODE_70_length_34369_cov_23.842_ID_139-snap-gene-0.3-mRNA-1_1&gene=maker-NODE_70_length_34369_cov_23.842_ID_139-snap-gene-0.3&CDS=1-402, snap_masked-NODE_70_length_34369_cov_23.842_ID_139-processed-gene-0.29-mRNA-1_1&gene=snap_masked-NODE_70_length_34369_cov_23.842_ID_139-processed-gene-0.29&CDS=1-1152
OG0000393	YOR096W	genemark-NODE_9_length_289189_cov_21.4249_ID_17-processed-gene-1.230-mRNA-1_1&gene=genemark-NODE_9_length_289189_cov_21.4249_ID_17-processed-gene-1.230&CDS=1-552, maker-NODE_42_length_89786_cov_21.7221_ID_83-snap-gene-0.3-mRNA-1_1&gene=maker-NODE_42_length_89786_cov_21.7221_ID_83-snap-gene-0.3&CDS=1-561
OG0000394	YOR109W	snap_masked-NODE_42_length_89786_cov_21.7221_ID_83-processed-gene-0.83-mRNA-1_1&gene=snap_masked-NODE_42_length_89786_cov_21.7221_ID_83-processed-gene-0.83&CDS=1-3303, snap_masked-NODE_9_length_289189_cov_21.4249_ID_17-processed-gene-1.66-mRNA-1_1&gene=snap_masked-NODE_9_length_289189_cov_21.4249_ID_17-processed-gene-1.66&CDS=1-3348
OG0000395	YOR113W	augustus_masked-NODE_42_length_89786_cov_21.7221_ID_83-processed-gene-0.30-mRNA-1_1&gene=augustus_masked-NODE_42_length_89786_cov_21.7221_ID_83-processed-gene-0.30&CDS=1-2091, snap_masked-NODE_9_length_289189_cov_21.4249_ID_17-processed-gene-1.62-mRNA-1_1&gene=snap_masked-NODE_9_length_289189_cov_21.4249_ID_17-processed-gene-1.62&CDS=1-2145
OG0000396	YOR130C	maker-NODE_4_length_372424_cov_21.2575_ID_7-augustus-gene-2.271-mRNA-1_1&gene=maker-NODE_4_length_372424_cov_21.2575_ID_7-augustus-gene-2.271&CDS=1-1161, snap_masked-NODE_64_length_46853_cov_20.8585_ID_127-processed-gene-0.40-mRNA-1_1&gene=snap_masked-NODE_64_length_46853_cov_20.8585_ID_127-processed-gene-0.40&CDS=1-861
OG0000397	YOR171C	snap_masked-NODE_79_length_25970_cov_21.2646_ID_157-processed-gene-0.27-mRNA-1_1&gene=snap_masked-NODE_79_length_25970_cov_21.2646_ID_157-processed-gene-0.27&CDS=1-1755, snap_masked-NODE_94_length_12554_cov_25.0426_ID_187-processed-gene-0.4-mRNA-1_1&gene=snap_masked-NODE_94_length_12554_cov_25.0426_ID_187-processed-gene-0.4&CDS=1-2088
OG0000398	YOR178C	snap_masked-NODE_51_length_67151_cov_20.3142_ID_101-processed-gene-0.23-mRNA-1_1&gene=snap_masked-NODE_51_length_67151_cov_20.3142_ID_101-processed-gene-0.23&CDS=1-1710, snap_masked-NODE_61_length_49157_cov_21.7454_ID_121-processed-gene-0.8-mRNA-1_1&gene=snap_masked-NODE_61_length_49157_cov_21.7454_ID_121-processed-gene-0.8&CDS=1-1980
OG0000399	YOR204W	augustus_masked-NODE_16_length_197293_cov_20.9529_ID_31-processed-gene-0.16-mRNA-1_1&gene=augustus_masked-NODE_16_length_197293_cov_20.9529_ID_31-processed-gene-0.16&CDS=1-1848, snap_masked-NODE_11_length_248256_cov_21.6689_ID_21-processed-gene-0.8-mRNA-1_1&gene=snap_masked-NODE_11_length_248256_cov_21.6689_ID_21-processed-gene-0.8&CDS=1-1806
OG0000400	YOR208W	augustus_masked-NODE_16_length_197293_cov_20.9529_ID_31-processed-gene-0.61-mRNA-1_1&gene=augustus_masked-NODE_16_length_197293_cov_20.9529_ID_31-processed-gene-0.61&CDS=1-2538, snap_masked-NODE_11_length_248256_cov_21.6689_ID_21-processed-gene-0.10-mRNA-1_1&gene=snap_masked-NODE_11_length_248256_cov_21.6689_ID_21-processed-gene-0.10&CDS=1-1833
OG0000401	YOR222W, YPL134C	augustus_masked-NODE_16_length_197293_cov_20.9529_ID_31-processed-gene-0.58-mRNA-1_1&gene=augustus_masked-NODE_16_length_197293_cov_20.9529_ID_31-processed-gene-0.58&CDS=1-1926
OG0000402	YOR229W, YOR230W	maker-NODE_11_length_248256_cov_21.6689_ID_21-snap-gene-0.0-mRNA-1_1&gene=maker-NODE_11_length_248256_cov_21.6689_ID_21-snap-gene-0.0&CDS=1-2523
OG0000403	YOR234C, YPL143W	augustus_masked-NODE_2_length_515064_cov_21.8181_ID_3-processed-gene-0.74-mRNA-1_1&gene=augustus_masked-NODE_2_length_515064_cov_21.8181_ID_3-processed-gene-0.74&CDS=1-321
OG0000404	YOR267C	augustus_masked-NODE_2_length_515064_cov_21.8181_ID_3-processed-gene-0.86-mRNA-1_1&gene=augustus_masked-NODE_2_length_515064_cov_21.8181_ID_3-processed-gene-0.86&CDS=1-1527, snap_masked-NODE_11_length_248256_cov_21.6689_ID_21-processed-gene-1.102-mRNA-1_1&gene=snap_masked-NODE_11_length_248256_cov_21.6689_ID_21-processed-gene-1.102&CDS=1-2121
OG0000405	YOR310C	maker-NODE_10_length_278180_cov_22.5073_ID_19-augustus-gene-1.196-mRNA-1_1&gene=maker-NODE_10_length_278180_cov_22.5073_ID_19-augustus-gene-1.196&CDS=1-2400, snap_masked-NODE_11_length_248256_cov_21.6689_ID_21-processed-gene-1.161-mRNA-1_1&gene=snap_masked-NODE_11_length_248256_cov_21.6689_ID_21-processed-gene-1.161&CDS=1-1533
OG0000406	YOR317W	snap_masked-NODE_10_length_278180_cov_22.5073_ID_19-processed-gene-1.100-mRNA-1_1&gene=snap_masked-NODE_10_length_278180_cov_22.5073_ID_19-processed-gene-1.100&CDS=1-2109, snap_masked-NODE_11_length_248256_cov_21.6689_ID_21-processed-gene-1.125-mRNA-1_1&gene=snap_masked-NODE_11_length_248256_cov_21.6689_ID_21-processed-gene-1.125&CDS=1-2091
OG0000407	YOR326W	augustus_masked-NODE_17_length_190182_cov_22.7835_ID_33-processed-gene-0.94-mRNA-1_1&gene=augustus_masked-NODE_17_length_190182_cov_22.7835_ID_33-processed-gene-0.94&CDS=1-4374, snap_masked-NODE_13_length_242978_cov_21.7015_ID_25-processed-gene-1.144-mRNA-1_1&gene=snap_masked-NODE_13_length_242978_cov_21.7015_ID_25-processed-gene-1.144&CDS=1-4650
OG0000408	YOR338W	snap_masked-NODE_17_length_190182_cov_22.7835_ID_33-processed-gene-0.168-mRNA-1_1&gene=snap_masked-NODE_17_length_190182_cov_22.7835_ID_33-processed-gene-0.168&CDS=1-1026, snap_masked-NODE_31_length_115296_cov_21.7371_ID_61-processed-gene-0.93-mRNA-1_1&gene=snap_masked-NODE_31_length_115296_cov_21.7371_ID_61-processed-gene-0.93&CDS=1-1026
OG0000409	YOR344C	snap_masked-NODE_17_length_190182_cov_22.7835_ID_33-processed-gene-0.213-mRNA-1_1&gene=snap_masked-NODE_17_length_190182_cov_22.7835_ID_33-processed-gene-0.213&CDS=1-720, snap_masked-NODE_22_length_167286_cov_23.0006_ID_43-processed-gene-0.134-mRNA-1_1&gene=snap_masked-NODE_22_length_167286_cov_23.0006_ID_43-processed-gene-0.134&CDS=1-657
OG0000410	YOR390W, YPL279C	snap_masked-NODE_1_length_611906_cov_21.093_ID_1-processed-gene-4.79-mRNA-1_1&gene=snap_masked-NODE_1_length_611906_cov_21.093_ID_1-processed-gene-4.79&CDS=1-966
OG0000411	YPL111W	augustus_masked-NODE_44_length_88190_cov_24.0211_ID_87-processed-gene-0.48-mRNA-1_1&gene=augustus_masked-NODE_44_length_88190_cov_24.0211_ID_87-processed-gene-0.48&CDS=1-1011, snap_masked-NODE_37_length_99903_cov_20.9673_ID_73-processed-gene-0.8-mRNA-1_1&gene=snap_masked-NODE_37_length_99903_cov_20.9673_ID_73-processed-gene-0.8&CDS=1-1944
OG0000412	YPL137C	snap_masked-NODE_11_length_248256_cov_21.6689_ID_21-processed-gene-0.16-mRNA-1_1&gene=snap_masked-NODE_11_length_248256_cov_21.6689_ID_21-processed-gene-0.16&CDS=1-3132, snap_masked-NODE_16_length_197293_cov_20.9529_ID_31-processed-gene-0.160-mRNA-1_1&gene=snap_masked-NODE_16_length_197293_cov_20.9529_ID_31-processed-gene-0.160&CDS=1-3159
OG0000413	YPL169C	snap_masked-NODE_11_length_248256_cov_21.6689_ID_21-processed-gene-0.34-mRNA-1_1&gene=snap_masked-NODE_11_length_248256_cov_21.6689_ID_21-processed-gene-0.34&CDS=1-1737, snap_masked-NODE_2_length_515064_cov_21.8181_ID_3-processed-gene-0.107-mRNA-1_1&gene=snap_masked-NODE_2_length_515064_cov_21.8181_ID_3-processed-gene-0.107&CDS=1-1644
OG0000414	YPL176C	augustus_masked-NODE_11_length_248256_cov_21.6689_ID_21-processed-gene-0.110-mRNA-1_1&gene=augustus_masked-NODE_11_length_248256_cov_21.6689_ID_21-processed-gene-0.110&CDS=1-2181, snap_masked-NODE_2_length_515064_cov_21.8181_ID_3-processed-gene-0.126-mRNA-1_1&gene=snap_masked-NODE_2_length_515064_cov_21.8181_ID_3-processed-gene-0.126&CDS=1-2367
OG0000415	YPL204W	maker-NODE_7_length_294517_cov_21.9556_ID_13-snap-gene-1.304-mRNA-1_1&gene=maker-NODE_7_length_294517_cov_21.9556_ID_13-snap-gene-1.304&CDS=1-2145, snap_masked-NODE_3_length_402036_cov_21.609_ID_5-processed-gene-2.36-mRNA-1_1&gene=snap_masked-NODE_3_length_402036_cov_21.609_ID_5-processed-gene-2.36&CDS=1-1377
OG0000416	YPL221W	augustus_masked-NODE_7_length_294517_cov_21.9556_ID_13-processed-gene-1.131-mRNA-1_1&gene=augustus_masked-NODE_7_length_294517_cov_21.9556_ID_13-processed-gene-1.131&CDS=1-2313, snap_masked-NODE_3_length_402036_cov_21.609_ID_5-processed-gene-2.45-mRNA-1_1&gene=snap_masked-NODE_3_length_402036_cov_21.609_ID_5-processed-gene-2.45&CDS=1-2352
OG0000417	YPR013C, YPR015C	snap_masked-NODE_3_length_402036_cov_21.609_ID_5-processed-gene-0.62-mRNA-1_1&gene=snap_masked-NODE_3_length_402036_cov_21.609_ID_5-processed-gene-0.62&CDS=1-1047
OG0000418	YPR074C	snap_masked-NODE_14_length_224486_cov_20.7905_ID_27-processed-gene-0.20-mRNA-1_1&gene=snap_masked-NODE_14_length_224486_cov_20.7905_ID_27-processed-gene-0.20&CDS=1-2067, snap_masked-NODE_55_length_58048_cov_21.4705_ID_109-processed-gene-0.80-mRNA-1_1&gene=snap_masked-NODE_55_length_58048_cov_21.4705_ID_109-processed-gene-0.80&CDS=1-2034
OG0000419	YPR127W	maker-NODE_30_length_115312_cov_21.4898_ID_59-snap-gene-0.148-mRNA-1_1&gene=maker-NODE_30_length_115312_cov_21.4898_ID_59-snap-gene-0.148&CDS=1-2040, snap_masked-NODE_36_length_103538_cov_22.3022_ID_71-processed-gene-0.69-mRNA-1_1&gene=snap_masked-NODE_36_length_103538_cov_22.3022_ID_71-processed-gene-0.69&CDS=1-1056
OG0000420	YPR149W	augustus_masked-NODE_30_length_115312_cov_21.4898_ID_59-processed-gene-0.76-mRNA-1_1&gene=augustus_masked-NODE_30_length_115312_cov_21.4898_ID_59-processed-gene-0.76&CDS=1-537, augustus_masked-NODE_39_length_94383_cov_19.9911_ID_77-processed-gene-0.82-mRNA-1_1&gene=augustus_masked-NODE_39_length_94383_cov_19.9911_ID_77-processed-gene-0.82&CDS=1-528
OG0000421	YPR159W	snap_masked-NODE_30_length_115312_cov_21.4898_ID_59-processed-gene-0.119-mRNA-1_1&gene=snap_masked-NODE_30_length_115312_cov_21.4898_ID_59-processed-gene-0.119&CDS=1-2172, snap_masked-NODE_39_length_94383_cov_19.9911_ID_77-processed-gene-0.26-mRNA-1_1&gene=snap_masked-NODE_39_length_94383_cov_19.9911_ID_77-processed-gene-0.26&CDS=1-2217
OG0000422	YAL001C	snap_masked-NODE_1_length_611906_cov_21.093_ID_1-processed-gene-0.30-mRNA-1_1&gene=snap_masked-NODE_1_length_611906_cov_21.093_ID_1-processed-gene-0.30&CDS=1-3507
OG0000423	YAL002W	augustus_masked-NODE_1_length_611906_cov_21.093_ID_1-processed-gene-0.47-mRNA-1_1&gene=augustus_masked-NODE_1_length_611906_cov_21.093_ID_1-processed-gene-0.47&CDS=1-3513
OG0000424	YAL003W	snap_masked-NODE_1_length_611906_cov_21.093_ID_1-processed-gene-0.27-mRNA-1_1&gene=snap_masked-NODE_1_length_611906_cov_21.093_ID_1-processed-gene-0.27&CDS=1-624
OG0000425	YAL008W	augustus_masked-NODE_34_length_108161_cov_25.3038_ID_67-processed-gene-0.74-mRNA-1_1&gene=augustus_masked-NODE_34_length_108161_cov_25.3038_ID_67-processed-gene-0.74&CDS=1-633
OG0000426	YAL009W	snap_masked-NODE_34_length_108161_cov_25.3038_ID_67-processed-gene-0.119-mRNA-1_1&gene=snap_masked-NODE_34_length_108161_cov_25.3038_ID_67-processed-gene-0.119&CDS=1-954
OG0000427	YAL010C	snap_masked-NODE_34_length_108161_cov_25.3038_ID_67-processed-gene-0.145-mRNA-1_1&gene=snap_masked-NODE_34_length_108161_cov_25.3038_ID_67-processed-gene-0.145&CDS=1-1257
OG0000428	YAL011W	snap_masked-NODE_34_length_108161_cov_25.3038_ID_67-processed-gene-0.118-mRNA-1_1&gene=snap_masked-NODE_34_length_108161_cov_25.3038_ID_67-processed-gene-0.118&CDS=1-1503
OG0000429	YAL012W	snap_masked-NODE_34_length_108161_cov_25.3038_ID_67-processed-gene-0.117-mRNA-1_1&gene=snap_masked-NODE_34_length_108161_cov_25.3038_ID_67-processed-gene-0.117&CDS=1-1176
OG0000430	YAL013W	snap_masked-NODE_34_length_108161_cov_25.3038_ID_67-processed-gene-0.116-mRNA-1_1&gene=snap_masked-NODE_34_length_108161_cov_25.3038_ID_67-processed-gene-0.116&CDS=1-1557
OG0000431	YAL014C	snap_masked-NODE_34_length_108161_cov_25.3038_ID_67-processed-gene-0.112-mRNA-1_1&gene=snap_masked-NODE_34_length_108161_cov_25.3038_ID_67-processed-gene-0.112&CDS=1-498
OG0000432	YAL015C	snap_masked-NODE_34_length_108161_cov_25.3038_ID_67-processed-gene-0.113-mRNA-1_1&gene=snap_masked-NODE_34_length_108161_cov_25.3038_ID_67-processed-gene-0.113&CDS=1-1242
OG0000433	YAL016W	snap_masked-NODE_13_length_242978_cov_21.7015_ID_25-processed-gene-1.111-mRNA-1_1&gene=snap_masked-NODE_13_length_242978_cov_21.7015_ID_25-processed-gene-1.111&CDS=1-1836
OG0000434	YAL017W	snap_masked-NODE_34_length_108161_cov_25.3038_ID_67-processed-gene-0.141-mRNA-1_1&gene=snap_masked-NODE_34_length_108161_cov_25.3038_ID_67-processed-gene-0.141&CDS=1-4026
OG0000435	YAL018C	snap_masked-NODE_34_length_108161_cov_25.3038_ID_67-processed-gene-0.114-mRNA-1_1&gene=snap_masked-NODE_34_length_108161_cov_25.3038_ID_67-processed-gene-0.114&CDS=1-891
OG0000436	YAL019W	augustus_masked-NODE_34_length_108161_cov_25.3038_ID_67-processed-gene-0.95-mRNA-1_1&gene=augustus_masked-NODE_34_length_108161_cov_25.3038_ID_67-processed-gene-0.95&CDS=1-6282
OG0000437	YAL020C	augustus_masked-NODE_34_length_108161_cov_25.3038_ID_67-processed-gene-0.69-mRNA-1_1&gene=augustus_masked-NODE_34_length_108161_cov_25.3038_ID_67-processed-gene-0.69&CDS=1-1008
OG0000438	YAL021C	snap_masked-NODE_34_length_108161_cov_25.3038_ID_67-processed-gene-0.140-mRNA-1_1&gene=snap_masked-NODE_34_length_108161_cov_25.3038_ID_67-processed-gene-0.140&CDS=1-2292
OG0000439	YAL025C	snap_masked-NODE_13_length_242978_cov_21.7015_ID_25-processed-gene-1.145-mRNA-1_1&gene=snap_masked-NODE_13_length_242978_cov_21.7015_ID_25-processed-gene-1.145&CDS=1-906
OG0000440	YAL026C	maker-NODE_17_length_190182_cov_22.7835_ID_33-snap-gene-0.74-mRNA-1_1&gene=maker-NODE_17_length_190182_cov_22.7835_ID_33-snap-gene-0.74&CDS=1-8307
OG0000441	YAL027W	snap_masked-NODE_17_length_190182_cov_22.7835_ID_33-processed-gene-0.209-mRNA-1_1&gene=snap_masked-NODE_17_length_190182_cov_22.7835_ID_33-processed-gene-0.209&CDS=1-462
OG0000442	YAL028W	snap_masked-NODE_17_length_190182_cov_22.7835_ID_33-processed-gene-0.210-mRNA-1_1&gene=snap_masked-NODE_17_length_190182_cov_22.7835_ID_33-processed-gene-0.210&CDS=1-1506
OG0000443	YAL031C	augustus_masked-NODE_17_length_190182_cov_22.7835_ID_33-processed-gene-0.95-mRNA-1_1&gene=augustus_masked-NODE_17_length_190182_cov_22.7835_ID_33-processed-gene-0.95&CDS=1-2565
OG0000444	YAL032C	augustus_masked-NODE_17_length_190182_cov_22.7835_ID_33-processed-gene-0.96-mRNA-1_1&gene=augustus_masked-NODE_17_length_190182_cov_22.7835_ID_33-processed-gene-0.96&CDS=1-1080
OG0000445	YAL033W	snap_masked-NODE_17_length_190182_cov_22.7835_ID_33-processed-gene-0.211-mRNA-1_1&gene=snap_masked-NODE_17_length_190182_cov_22.7835_ID_33-processed-gene-0.211&CDS=1-498
OG0000446	YAL034W-A	snap_masked-NODE_17_length_190182_cov_22.7835_ID_33-processed-gene-0.212-mRNA-1_1&gene=snap_masked-NODE_17_length_190182_cov_22.7835_ID_33-processed-gene-0.212&CDS=1-786
OG0000447	YAL035W	snap_masked-NODE_22_length_167286_cov_23.0006_ID_43-processed-gene-0.132-mRNA-1_1&gene=snap_masked-NODE_22_length_167286_cov_23.0006_ID_43-processed-gene-0.132&CDS=1-2934
OG0000448	YAL036C	snap_masked-NODE_17_length_190182_cov_22.7835_ID_33-processed-gene-0.170-mRNA-1_1&gene=snap_masked-NODE_17_length_190182_cov_22.7835_ID_33-processed-gene-0.170&CDS=1-1110
OG0000449	YAL039C	snap_masked-NODE_17_length_190182_cov_22.7835_ID_33-processed-gene-0.171-mRNA-1_1&gene=snap_masked-NODE_17_length_190182_cov_22.7835_ID_33-processed-gene-0.171&CDS=1-765
OG0000450	YAL043C	augustus_masked-NODE_17_length_190182_cov_22.7835_ID_33-processed-gene-0.101-mRNA-1_1&gene=augustus_masked-NODE_17_length_190182_cov_22.7835_ID_33-processed-gene-0.101&CDS=1-3006
OG0000451	YAL044W-A	augustus_masked-NODE_17_length_190182_cov_22.7835_ID_33-processed-gene-0.134-mRNA-1_1&gene=augustus_masked-NODE_17_length_190182_cov_22.7835_ID_33-processed-gene-0.134&CDS=1-354
OG0000452	YAL046C	snap_masked-NODE_33_length_108832_cov_20.4996_ID_65-processed-gene-0.85-mRNA-1_1&gene=snap_masked-NODE_33_length_108832_cov_20.4996_ID_65-processed-gene-0.85&CDS=1-195
OG0000453	YAL047C	snap_masked-NODE_33_length_108832_cov_20.4996_ID_65-processed-gene-0.84-mRNA-1_1&gene=snap_masked-NODE_33_length_108832_cov_20.4996_ID_65-processed-gene-0.84&CDS=1-2550
OG0000454	YAL048C	snap_masked-NODE_33_length_108832_cov_20.4996_ID_65-processed-gene-0.83-mRNA-1_1&gene=snap_masked-NODE_33_length_108832_cov_20.4996_ID_65-processed-gene-0.83&CDS=1-2016
OG0000455	YAL051W	augustus_masked-NODE_33_length_108832_cov_20.4996_ID_65-processed-gene-0.112-mRNA-1_1&gene=augustus_masked-NODE_33_length_108832_cov_20.4996_ID_65-processed-gene-0.112&CDS=1-3270
OG0000456	YAL053W	snap_masked-NODE_33_length_108832_cov_20.4996_ID_65-processed-gene-0.59-mRNA-1_1&gene=snap_masked-NODE_33_length_108832_cov_20.4996_ID_65-processed-gene-0.59&CDS=1-2781
OG0000457	YAL059W	snap_masked-NODE_33_length_108832_cov_20.4996_ID_65-processed-gene-0.57-mRNA-1_1&gene=snap_masked-NODE_33_length_108832_cov_20.4996_ID_65-processed-gene-0.57&CDS=1-537
OG0000458	YAR002C-A	augustus_masked-NODE_1_length_611906_cov_21.093_ID_1-processed-gene-0.65-mRNA-1_1&gene=augustus_masked-NODE_1_length_611906_cov_21.093_ID_1-processed-gene-0.65&CDS=1-663
OG0000459	YAR002W	snap_masked-NODE_1_length_611906_cov_21.093_ID_1-processed-gene-0.4-mRNA-1_1&gene=snap_masked-NODE_1_length_611906_cov_21.093_ID_1-processed-gene-0.4&CDS=1-1563
OG0000460	YAR003W	augustus_masked-NODE_1_length_611906_cov_21.093_ID_1-processed-gene-0.45-mRNA-1_1&gene=augustus_masked-NODE_1_length_611906_cov_21.093_ID_1-processed-gene-0.45&CDS=1-1332
OG0000461	YAR007C	snap_masked-NODE_1_length_611906_cov_21.093_ID_1-processed-gene-0.6-mRNA-1_1&gene=snap_masked-NODE_1_length_611906_cov_21.093_ID_1-processed-gene-0.6&CDS=1-1845
OG0000462	YAR008W	augustus_masked-NODE_1_length_611906_cov_21.093_ID_1-processed-gene-0.67-mRNA-1_1&gene=augustus_masked-NODE_1_length_611906_cov_21.093_ID_1-processed-gene-0.67&CDS=1-900
OG0000463	YAR014C	snap_masked-NODE_8_length_292075_cov_22.5245_ID_15-processed-gene-0.32-mRNA-1_1&gene=snap_masked-NODE_8_length_292075_cov_22.5245_ID_15-processed-gene-0.32&CDS=1-2106
OG0000464	YAR018C	snap_masked-NODE_8_length_292075_cov_22.5245_ID_15-processed-gene-0.33-mRNA-1_1&gene=snap_masked-NODE_8_length_292075_cov_22.5245_ID_15-processed-gene-0.33&CDS=1-1182
OG0000465	YAR019C	snap_masked-NODE_8_length_292075_cov_22.5245_ID_15-processed-gene-0.34-mRNA-1_1&gene=snap_masked-NODE_8_length_292075_cov_22.5245_ID_15-processed-gene-0.34&CDS=1-2811
OG0000466	YBL001C	snap_masked-NODE_1_length_611906_cov_21.093_ID_1-processed-gene-5.133-mRNA-1_1&gene=snap_masked-NODE_1_length_611906_cov_21.093_ID_1-processed-gene-5.133&CDS=1-321
OG0000467	YBL004W	snap_masked-NODE_1_length_611906_cov_21.093_ID_1-processed-gene-5.128-mRNA-1_1&gene=snap_masked-NODE_1_length_611906_cov_21.093_ID_1-processed-gene-5.128&CDS=1-7440
OG0000468	YBL010C	snap_masked-NODE_23_length_135800_cov_19.7169_ID_45-processed-gene-0.11-mRNA-1_1&gene=snap_masked-NODE_23_length_135800_cov_19.7169_ID_45-processed-gene-0.11&CDS=1-855
OG0000469	YBL011W	maker-NODE_23_length_135800_cov_19.7169_ID_45-augustus-gene-0.0-mRNA-1_1&gene=maker-NODE_23_length_135800_cov_19.7169_ID_45-augustus-gene-0.0&CDS=1-7476
OG0000470	YBL014C	augustus_masked-NODE_23_length_135800_cov_19.7169_ID_45-processed-gene-0.90-mRNA-1_1&gene=augustus_masked-NODE_23_length_135800_cov_19.7169_ID_45-processed-gene-0.90&CDS=1-2634
OG0000471	YBL015W	maker-NODE_5_length_371082_cov_21.955_ID_9-augustus-gene-2.1-mRNA-1_1&gene=maker-NODE_5_length_371082_cov_21.955_ID_9-augustus-gene-2.1&CDS=1-2655
OG0000472	YBL019W	augustus_masked-NODE_5_length_371082_cov_21.955_ID_9-processed-gene-2.105-mRNA-1_1&gene=augustus_masked-NODE_5_length_371082_cov_21.955_ID_9-processed-gene-2.105&CDS=1-1605
OG0000473	YBL020W	snap_masked-NODE_5_length_371082_cov_21.955_ID_9-processed-gene-2.31-mRNA-1_1&gene=snap_masked-NODE_5_length_371082_cov_21.955_ID_9-processed-gene-2.31&CDS=1-1674
OG0000474	YBL021C	snap_masked-NODE_5_length_371082_cov_21.955_ID_9-processed-gene-2.64-mRNA-1_1&gene=snap_masked-NODE_5_length_371082_cov_21.955_ID_9-processed-gene-2.64&CDS=1-579
OG0000475	YBL022C	snap_masked-NODE_5_length_371082_cov_21.955_ID_9-processed-gene-2.63-mRNA-1_1&gene=snap_masked-NODE_5_length_371082_cov_21.955_ID_9-processed-gene-2.63&CDS=1-3357
OG0000476	YBL023C	snap_masked-NODE_5_length_371082_cov_21.955_ID_9-processed-gene-2.62-mRNA-1_1&gene=snap_masked-NODE_5_length_371082_cov_21.955_ID_9-processed-gene-2.62&CDS=1-2634
OG0000477	YBL025W	snap_masked-NODE_5_length_371082_cov_21.955_ID_9-processed-gene-2.29-mRNA-1_1&gene=snap_masked-NODE_5_length_371082_cov_21.955_ID_9-processed-gene-2.29&CDS=1-483
OG0000478	YBL026W	maker-NODE_3_length_402036_cov_21.609_ID_5-snap-gene-0.38-mRNA-1_1&gene=maker-NODE_3_length_402036_cov_21.609_ID_5-snap-gene-0.38&CDS=1-285
OG0000479	YBL028C	snap_masked-NODE_2_length_515064_cov_21.8181_ID_3-processed-gene-2.157-mRNA-1_1&gene=snap_masked-NODE_2_length_515064_cov_21.8181_ID_3-processed-gene-2.157&CDS=1-303
OG0000480	YBL029C-A	augustus_masked-NODE_2_length_515064_cov_21.8181_ID_3-processed-gene-2.102-mRNA-1_1&gene=augustus_masked-NODE_2_length_515064_cov_21.8181_ID_3-processed-gene-2.102&CDS=1-279
OG0000481	YBL029W	snap_masked-NODE_2_length_515064_cov_21.8181_ID_3-processed-gene-2.132-mRNA-1_1&gene=snap_masked-NODE_2_length_515064_cov_21.8181_ID_3-processed-gene-2.132&CDS=1-1038
OG0000482	YBL031W	augustus_masked-NODE_2_length_515064_cov_21.8181_ID_3-processed-gene-2.81-mRNA-1_1&gene=augustus_masked-NODE_2_length_515064_cov_21.8181_ID_3-processed-gene-2.81&CDS=1-873
OG0000483	YBL032W	augustus_masked-NODE_2_length_515064_cov_21.8181_ID_3-processed-gene-2.80-mRNA-1_1&gene=augustus_masked-NODE_2_length_515064_cov_21.8181_ID_3-processed-gene-2.80&CDS=1-1302
OG0000484	YBL033C	genemark-NODE_2_length_515064_cov_21.8181_ID_3-processed-gene-2.51-mRNA-1_1&gene=genemark-NODE_2_length_515064_cov_21.8181_ID_3-processed-gene-2.51&CDS=1-897
OG0000485	YBL034C	snap_masked-NODE_2_length_515064_cov_21.8181_ID_3-processed-gene-2.156-mRNA-1_1&gene=snap_masked-NODE_2_length_515064_cov_21.8181_ID_3-processed-gene-2.156&CDS=1-4305
OG0000486	YBL035C	snap_masked-NODE_2_length_515064_cov_21.8181_ID_3-processed-gene-2.155-mRNA-1_1&gene=snap_masked-NODE_2_length_515064_cov_21.8181_ID_3-processed-gene-2.155&CDS=1-2001
OG0000487	YBL036C	snap_masked-NODE_65_length_46413_cov_20.6311_ID_129-processed-gene-0.18-mRNA-1_1&gene=snap_masked-NODE_65_length_46413_cov_20.6311_ID_129-processed-gene-0.18&CDS=1-744
OG0000488	YBL037W	snap_masked-NODE_2_length_515064_cov_21.8181_ID_3-processed-gene-2.128-mRNA-1_1&gene=snap_masked-NODE_2_length_515064_cov_21.8181_ID_3-processed-gene-2.128&CDS=1-3069
OG0000489	YBL038W	snap_masked-NODE_2_length_515064_cov_21.8181_ID_3-processed-gene-2.127-mRNA-1_1&gene=snap_masked-NODE_2_length_515064_cov_21.8181_ID_3-processed-gene-2.127&CDS=1-648
OG0000490	YBL039C	augustus_masked-NODE_17_length_190182_cov_22.7835_ID_33-processed-gene-0.82-mRNA-1_1&gene=augustus_masked-NODE_17_length_190182_cov_22.7835_ID_33-processed-gene-0.82&CDS=1-1731
OG0000491	YBL039W-B	snap_masked-NODE_17_length_190182_cov_22.7835_ID_33-processed-gene-0.195-mRNA-1_1&gene=snap_masked-NODE_17_length_190182_cov_22.7835_ID_33-processed-gene-0.195&CDS=1-183
OG0000492	YBL040C	snap_masked-NODE_17_length_190182_cov_22.7835_ID_33-processed-gene-0.149-mRNA-1_1&gene=snap_masked-NODE_17_length_190182_cov_22.7835_ID_33-processed-gene-0.149&CDS=1-654
OG0000493	YBL041W	snap_masked-NODE_17_length_190182_cov_22.7835_ID_33-processed-gene-0.196-mRNA-1_1&gene=snap_masked-NODE_17_length_190182_cov_22.7835_ID_33-processed-gene-0.196&CDS=1-723
OG0000494	YBL045C	snap_masked-NODE_17_length_190182_cov_22.7835_ID_33-processed-gene-0.151-mRNA-1_1&gene=snap_masked-NODE_17_length_190182_cov_22.7835_ID_33-processed-gene-0.151&CDS=1-1269
OG0000495	YBL046W	augustus_masked-NODE_17_length_190182_cov_22.7835_ID_33-processed-gene-0.122-mRNA-1_1&gene=augustus_masked-NODE_17_length_190182_cov_22.7835_ID_33-processed-gene-0.122&CDS=1-873
OG0000496	YBL047C	snap_masked-NODE_17_length_190182_cov_22.7835_ID_33-processed-gene-0.152-mRNA-1_1&gene=snap_masked-NODE_17_length_190182_cov_22.7835_ID_33-processed-gene-0.152&CDS=1-3711
OG0000497	YBL049W	snap_masked-NODE_17_length_190182_cov_22.7835_ID_33-processed-gene-0.198-mRNA-1_1&gene=snap_masked-NODE_17_length_190182_cov_22.7835_ID_33-processed-gene-0.198&CDS=1-546
OG0000498	YBL050W	augustus_masked-NODE_17_length_190182_cov_22.7835_ID_33-processed-gene-0.124-mRNA-1_1&gene=augustus_masked-NODE_17_length_190182_cov_22.7835_ID_33-processed-gene-0.124&CDS=1-876
OG0000499	YBL051C	snap_masked-NODE_6_length_297843_cov_20.8202_ID_11-processed-gene-1.114-mRNA-1_1&gene=snap_masked-NODE_6_length_297843_cov_20.8202_ID_11-processed-gene-1.114&CDS=1-1926
OG0000500	YBL055C	snap_masked-NODE_6_length_297843_cov_20.8202_ID_11-processed-gene-1.117-mRNA-1_1&gene=snap_masked-NODE_6_length_297843_cov_20.8202_ID_11-processed-gene-1.117&CDS=1-1131
OG0000501	YBL057C	augustus_masked-NODE_6_length_297843_cov_20.8202_ID_11-processed-gene-1.23-mRNA-1_1&gene=augustus_masked-NODE_6_length_297843_cov_20.8202_ID_11-processed-gene-1.23&CDS=1-633
OG0000502	YBL058W	maker-NODE_6_length_297843_cov_20.8202_ID_11-augustus-gene-1.3-mRNA-1_1&gene=maker-NODE_6_length_297843_cov_20.8202_ID_11-augustus-gene-1.3&CDS=1-1398
OG0000503	YBL059C-A	augustus_masked-NODE_6_length_297843_cov_20.8202_ID_11-processed-gene-1.24-mRNA-1_1&gene=augustus_masked-NODE_6_length_297843_cov_20.8202_ID_11-processed-gene-1.24&CDS=1-315
OG0000504	YBL059W	maker-NODE_38_length_96637_cov_19.6807_ID_75-augustus-gene-0.48-mRNA-1_1&gene=maker-NODE_38_length_96637_cov_19.6807_ID_75-augustus-gene-0.48&CDS=1-390
OG0000505	YBL060W	snap_masked-NODE_6_length_297843_cov_20.8202_ID_11-processed-gene-1.164-mRNA-1_1&gene=snap_masked-NODE_6_length_297843_cov_20.8202_ID_11-processed-gene-1.164&CDS=1-1878
OG0000506	YBL061C	snap_masked-NODE_6_length_297843_cov_20.8202_ID_11-processed-gene-1.119-mRNA-1_1&gene=snap_masked-NODE_6_length_297843_cov_20.8202_ID_11-processed-gene-1.119&CDS=1-2097
OG0000507	YBL063W	augustus_masked-NODE_6_length_297843_cov_20.8202_ID_11-processed-gene-1.71-mRNA-1_1&gene=augustus_masked-NODE_6_length_297843_cov_20.8202_ID_11-processed-gene-1.71&CDS=1-3423
OG0000508	YBL066C	snap_masked-NODE_6_length_297843_cov_20.8202_ID_11-processed-gene-1.120-mRNA-1_1&gene=snap_masked-NODE_6_length_297843_cov_20.8202_ID_11-processed-gene-1.120&CDS=1-3111
OG0000509	YBL071W-A	snap_masked-NODE_6_length_297843_cov_20.8202_ID_11-processed-gene-1.167-mRNA-1_1&gene=snap_masked-NODE_6_length_297843_cov_20.8202_ID_11-processed-gene-1.167&CDS=1-249
OG0000510	YBL074C	snap_masked-NODE_38_length_96637_cov_19.6807_ID_75-processed-gene-0.130-mRNA-1_1&gene=snap_masked-NODE_38_length_96637_cov_19.6807_ID_75-processed-gene-0.130&CDS=1-1104
OG0000511	YBL076C	snap_masked-NODE_6_length_297843_cov_20.8202_ID_11-processed-gene-1.124-mRNA-1_1&gene=snap_masked-NODE_6_length_297843_cov_20.8202_ID_11-processed-gene-1.124&CDS=1-3216
OG0000512	YBL078C	snap_masked-NODE_6_length_297843_cov_20.8202_ID_11-processed-gene-1.125-mRNA-1_1&gene=snap_masked-NODE_6_length_297843_cov_20.8202_ID_11-processed-gene-1.125&CDS=1-351
OG0000513	YBL079W	snap_masked-NODE_6_length_297843_cov_20.8202_ID_11-processed-gene-1.168-mRNA-1_1&gene=snap_masked-NODE_6_length_297843_cov_20.8202_ID_11-processed-gene-1.168&CDS=1-4413
OG0000514	YBL080C	snap_masked-NODE_6_length_297843_cov_20.8202_ID_11-processed-gene-1.126-mRNA-1_1&gene=snap_masked-NODE_6_length_297843_cov_20.8202_ID_11-processed-gene-1.126&CDS=1-1611
OG0000515	YBL082C	genemark-NODE_6_length_297843_cov_20.8202_ID_11-processed-gene-1.266-mRNA-1_1&gene=genemark-NODE_6_length_297843_cov_20.8202_ID_11-processed-gene-1.266&CDS=1-1332
OG0000516	YBL084C	snap_masked-NODE_6_length_297843_cov_20.8202_ID_11-processed-gene-1.127-mRNA-1_1&gene=snap_masked-NODE_6_length_297843_cov_20.8202_ID_11-processed-gene-1.127&CDS=1-2142
OG0000517	YBL086C	snap_masked-NODE_6_length_297843_cov_20.8202_ID_11-processed-gene-1.128-mRNA-1_1&gene=snap_masked-NODE_6_length_297843_cov_20.8202_ID_11-processed-gene-1.128&CDS=1-1263
OG0000518	YBL088C	genemark-NODE_6_length_297843_cov_20.8202_ID_11-processed-gene-1.227-mRNA-1_1&gene=genemark-NODE_6_length_297843_cov_20.8202_ID_11-processed-gene-1.227&CDS=1-7398
OG0000519	YBL090W	snap_masked-NODE_38_length_96637_cov_19.6807_ID_75-processed-gene-0.95-mRNA-1_1&gene=snap_masked-NODE_38_length_96637_cov_19.6807_ID_75-processed-gene-0.95&CDS=1-513
OG0000520	YBL091C	snap_masked-NODE_38_length_96637_cov_19.6807_ID_75-processed-gene-0.122-mRNA-1_1&gene=snap_masked-NODE_38_length_96637_cov_19.6807_ID_75-processed-gene-0.122&CDS=1-1248
OG0000521	YBL093C	genemark-NODE_38_length_96637_cov_19.6807_ID_75-processed-gene-0.30-mRNA-1_1&gene=genemark-NODE_38_length_96637_cov_19.6807_ID_75-processed-gene-0.30&CDS=1-624
OG0000522	YBL095W	snap_masked-NODE_4_length_372424_cov_21.2575_ID_7-processed-gene-1.9-mRNA-1_1&gene=snap_masked-NODE_4_length_372424_cov_21.2575_ID_7-processed-gene-1.9&CDS=1-759
OG0000523	YBL097W	snap_masked-NODE_4_length_372424_cov_21.2575_ID_7-processed-gene-1.8-mRNA-1_1&gene=snap_masked-NODE_4_length_372424_cov_21.2575_ID_7-processed-gene-1.8&CDS=1-2358
OG0000524	YBL099W	snap_masked-NODE_4_length_372424_cov_21.2575_ID_7-processed-gene-1.7-mRNA-1_1&gene=snap_masked-NODE_4_length_372424_cov_21.2575_ID_7-processed-gene-1.7&CDS=1-1659
OG0000525	YBL101C	snap_masked-NODE_4_length_372424_cov_21.2575_ID_7-processed-gene-1.33-mRNA-1_1&gene=snap_masked-NODE_4_length_372424_cov_21.2575_ID_7-processed-gene-1.33&CDS=1-2886
OG0000526	YBL102W	augustus_masked-NODE_4_length_372424_cov_21.2575_ID_7-processed-gene-1.52-mRNA-1_1&gene=augustus_masked-NODE_4_length_372424_cov_21.2575_ID_7-processed-gene-1.52&CDS=1-651
OG0000527	YBL103C	snap_masked-NODE_4_length_372424_cov_21.2575_ID_7-processed-gene-1.31-mRNA-1_1&gene=snap_masked-NODE_4_length_372424_cov_21.2575_ID_7-processed-gene-1.31&CDS=1-1182
OG0000528	YBL104C	maker-NODE_4_length_372424_cov_21.2575_ID_7-augustus-gene-1.95-mRNA-1_1&gene=maker-NODE_4_length_372424_cov_21.2575_ID_7-augustus-gene-1.95&CDS=1-5292
OG0000529	YBL107C	snap_masked-NODE_4_length_372424_cov_21.2575_ID_7-processed-gene-1.27-mRNA-1_1&gene=snap_masked-NODE_4_length_372424_cov_21.2575_ID_7-processed-gene-1.27&CDS=1-606
OG0000530	YBR002C	snap_masked-NODE_1_length_611906_cov_21.093_ID_1-processed-gene-5.127-mRNA-1_1&gene=snap_masked-NODE_1_length_611906_cov_21.093_ID_1-processed-gene-5.127&CDS=1-897
OG0000531	YBR003W	maker-NODE_1_length_611906_cov_21.093_ID_1-augustus-gene-4.157-mRNA-1_1&gene=maker-NODE_1_length_611906_cov_21.093_ID_1-augustus-gene-4.157&CDS=1-2010
OG0000532	YBR004C	augustus_masked-NODE_8_length_292075_cov_22.5245_ID_15-processed-gene-0.40-mRNA-1_1&gene=augustus_masked-NODE_8_length_292075_cov_22.5245_ID_15-processed-gene-0.40&CDS=1-1248
OG0000533	YBR006W	snap_masked-NODE_8_length_292075_cov_22.5245_ID_15-processed-gene-0.19-mRNA-1_1&gene=snap_masked-NODE_8_length_292075_cov_22.5245_ID_15-processed-gene-0.19&CDS=1-1488
OG0000534	YBR007C	augustus_masked-NODE_8_length_292075_cov_22.5245_ID_15-processed-gene-0.39-mRNA-1_1&gene=augustus_masked-NODE_8_length_292075_cov_22.5245_ID_15-processed-gene-0.39&CDS=1-2262
OG0000535	YBR011C	snap_masked-NODE_1_length_611906_cov_21.093_ID_1-processed-gene-4.88-mRNA-1_1&gene=snap_masked-NODE_1_length_611906_cov_21.093_ID_1-processed-gene-4.88&CDS=1-861
OG0000536	YBR017C	maker-NODE_8_length_292075_cov_22.5245_ID_15-snap-gene-0.2-mRNA-1_1&gene=maker-NODE_8_length_292075_cov_22.5245_ID_15-snap-gene-0.2&CDS=1-3726
OG0000537	YBR018C	snap_masked-NODE_1_length_611906_cov_21.093_ID_1-processed-gene-5.168-mRNA-1_1&gene=snap_masked-NODE_1_length_611906_cov_21.093_ID_1-processed-gene-5.168&CDS=1-1095
OG0000538	YBR026C	snap_masked-NODE_1_length_611906_cov_21.093_ID_1-processed-gene-5.173-mRNA-1_1&gene=snap_masked-NODE_1_length_611906_cov_21.093_ID_1-processed-gene-5.173&CDS=1-1143
OG0000539	YBR028C	snap_masked-NODE_1_length_611906_cov_21.093_ID_1-processed-gene-4.83-mRNA-1_1&gene=snap_masked-NODE_1_length_611906_cov_21.093_ID_1-processed-gene-4.83&CDS=1-1494
OG0000540	YBR029C	snap_masked-NODE_1_length_611906_cov_21.093_ID_1-processed-gene-4.82-mRNA-1_1&gene=snap_masked-NODE_1_length_611906_cov_21.093_ID_1-processed-gene-4.82&CDS=1-1311
OG0000541	YBR030W	snap_masked-NODE_1_length_611906_cov_21.093_ID_1-processed-gene-4.103-mRNA-1_1&gene=snap_masked-NODE_1_length_611906_cov_21.093_ID_1-processed-gene-4.103&CDS=1-1047
OG0000542	YBR034C	snap_masked-NODE_20_length_173093_cov_21.6662_ID_39-processed-gene-0.150-mRNA-1_1&gene=snap_masked-NODE_20_length_173093_cov_21.6662_ID_39-processed-gene-0.150&CDS=1-1044
OG0000543	YBR035C	snap_masked-NODE_20_length_173093_cov_21.6662_ID_39-processed-gene-0.151-mRNA-1_1&gene=snap_masked-NODE_20_length_173093_cov_21.6662_ID_39-processed-gene-0.151&CDS=1-684
OG0000544	YBR036C	snap_masked-NODE_1_length_611906_cov_21.093_ID_1-processed-gene-5.139-mRNA-1_1&gene=snap_masked-NODE_1_length_611906_cov_21.093_ID_1-processed-gene-5.139&CDS=1-1155
OG0000545	YBR038W	maker-NODE_1_length_611906_cov_21.093_ID_1-augustus-gene-5.196-mRNA-1_1&gene=maker-NODE_1_length_611906_cov_21.093_ID_1-augustus-gene-5.196&CDS=1-3417
OG0000546	YBR039W	snap_masked-NODE_50_length_70364_cov_20.7158_ID_99-processed-gene-0.88-mRNA-1_1&gene=snap_masked-NODE_50_length_70364_cov_20.7158_ID_99-processed-gene-0.88&CDS=1-912
OG0000547	YBR041W	augustus_masked-NODE_50_length_70364_cov_20.7158_ID_99-processed-gene-0.58-mRNA-1_1&gene=augustus_masked-NODE_50_length_70364_cov_20.7158_ID_99-processed-gene-0.58&CDS=1-2850
OG0000548	YBR042C	snap_masked-NODE_50_length_70364_cov_20.7158_ID_99-processed-gene-0.69-mRNA-1_1&gene=snap_masked-NODE_50_length_70364_cov_20.7158_ID_99-processed-gene-0.69&CDS=1-1209
OG0000549	YBR047W	snap_masked-NODE_10_length_278180_cov_22.5073_ID_19-processed-gene-0.21-mRNA-1_1&gene=snap_masked-NODE_10_length_278180_cov_22.5073_ID_19-processed-gene-0.21&CDS=1-549
OG0000550	YBR053C	snap_masked-NODE_10_length_278180_cov_22.5073_ID_19-processed-gene-0.52-mRNA-1_1&gene=snap_masked-NODE_10_length_278180_cov_22.5073_ID_19-processed-gene-0.52&CDS=1-1032
OG0000551	YBR056W	snap_masked-NODE_10_length_278180_cov_22.5073_ID_19-processed-gene-0.53-mRNA-1_1&gene=snap_masked-NODE_10_length_278180_cov_22.5073_ID_19-processed-gene-0.53&CDS=1-1521
OG0000552	YBR057C	snap_masked-NODE_10_length_278180_cov_22.5073_ID_19-processed-gene-0.23-mRNA-1_1&gene=snap_masked-NODE_10_length_278180_cov_22.5073_ID_19-processed-gene-0.23&CDS=1-690
OG0000553	YBR058C	augustus_masked-NODE_10_length_278180_cov_22.5073_ID_19-processed-gene-0.75-mRNA-1_1&gene=augustus_masked-NODE_10_length_278180_cov_22.5073_ID_19-processed-gene-0.75&CDS=1-2445
OG0000554	YBR060C	snap_masked-NODE_10_length_278180_cov_22.5073_ID_19-processed-gene-0.28-mRNA-1_1&gene=snap_masked-NODE_10_length_278180_cov_22.5073_ID_19-processed-gene-0.28&CDS=1-2112
OG0000555	YBR061C	snap_masked-NODE_10_length_278180_cov_22.5073_ID_19-processed-gene-0.27-mRNA-1_1&gene=snap_masked-NODE_10_length_278180_cov_22.5073_ID_19-processed-gene-0.27&CDS=1-927
OG0000556	YBR065C	maker-NODE_10_length_278180_cov_22.5073_ID_19-augustus-gene-0.2-mRNA-1_1&gene=maker-NODE_10_length_278180_cov_22.5073_ID_19-augustus-gene-0.2&CDS=1-1452
OG0000557	YBR067C	augustus_masked-NODE_10_length_278180_cov_22.5073_ID_19-processed-gene-0.98-mRNA-1_1&gene=augustus_masked-NODE_10_length_278180_cov_22.5073_ID_19-processed-gene-0.98&CDS=1-675
OG0000558	YBR070C	snap_masked-NODE_1_length_611906_cov_21.093_ID_1-processed-gene-4.62-mRNA-1_1&gene=snap_masked-NODE_1_length_611906_cov_21.093_ID_1-processed-gene-4.62&CDS=1-690
OG0000559	YBR071W	snap_masked-NODE_1_length_611906_cov_21.093_ID_1-processed-gene-4.60-mRNA-1_1&gene=snap_masked-NODE_1_length_611906_cov_21.093_ID_1-processed-gene-4.60&CDS=1-633
OG0000560	YBR073W	genemark-NODE_2_length_515064_cov_21.8181_ID_3-processed-gene-1.13-mRNA-1_1&gene=genemark-NODE_2_length_515064_cov_21.8181_ID_3-processed-gene-1.13&CDS=1-5052
OG0000561	YBR077C	snap_masked-NODE_2_length_515064_cov_21.8181_ID_3-processed-gene-1.114-mRNA-1_1&gene=snap_masked-NODE_2_length_515064_cov_21.8181_ID_3-processed-gene-1.114&CDS=1-477
OG0000562	YBR080C	augustus_masked-NODE_2_length_515064_cov_21.8181_ID_3-processed-gene-1.74-mRNA-1_1&gene=augustus_masked-NODE_2_length_515064_cov_21.8181_ID_3-processed-gene-1.74&CDS=1-5097
OG0000563	YBR081C	snap_masked-NODE_2_length_515064_cov_21.8181_ID_3-processed-gene-1.118-mRNA-1_1&gene=snap_masked-NODE_2_length_515064_cov_21.8181_ID_3-processed-gene-1.118&CDS=1-3909
OG0000564	YBR085C-A	snap_masked-NODE_65_length_46413_cov_20.6311_ID_129-processed-gene-0.3-mRNA-1_1&gene=snap_masked-NODE_65_length_46413_cov_20.6311_ID_129-processed-gene-0.3&CDS=1-255
OG0000565	YBR085W	snap_masked-NODE_2_length_515064_cov_21.8181_ID_3-processed-gene-1.100-mRNA-1_1&gene=snap_masked-NODE_2_length_515064_cov_21.8181_ID_3-processed-gene-1.100&CDS=1-912
OG0000566	YBR087W	snap_masked-NODE_2_length_515064_cov_21.8181_ID_3-processed-gene-2.154-mRNA-1_1&gene=snap_masked-NODE_2_length_515064_cov_21.8181_ID_3-processed-gene-2.154&CDS=1-1068
OG0000567	YBR088C	snap_masked-NODE_65_length_46413_cov_20.6311_ID_129-processed-gene-0.1-mRNA-1_1&gene=snap_masked-NODE_65_length_46413_cov_20.6311_ID_129-processed-gene-0.1&CDS=1-774
OG0000568	YBR091C	genemark-NODE_19_length_179553_cov_20.8368_ID_37-processed-gene-0.222-mRNA-1_1&gene=genemark-NODE_19_length_179553_cov_20.8368_ID_37-processed-gene-0.222&CDS=1-240
OG0000569	YBR094W	snap_masked-NODE_19_length_179553_cov_20.8368_ID_37-processed-gene-0.80-mRNA-1_1&gene=snap_masked-NODE_19_length_179553_cov_20.8368_ID_37-processed-gene-0.80&CDS=1-2184
OG0000570	YBR095C	maker-NODE_19_length_179553_cov_20.8368_ID_37-snap-gene-0.176-mRNA-1_1&gene=maker-NODE_19_length_179553_cov_20.8368_ID_37-snap-gene-0.176&CDS=1-1125
OG0000571	YBR096W	snap_masked-NODE_19_length_179553_cov_20.8368_ID_37-processed-gene-0.81-mRNA-1_1&gene=snap_masked-NODE_19_length_179553_cov_20.8368_ID_37-processed-gene-0.81&CDS=1-690
OG0000572	YBR097W	snap_masked-NODE_19_length_179553_cov_20.8368_ID_37-processed-gene-0.82-mRNA-1_1&gene=snap_masked-NODE_19_length_179553_cov_20.8368_ID_37-processed-gene-0.82&CDS=1-4356
OG0000573	YBR098W	snap_masked-NODE_19_length_179553_cov_20.8368_ID_37-processed-gene-0.83-mRNA-1_1&gene=snap_masked-NODE_19_length_179553_cov_20.8368_ID_37-processed-gene-0.83&CDS=1-2016
OG0000574	YBR101C	snap_masked-NODE_19_length_179553_cov_20.8368_ID_37-processed-gene-0.132-mRNA-1_1&gene=snap_masked-NODE_19_length_179553_cov_20.8368_ID_37-processed-gene-0.132&CDS=1-870
OG0000575	YBR102C	snap_masked-NODE_19_length_179553_cov_20.8368_ID_37-processed-gene-0.133-mRNA-1_1&gene=snap_masked-NODE_19_length_179553_cov_20.8368_ID_37-processed-gene-0.133&CDS=1-2175
OG0000576	YBR103W	snap_masked-NODE_19_length_179553_cov_20.8368_ID_37-processed-gene-0.84-mRNA-1_1&gene=snap_masked-NODE_19_length_179553_cov_20.8368_ID_37-processed-gene-0.84&CDS=1-1656
OG0000577	YBR105C	snap_masked-NODE_6_length_297843_cov_20.8202_ID_11-processed-gene-1.202-mRNA-1_1&gene=snap_masked-NODE_6_length_297843_cov_20.8202_ID_11-processed-gene-1.202&CDS=1-774
OG0000578	YBR106W	augustus_masked-NODE_2_length_515064_cov_21.8181_ID_3-processed-gene-2.92-mRNA-1_1&gene=augustus_masked-NODE_2_length_515064_cov_21.8181_ID_3-processed-gene-2.92&CDS=1-579
OG0000579	YBR107C	augustus_masked-NODE_6_length_297843_cov_20.8202_ID_11-processed-gene-1.105-mRNA-1_1&gene=augustus_masked-NODE_6_length_297843_cov_20.8202_ID_11-processed-gene-1.105&CDS=1-561
OG0000580	YBR108W	augustus_masked-NODE_6_length_297843_cov_20.8202_ID_11-processed-gene-1.65-mRNA-1_1&gene=augustus_masked-NODE_6_length_297843_cov_20.8202_ID_11-processed-gene-1.65&CDS=1-2202
OG0000581	YBR109C	snap_masked-NODE_6_length_297843_cov_20.8202_ID_11-processed-gene-1.203-mRNA-1_1&gene=snap_masked-NODE_6_length_297843_cov_20.8202_ID_11-processed-gene-1.203&CDS=1-441
OG0000582	YBR110W	snap_masked-NODE_6_length_297843_cov_20.8202_ID_11-processed-gene-1.160-mRNA-1_1&gene=snap_masked-NODE_6_length_297843_cov_20.8202_ID_11-processed-gene-1.160&CDS=1-1347
OG0000583	YBR111C	snap_masked-NODE_43_length_88681_cov_21.4846_ID_85-processed-gene-0.61-mRNA-1_1&gene=snap_masked-NODE_43_length_88681_cov_21.4846_ID_85-processed-gene-0.61&CDS=1-633
OG0000584	YBR111W-A	maker-NODE_43_length_88681_cov_21.4846_ID_85-snap-gene-0.3-mRNA-1_1&gene=maker-NODE_43_length_88681_cov_21.4846_ID_85-snap-gene-0.3&CDS=1-285
OG0000585	YBR112C	snap_masked-NODE_2_length_515064_cov_21.8181_ID_3-processed-gene-2.118-mRNA-1_1&gene=snap_masked-NODE_2_length_515064_cov_21.8181_ID_3-processed-gene-2.118&CDS=1-2811
OG0000586	YBR114W	snap_masked-NODE_43_length_88681_cov_21.4846_ID_85-processed-gene-0.78-mRNA-1_1&gene=snap_masked-NODE_43_length_88681_cov_21.4846_ID_85-processed-gene-0.78&CDS=1-2319
OG0000587	YBR115C	snap_masked-NODE_43_length_88681_cov_21.4846_ID_85-processed-gene-0.60-mRNA-1_1&gene=snap_masked-NODE_43_length_88681_cov_21.4846_ID_85-processed-gene-0.60&CDS=1-4155
OG0000588	YBR119W	snap_masked-NODE_14_length_224486_cov_20.7905_ID_27-processed-gene-0.0-mRNA-1_1&gene=snap_masked-NODE_14_length_224486_cov_20.7905_ID_27-processed-gene-0.0&CDS=1-855
OG0000589	YBR120C	snap_masked-NODE_14_length_224486_cov_20.7905_ID_27-processed-gene-0.21-mRNA-1_1&gene=snap_masked-NODE_14_length_224486_cov_20.7905_ID_27-processed-gene-0.21&CDS=1-480
OG0000590	YBR121C	snap_masked-NODE_14_length_224486_cov_20.7905_ID_27-processed-gene-0.22-mRNA-1_1&gene=snap_masked-NODE_14_length_224486_cov_20.7905_ID_27-processed-gene-0.22&CDS=1-1980
OG0000591	YBR122C	snap_masked-NODE_14_length_224486_cov_20.7905_ID_27-processed-gene-0.23-mRNA-1_1&gene=snap_masked-NODE_14_length_224486_cov_20.7905_ID_27-processed-gene-0.23&CDS=1-567
OG0000592	YBR123C	snap_masked-NODE_14_length_224486_cov_20.7905_ID_27-processed-gene-0.24-mRNA-1_1&gene=snap_masked-NODE_14_length_224486_cov_20.7905_ID_27-processed-gene-0.24&CDS=1-1839
OG0000593	YBR125C	snap_masked-NODE_14_length_224486_cov_20.7905_ID_27-processed-gene-0.25-mRNA-1_1&gene=snap_masked-NODE_14_length_224486_cov_20.7905_ID_27-processed-gene-0.25&CDS=1-1161
OG0000594	YBR126C	snap_masked-NODE_14_length_224486_cov_20.7905_ID_27-processed-gene-0.26-mRNA-1_1&gene=snap_masked-NODE_14_length_224486_cov_20.7905_ID_27-processed-gene-0.26&CDS=1-1494
OG0000595	YBR127C	maker-NODE_14_length_224486_cov_20.7905_ID_27-snap-gene-0.84-mRNA-1_1&gene=maker-NODE_14_length_224486_cov_20.7905_ID_27-snap-gene-0.84&CDS=1-2412
OG0000596	YBR130C	snap_masked-NODE_14_length_224486_cov_20.7905_ID_27-processed-gene-0.28-mRNA-1_1&gene=snap_masked-NODE_14_length_224486_cov_20.7905_ID_27-processed-gene-0.28&CDS=1-1050
OG0000597	YBR131W	snap_masked-NODE_14_length_224486_cov_20.7905_ID_27-processed-gene-0.2-mRNA-1_1&gene=snap_masked-NODE_14_length_224486_cov_20.7905_ID_27-processed-gene-0.2&CDS=1-1965
OG0000598	YBR132C	snap_masked-NODE_14_length_224486_cov_20.7905_ID_27-processed-gene-0.30-mRNA-1_1&gene=snap_masked-NODE_14_length_224486_cov_20.7905_ID_27-processed-gene-0.30&CDS=1-1791
OG0000599	YBR133C	snap_masked-NODE_14_length_224486_cov_20.7905_ID_27-processed-gene-0.31-mRNA-1_1&gene=snap_masked-NODE_14_length_224486_cov_20.7905_ID_27-processed-gene-0.31&CDS=1-2361
OG0000600	YBR135W	augustus_masked-NODE_14_length_224486_cov_20.7905_ID_27-processed-gene-0.46-mRNA-1_1&gene=augustus_masked-NODE_14_length_224486_cov_20.7905_ID_27-processed-gene-0.46&CDS=1-411
OG0000601	YBR136W	snap_masked-NODE_14_length_224486_cov_20.7905_ID_27-processed-gene-0.4-mRNA-1_1&gene=snap_masked-NODE_14_length_224486_cov_20.7905_ID_27-processed-gene-0.4&CDS=1-7110
OG0000602	YBR138C	snap_masked-NODE_1_length_611906_cov_21.093_ID_1-processed-gene-5.182-mRNA-1_1&gene=snap_masked-NODE_1_length_611906_cov_21.093_ID_1-processed-gene-5.182&CDS=1-813
OG0000603	YBR139W	snap_masked-NODE_1_length_611906_cov_21.093_ID_1-processed-gene-5.162-mRNA-1_1&gene=snap_masked-NODE_1_length_611906_cov_21.093_ID_1-processed-gene-5.162&CDS=1-1494
OG0000604	YBR141C	snap_masked-NODE_1_length_611906_cov_21.093_ID_1-processed-gene-5.186-mRNA-1_1&gene=snap_masked-NODE_1_length_611906_cov_21.093_ID_1-processed-gene-5.186&CDS=1-1011
OG0000605	YBR142W	snap_masked-NODE_1_length_611906_cov_21.093_ID_1-processed-gene-5.163-mRNA-1_1&gene=snap_masked-NODE_1_length_611906_cov_21.093_ID_1-processed-gene-5.163&CDS=1-2208
OG0000606	YBR143C	snap_masked-NODE_1_length_611906_cov_21.093_ID_1-processed-gene-5.187-mRNA-1_1&gene=snap_masked-NODE_1_length_611906_cov_21.093_ID_1-processed-gene-5.187&CDS=1-1308
OG0000607	YBR146W	snap_masked-NODE_1_length_611906_cov_21.093_ID_1-processed-gene-5.165-mRNA-1_1&gene=snap_masked-NODE_1_length_611906_cov_21.093_ID_1-processed-gene-5.165&CDS=1-765
OG0000608	YBR149W	snap_masked-NODE_1_length_611906_cov_21.093_ID_1-processed-gene-5.190-mRNA-1_1&gene=snap_masked-NODE_1_length_611906_cov_21.093_ID_1-processed-gene-5.190&CDS=1-969
OG0000609	YBR151W	snap_masked-NODE_1_length_611906_cov_21.093_ID_1-processed-gene-5.189-mRNA-1_1&gene=snap_masked-NODE_1_length_611906_cov_21.093_ID_1-processed-gene-5.189&CDS=1-951
OG0000610	YBR152W	snap_masked-NODE_1_length_611906_cov_21.093_ID_1-processed-gene-5.188-mRNA-1_1&gene=snap_masked-NODE_1_length_611906_cov_21.093_ID_1-processed-gene-5.188&CDS=1-750
OG0000611	YBR153W	augustus_masked-NODE_1_length_611906_cov_21.093_ID_1-processed-gene-5.121-mRNA-1_1&gene=augustus_masked-NODE_1_length_611906_cov_21.093_ID_1-processed-gene-5.121&CDS=1-714
OG0000612	YBR154C	augustus_masked-NODE_1_length_611906_cov_21.093_ID_1-processed-gene-5.102-mRNA-1_1&gene=augustus_masked-NODE_1_length_611906_cov_21.093_ID_1-processed-gene-5.102&CDS=1-645
OG0000613	YBR155W	snap_masked-NODE_26_length_129937_cov_20.3153_ID_51-processed-gene-0.18-mRNA-1_1&gene=snap_masked-NODE_26_length_129937_cov_20.3153_ID_51-processed-gene-0.18&CDS=1-1146
OG0000614	YBR156C	snap_masked-NODE_26_length_129937_cov_20.3153_ID_51-processed-gene-0.57-mRNA-1_1&gene=snap_masked-NODE_26_length_129937_cov_20.3153_ID_51-processed-gene-0.57&CDS=1-2241
OG0000615	YBR157C	augustus_masked-NODE_26_length_129937_cov_20.3153_ID_51-processed-gene-0.127-mRNA-1_1&gene=augustus_masked-NODE_26_length_129937_cov_20.3153_ID_51-processed-gene-0.127&CDS=1-774
OG0000616	YBR158W	snap_masked-NODE_26_length_129937_cov_20.3153_ID_51-processed-gene-0.19-mRNA-1_1&gene=snap_masked-NODE_26_length_129937_cov_20.3153_ID_51-processed-gene-0.19&CDS=1-1602
OG0000617	YBR160W	maker-NODE_26_length_129937_cov_20.3153_ID_51-snap-gene-0.5-mRNA-1_1&gene=maker-NODE_26_length_129937_cov_20.3153_ID_51-snap-gene-0.5&CDS=1-1911
OG0000618	YBR162C	snap_masked-NODE_26_length_129937_cov_20.3153_ID_51-processed-gene-0.59-mRNA-1_1&gene=snap_masked-NODE_26_length_129937_cov_20.3153_ID_51-processed-gene-0.59&CDS=1-1440
OG0000619	YBR162W-A	snap_masked-NODE_26_length_129937_cov_20.3153_ID_51-processed-gene-0.23-mRNA-1_1&gene=snap_masked-NODE_26_length_129937_cov_20.3153_ID_51-processed-gene-0.23&CDS=1-192
OG0000620	YBR163W	snap_masked-NODE_26_length_129937_cov_20.3153_ID_51-processed-gene-0.24-mRNA-1_1&gene=snap_masked-NODE_26_length_129937_cov_20.3153_ID_51-processed-gene-0.24&CDS=1-1425
OG0000621	YBR164C	snap_masked-NODE_37_length_99903_cov_20.9673_ID_73-processed-gene-0.35-mRNA-1_1&gene=snap_masked-NODE_37_length_99903_cov_20.9673_ID_73-processed-gene-0.35&CDS=1-549
OG0000622	YBR165W	snap_masked-NODE_26_length_129937_cov_20.3153_ID_51-processed-gene-0.76-mRNA-1_1&gene=snap_masked-NODE_26_length_129937_cov_20.3153_ID_51-processed-gene-0.76&CDS=1-774
OG0000623	YBR166C	snap_masked-NODE_26_length_129937_cov_20.3153_ID_51-processed-gene-0.44-mRNA-1_1&gene=snap_masked-NODE_26_length_129937_cov_20.3153_ID_51-processed-gene-0.44&CDS=1-1380
OG0000624	YBR167C	snap_masked-NODE_26_length_129937_cov_20.3153_ID_51-processed-gene-0.43-mRNA-1_1&gene=snap_masked-NODE_26_length_129937_cov_20.3153_ID_51-processed-gene-0.43&CDS=1-420
OG0000625	YBR168W	snap_masked-NODE_26_length_129937_cov_20.3153_ID_51-processed-gene-0.75-mRNA-1_1&gene=snap_masked-NODE_26_length_129937_cov_20.3153_ID_51-processed-gene-0.75&CDS=1-972
OG0000626	YBR171W	snap_masked-NODE_26_length_129937_cov_20.3153_ID_51-processed-gene-0.74-mRNA-1_1&gene=snap_masked-NODE_26_length_129937_cov_20.3153_ID_51-processed-gene-0.74&CDS=1-684
OG0000627	YBR173C	snap_masked-NODE_26_length_129937_cov_20.3153_ID_51-processed-gene-0.39-mRNA-1_1&gene=snap_masked-NODE_26_length_129937_cov_20.3153_ID_51-processed-gene-0.39&CDS=1-474
OG0000628	YBR176W	maker-NODE_26_length_129937_cov_20.3153_ID_51-augustus-gene-0.4-mRNA-1_1&gene=maker-NODE_26_length_129937_cov_20.3153_ID_51-augustus-gene-0.4&CDS=1-1785
OG0000629	YBR177C	snap_masked-NODE_26_length_129937_cov_20.3153_ID_51-processed-gene-0.37-mRNA-1_1&gene=snap_masked-NODE_26_length_129937_cov_20.3153_ID_51-processed-gene-0.37&CDS=1-1365
OG0000630	YBR179C	snap_masked-NODE_26_length_129937_cov_20.3153_ID_51-processed-gene-0.36-mRNA-1_1&gene=snap_masked-NODE_26_length_129937_cov_20.3153_ID_51-processed-gene-0.36&CDS=1-2541
OG0000631	YBR185C	snap_masked-NODE_26_length_129937_cov_20.3153_ID_51-processed-gene-0.34-mRNA-1_1&gene=snap_masked-NODE_26_length_129937_cov_20.3153_ID_51-processed-gene-0.34&CDS=1-768
OG0000632	YBR186W	maker-NODE_37_length_99903_cov_20.9673_ID_73-snap-gene-0.91-mRNA-1_1&gene=maker-NODE_37_length_99903_cov_20.9673_ID_73-snap-gene-0.91&CDS=1-1680
OG0000633	YBR187W	snap_masked-NODE_26_length_129937_cov_20.3153_ID_51-processed-gene-0.70-mRNA-1_1&gene=snap_masked-NODE_26_length_129937_cov_20.3153_ID_51-processed-gene-0.70&CDS=1-849
OG0000634	YBR192W	snap_masked-NODE_26_length_129937_cov_20.3153_ID_51-processed-gene-0.67-mRNA-1_1&gene=snap_masked-NODE_26_length_129937_cov_20.3153_ID_51-processed-gene-0.67&CDS=1-1101
OG0000635	YBR193C	snap_masked-NODE_26_length_129937_cov_20.3153_ID_51-processed-gene-0.31-mRNA-1_1&gene=snap_masked-NODE_26_length_129937_cov_20.3153_ID_51-processed-gene-0.31&CDS=1-663
OG0000636	YBR194W	snap_masked-NODE_26_length_129937_cov_20.3153_ID_51-processed-gene-0.66-mRNA-1_1&gene=snap_masked-NODE_26_length_129937_cov_20.3153_ID_51-processed-gene-0.66&CDS=1-384
OG0000637	YBR195C	snap_masked-NODE_26_length_129937_cov_20.3153_ID_51-processed-gene-0.30-mRNA-1_1&gene=snap_masked-NODE_26_length_129937_cov_20.3153_ID_51-processed-gene-0.30&CDS=1-1272
OG0000638	YBR196C	augustus_masked-NODE_26_length_129937_cov_20.3153_ID_51-processed-gene-0.98-mRNA-1_1&gene=augustus_masked-NODE_26_length_129937_cov_20.3153_ID_51-processed-gene-0.98&CDS=1-1644
OG0000639	YBR198C	snap_masked-NODE_26_length_129937_cov_20.3153_ID_51-processed-gene-0.28-mRNA-1_1&gene=snap_masked-NODE_26_length_129937_cov_20.3153_ID_51-processed-gene-0.28&CDS=1-2346
OG0000640	YBR200W	snap_masked-NODE_26_length_129937_cov_20.3153_ID_51-processed-gene-0.65-mRNA-1_1&gene=snap_masked-NODE_26_length_129937_cov_20.3153_ID_51-processed-gene-0.65&CDS=1-1815
OG0000641	YBR201W	snap_masked-NODE_26_length_129937_cov_20.3153_ID_51-processed-gene-0.64-mRNA-1_1&gene=snap_masked-NODE_26_length_129937_cov_20.3153_ID_51-processed-gene-0.64&CDS=1-321
OG0000642	YBR202W	snap_masked-NODE_26_length_129937_cov_20.3153_ID_51-processed-gene-0.63-mRNA-1_1&gene=snap_masked-NODE_26_length_129937_cov_20.3153_ID_51-processed-gene-0.63&CDS=1-2490
OG0000643	YBR203W	augustus_masked-NODE_26_length_129937_cov_20.3153_ID_51-processed-gene-0.131-mRNA-1_1&gene=augustus_masked-NODE_26_length_129937_cov_20.3153_ID_51-processed-gene-0.131&CDS=1-2589
OG0000644	YBR204C	augustus_masked-NODE_26_length_129937_cov_20.3153_ID_51-processed-gene-0.95-mRNA-1_1&gene=augustus_masked-NODE_26_length_129937_cov_20.3153_ID_51-processed-gene-0.95&CDS=1-1065
OG0000645	YBR205W	maker-NODE_26_length_129937_cov_20.3153_ID_51-augustus-gene-0.1-mRNA-1_1&gene=maker-NODE_26_length_129937_cov_20.3153_ID_51-augustus-gene-0.1&CDS=1-2559
OG0000646	YBR208C	snap_masked-NODE_26_length_129937_cov_20.3153_ID_51-processed-gene-0.25-mRNA-1_1&gene=snap_masked-NODE_26_length_129937_cov_20.3153_ID_51-processed-gene-0.25&CDS=1-5484
OG0000647	YBR211C	snap_masked-NODE_51_length_67151_cov_20.3142_ID_101-processed-gene-0.18-mRNA-1_1&gene=snap_masked-NODE_51_length_67151_cov_20.3142_ID_101-processed-gene-0.18&CDS=1-504
OG0000648	YBR212W	augustus_masked-NODE_51_length_67151_cov_20.3142_ID_101-processed-gene-0.59-mRNA-1_1&gene=augustus_masked-NODE_51_length_67151_cov_20.3142_ID_101-processed-gene-0.59&CDS=1-1203
OG0000649	YBR215W	snap_masked-NODE_51_length_67151_cov_20.3142_ID_101-processed-gene-0.27-mRNA-1_1&gene=snap_masked-NODE_51_length_67151_cov_20.3142_ID_101-processed-gene-0.27&CDS=1-1368
OG0000650	YBR217W	snap_masked-NODE_51_length_67151_cov_20.3142_ID_101-processed-gene-0.26-mRNA-1_1&gene=snap_masked-NODE_51_length_67151_cov_20.3142_ID_101-processed-gene-0.26&CDS=1-501
OG0000651	YBR222C	maker-NODE_51_length_67151_cov_20.3142_ID_101-augustus-gene-0.6-mRNA-1_1&gene=maker-NODE_51_length_67151_cov_20.3142_ID_101-augustus-gene-0.6&CDS=1-2625
OG0000652	YBR225W	snap_masked-NODE_51_length_67151_cov_20.3142_ID_101-processed-gene-0.25-mRNA-1_1&gene=snap_masked-NODE_51_length_67151_cov_20.3142_ID_101-processed-gene-0.25&CDS=1-2580
OG0000653	YBR227C	snap_masked-NODE_51_length_67151_cov_20.3142_ID_101-processed-gene-0.11-mRNA-1_1&gene=snap_masked-NODE_51_length_67151_cov_20.3142_ID_101-processed-gene-0.11&CDS=1-1527
OG0000654	YBR228W	snap_masked-NODE_51_length_67151_cov_20.3142_ID_101-processed-gene-0.24-mRNA-1_1&gene=snap_masked-NODE_51_length_67151_cov_20.3142_ID_101-processed-gene-0.24&CDS=1-867
OG0000655	YBR229C	snap_masked-NODE_51_length_67151_cov_20.3142_ID_101-processed-gene-0.10-mRNA-1_1&gene=snap_masked-NODE_51_length_67151_cov_20.3142_ID_101-processed-gene-0.10&CDS=1-2781
OG0000656	YBR230C	augustus_masked-NODE_90_length_14960_cov_22.0048_ID_179-processed-gene-0.6-mRNA-1_1&gene=augustus_masked-NODE_90_length_14960_cov_22.0048_ID_179-processed-gene-0.6&CDS=1-405
OG0000657	YBR231C	snap_masked-NODE_10_length_278180_cov_22.5073_ID_19-processed-gene-1.159-mRNA-1_1&gene=snap_masked-NODE_10_length_278180_cov_22.5073_ID_19-processed-gene-1.159&CDS=1-909
OG0000658	YBR233W-A	genemark-NODE_12_length_246126_cov_21.8889_ID_23-processed-gene-0.20-mRNA-1_1&gene=genemark-NODE_12_length_246126_cov_21.8889_ID_23-processed-gene-0.20&CDS=1-300
OG0000659	YBR234C	augustus_masked-NODE_12_length_246126_cov_21.8889_ID_23-processed-gene-0.102-mRNA-1_1&gene=augustus_masked-NODE_12_length_246126_cov_21.8889_ID_23-processed-gene-0.102&CDS=1-3021
OG0000660	YBR235W	augustus_masked-NODE_10_length_278180_cov_22.5073_ID_19-processed-gene-1.18-mRNA-1_1&gene=augustus_masked-NODE_10_length_278180_cov_22.5073_ID_19-processed-gene-1.18&CDS=1-4479
OG0000661	YBR236C	snap_masked-NODE_10_length_278180_cov_22.5073_ID_19-processed-gene-1.160-mRNA-1_1&gene=snap_masked-NODE_10_length_278180_cov_22.5073_ID_19-processed-gene-1.160&CDS=1-1257
OG0000662	YBR237W	snap_masked-NODE_10_length_278180_cov_22.5073_ID_19-processed-gene-1.109-mRNA-1_1&gene=snap_masked-NODE_10_length_278180_cov_22.5073_ID_19-processed-gene-1.109&CDS=1-2559
OG0000663	YBR238C	augustus_masked-NODE_10_length_278180_cov_22.5073_ID_19-processed-gene-1.65-mRNA-1_1&gene=augustus_masked-NODE_10_length_278180_cov_22.5073_ID_19-processed-gene-1.65&CDS=1-2484
OG0000664	YBR239C	augustus_masked-NODE_10_length_278180_cov_22.5073_ID_19-processed-gene-1.66-mRNA-1_1&gene=augustus_masked-NODE_10_length_278180_cov_22.5073_ID_19-processed-gene-1.66&CDS=1-1656
OG0000665	YBR243C	snap_masked-NODE_10_length_278180_cov_22.5073_ID_19-processed-gene-1.163-mRNA-1_1&gene=snap_masked-NODE_10_length_278180_cov_22.5073_ID_19-processed-gene-1.163&CDS=1-1344
OG0000666	YBR246W	snap_masked-NODE_10_length_278180_cov_22.5073_ID_19-processed-gene-1.114-mRNA-1_1&gene=snap_masked-NODE_10_length_278180_cov_22.5073_ID_19-processed-gene-1.114&CDS=1-1140
OG0000667	YBR247C	snap_masked-NODE_10_length_278180_cov_22.5073_ID_19-processed-gene-1.165-mRNA-1_1&gene=snap_masked-NODE_10_length_278180_cov_22.5073_ID_19-processed-gene-1.165&CDS=1-1407
OG0000668	YBR248C	maker-NODE_10_length_278180_cov_22.5073_ID_19-augustus-gene-1.198-mRNA-1_1&gene=maker-NODE_10_length_278180_cov_22.5073_ID_19-augustus-gene-1.198&CDS=1-2757
OG0000669	YBR251W	augustus_masked-NODE_18_length_183210_cov_20.8765_ID_35-processed-gene-0.91-mRNA-1_1&gene=augustus_masked-NODE_18_length_183210_cov_20.8765_ID_35-processed-gene-0.91&CDS=1-1215
OG0000670	YBR254C	snap_masked-NODE_18_length_183210_cov_20.8765_ID_35-processed-gene-0.136-mRNA-1_1&gene=snap_masked-NODE_18_length_183210_cov_20.8765_ID_35-processed-gene-0.136&CDS=1-516
OG0000671	YBR255C-A	snap_masked-NODE_18_length_183210_cov_20.8765_ID_35-processed-gene-0.135-mRNA-1_1&gene=snap_masked-NODE_18_length_183210_cov_20.8765_ID_35-processed-gene-0.135&CDS=1-369
OG0000672	YBR255W	augustus_masked-NODE_18_length_183210_cov_20.8765_ID_35-processed-gene-0.90-mRNA-1_1&gene=augustus_masked-NODE_18_length_183210_cov_20.8765_ID_35-processed-gene-0.90&CDS=1-2172
OG0000673	YBR256C	snap_masked-NODE_18_length_183210_cov_20.8765_ID_35-processed-gene-0.133-mRNA-1_1&gene=snap_masked-NODE_18_length_183210_cov_20.8765_ID_35-processed-gene-0.133&CDS=1-702
OG0000674	YBR257W	snap_masked-NODE_1_length_611906_cov_21.093_ID_1-processed-gene-3.84-mRNA-1_1&gene=snap_masked-NODE_1_length_611906_cov_21.093_ID_1-processed-gene-3.84&CDS=1-843
OG0000675	YBR258C	snap_masked-NODE_56_length_57615_cov_21.2126_ID_111-processed-gene-0.84-mRNA-1_1&gene=snap_masked-NODE_56_length_57615_cov_21.2126_ID_111-processed-gene-0.84&CDS=1-372
OG0000676	YBR260C	snap_masked-NODE_56_length_57615_cov_21.2126_ID_111-processed-gene-0.85-mRNA-1_1&gene=snap_masked-NODE_56_length_57615_cov_21.2126_ID_111-processed-gene-0.85&CDS=1-2121
OG0000677	YBR261C	snap_masked-NODE_56_length_57615_cov_21.2126_ID_111-processed-gene-0.86-mRNA-1_1&gene=snap_masked-NODE_56_length_57615_cov_21.2126_ID_111-processed-gene-0.86&CDS=1-705
OG0000678	YBR262C	snap_masked-NODE_56_length_57615_cov_21.2126_ID_111-processed-gene-0.87-mRNA-1_1&gene=snap_masked-NODE_56_length_57615_cov_21.2126_ID_111-processed-gene-0.87&CDS=1-309
OG0000679	YBR265W	maker-NODE_56_length_57615_cov_21.2126_ID_111-augustus-gene-0.103-mRNA-1_1&gene=maker-NODE_56_length_57615_cov_21.2126_ID_111-augustus-gene-0.103&CDS=1-1239
OG0000680	YBR267W	snap_masked-NODE_56_length_57615_cov_21.2126_ID_111-processed-gene-0.92-mRNA-1_1&gene=snap_masked-NODE_56_length_57615_cov_21.2126_ID_111-processed-gene-0.92&CDS=1-1197
OG0000681	YBR268W	snap_masked-NODE_56_length_57615_cov_21.2126_ID_111-processed-gene-0.91-mRNA-1_1&gene=snap_masked-NODE_56_length_57615_cov_21.2126_ID_111-processed-gene-0.91&CDS=1-330
OG0000682	YBR270C	maker-NODE_56_length_57615_cov_21.2126_ID_111-snap-gene-0.100-mRNA-1_1&gene=maker-NODE_56_length_57615_cov_21.2126_ID_111-snap-gene-0.100&CDS=1-2091
OG0000683	YBR271W	snap_masked-NODE_56_length_57615_cov_21.2126_ID_111-processed-gene-0.90-mRNA-1_1&gene=snap_masked-NODE_56_length_57615_cov_21.2126_ID_111-processed-gene-0.90&CDS=1-1221
OG0000684	YBR272C	snap_masked-NODE_56_length_57615_cov_21.2126_ID_111-processed-gene-0.72-mRNA-1_1&gene=snap_masked-NODE_56_length_57615_cov_21.2126_ID_111-processed-gene-0.72&CDS=1-1422
OG0000685	YBR273C	snap_masked-NODE_1_length_611906_cov_21.093_ID_1-processed-gene-3.82-mRNA-1_1&gene=snap_masked-NODE_1_length_611906_cov_21.093_ID_1-processed-gene-3.82&CDS=1-1296
OG0000686	YBR274W	augustus_masked-NODE_56_length_57615_cov_21.2126_ID_111-processed-gene-0.56-mRNA-1_1&gene=augustus_masked-NODE_56_length_57615_cov_21.2126_ID_111-processed-gene-0.56&CDS=1-1614
OG0000687	YBR275C	augustus_masked-NODE_56_length_57615_cov_21.2126_ID_111-processed-gene-0.38-mRNA-1_1&gene=augustus_masked-NODE_56_length_57615_cov_21.2126_ID_111-processed-gene-0.38&CDS=1-5313
OG0000688	YBR276C	augustus_masked-NODE_56_length_57615_cov_21.2126_ID_111-processed-gene-0.61-mRNA-1_1&gene=augustus_masked-NODE_56_length_57615_cov_21.2126_ID_111-processed-gene-0.61&CDS=1-2355
OG0000689	YBR278W	snap_masked-NODE_56_length_57615_cov_21.2126_ID_111-processed-gene-0.75-mRNA-1_1&gene=snap_masked-NODE_56_length_57615_cov_21.2126_ID_111-processed-gene-0.75&CDS=1-708
OG0000690	YBR279W	snap_masked-NODE_56_length_57615_cov_21.2126_ID_111-processed-gene-0.76-mRNA-1_1&gene=snap_masked-NODE_56_length_57615_cov_21.2126_ID_111-processed-gene-0.76&CDS=1-1269
OG0000691	YBR280C	snap_masked-NODE_56_length_57615_cov_21.2126_ID_111-processed-gene-0.96-mRNA-1_1&gene=snap_masked-NODE_56_length_57615_cov_21.2126_ID_111-processed-gene-0.96&CDS=1-1773
OG0000692	YBR281C	snap_masked-NODE_56_length_57615_cov_21.2126_ID_111-processed-gene-0.97-mRNA-1_1&gene=snap_masked-NODE_56_length_57615_cov_21.2126_ID_111-processed-gene-0.97&CDS=1-2589
OG0000693	YBR282W	snap_masked-NODE_56_length_57615_cov_21.2126_ID_111-processed-gene-0.77-mRNA-1_1&gene=snap_masked-NODE_56_length_57615_cov_21.2126_ID_111-processed-gene-0.77&CDS=1-435
OG0000694	YBR283C	augustus_masked-NODE_56_length_57615_cov_21.2126_ID_111-processed-gene-0.64-mRNA-1_1&gene=augustus_masked-NODE_56_length_57615_cov_21.2126_ID_111-processed-gene-0.64&CDS=1-1473
OG0000695	YBR286W	snap_masked-NODE_56_length_57615_cov_21.2126_ID_111-processed-gene-0.80-mRNA-1_1&gene=snap_masked-NODE_56_length_57615_cov_21.2126_ID_111-processed-gene-0.80&CDS=1-1611
OG0000696	YBR287W	augustus_masked-NODE_56_length_57615_cov_21.2126_ID_111-processed-gene-0.49-mRNA-1_1&gene=augustus_masked-NODE_56_length_57615_cov_21.2126_ID_111-processed-gene-0.49&CDS=1-2496
OG0000697	YBR289W	maker-NODE_40_length_94096_cov_21.267_ID_79-snap-gene-0.1-mRNA-1_1&gene=maker-NODE_40_length_94096_cov_21.267_ID_79-snap-gene-0.1&CDS=1-3375
OG0000698	YBR291C	snap_masked-NODE_40_length_94096_cov_21.267_ID_79-processed-gene-0.74-mRNA-1_1&gene=snap_masked-NODE_40_length_94096_cov_21.267_ID_79-processed-gene-0.74&CDS=1-894
OG0000699	YCL001W	snap_masked-NODE_2_length_515064_cov_21.8181_ID_3-processed-gene-3.52-mRNA-1_1&gene=snap_masked-NODE_2_length_515064_cov_21.8181_ID_3-processed-gene-3.52&CDS=1-564
OG0000700	YCL002C	snap_masked-NODE_2_length_515064_cov_21.8181_ID_3-processed-gene-3.65-mRNA-1_1&gene=snap_masked-NODE_2_length_515064_cov_21.8181_ID_3-processed-gene-3.65&CDS=1-282
OG0000701	YCL004W	snap_masked-NODE_2_length_515064_cov_21.8181_ID_3-processed-gene-3.51-mRNA-1_1&gene=snap_masked-NODE_2_length_515064_cov_21.8181_ID_3-processed-gene-3.51&CDS=1-1464
OG0000702	YCL005W-A	maker-NODE_2_length_515064_cov_21.8181_ID_3-snap-gene-3.134-mRNA-1_1&gene=maker-NODE_2_length_515064_cov_21.8181_ID_3-snap-gene-3.134&CDS=1-246
OG0000703	YCL009C	snap_masked-NODE_2_length_515064_cov_21.8181_ID_3-processed-gene-3.47-mRNA-1_1&gene=snap_masked-NODE_2_length_515064_cov_21.8181_ID_3-processed-gene-3.47&CDS=1-927
OG0000704	YCL014W	snap_masked-NODE_2_length_515064_cov_21.8181_ID_3-processed-gene-3.44-mRNA-1_1&gene=snap_masked-NODE_2_length_515064_cov_21.8181_ID_3-processed-gene-3.44&CDS=1-4944
OG0000705	YCL017C	augustus_masked-NODE_2_length_515064_cov_21.8181_ID_3-processed-gene-2.106-mRNA-1_1&gene=augustus_masked-NODE_2_length_515064_cov_21.8181_ID_3-processed-gene-2.106&CDS=1-2619
OG0000706	YCL018W	snap_masked-NODE_2_length_515064_cov_21.8181_ID_3-processed-gene-2.136-mRNA-1_1&gene=snap_masked-NODE_2_length_515064_cov_21.8181_ID_3-processed-gene-2.136&CDS=1-1089
OG0000707	YCL026C-B	snap_masked-NODE_29_length_115528_cov_22.4131_ID_57-processed-gene-0.160-mRNA-1_1&gene=snap_masked-NODE_29_length_115528_cov_22.4131_ID_57-processed-gene-0.160&CDS=1-585
OG0000708	YCL027W	augustus_masked-NODE_29_length_115528_cov_22.4131_ID_57-processed-gene-0.74-mRNA-1_1&gene=augustus_masked-NODE_29_length_115528_cov_22.4131_ID_57-processed-gene-0.74&CDS=1-1413
OG0000709	YCL028W	augustus_masked-NODE_29_length_115528_cov_22.4131_ID_57-processed-gene-0.71-mRNA-1_1&gene=augustus_masked-NODE_29_length_115528_cov_22.4131_ID_57-processed-gene-0.71&CDS=1-1263
OG0000710	YCL030C	maker-NODE_29_length_115528_cov_22.4131_ID_57-augustus-gene-0.176-mRNA-1_1&gene=maker-NODE_29_length_115528_cov_22.4131_ID_57-augustus-gene-0.176&CDS=1-3831
OG0000711	YCL031C	snap_masked-NODE_29_length_115528_cov_22.4131_ID_57-processed-gene-0.155-mRNA-1_1&gene=snap_masked-NODE_29_length_115528_cov_22.4131_ID_57-processed-gene-0.155&CDS=1-888
OG0000712	YCL032W	snap_masked-NODE_29_length_115528_cov_22.4131_ID_57-processed-gene-0.128-mRNA-1_1&gene=snap_masked-NODE_29_length_115528_cov_22.4131_ID_57-processed-gene-0.128&CDS=1-900
OG0000713	YCL033C	augustus_masked-NODE_29_length_115528_cov_22.4131_ID_57-processed-gene-0.98-mRNA-1_1&gene=augustus_masked-NODE_29_length_115528_cov_22.4131_ID_57-processed-gene-0.98&CDS=1-435
OG0000714	YCL034W	snap_masked-NODE_29_length_115528_cov_22.4131_ID_57-processed-gene-0.127-mRNA-1_1&gene=snap_masked-NODE_29_length_115528_cov_22.4131_ID_57-processed-gene-0.127&CDS=1-1068
OG0000715	YCL035C	snap_masked-NODE_29_length_115528_cov_22.4131_ID_57-processed-gene-0.153-mRNA-1_1&gene=snap_masked-NODE_29_length_115528_cov_22.4131_ID_57-processed-gene-0.153&CDS=1-327
OG0000716	YCL037C	snap_masked-NODE_29_length_115528_cov_22.4131_ID_57-processed-gene-0.152-mRNA-1_1&gene=snap_masked-NODE_29_length_115528_cov_22.4131_ID_57-processed-gene-0.152&CDS=1-1350
OG0000717	YCL038C	augustus_masked-NODE_29_length_115528_cov_22.4131_ID_57-processed-gene-0.95-mRNA-1_1&gene=augustus_masked-NODE_29_length_115528_cov_22.4131_ID_57-processed-gene-0.95&CDS=1-1524
OG0000718	YCL039W	augustus_masked-NODE_29_length_115528_cov_22.4131_ID_57-processed-gene-0.67-mRNA-1_1&gene=augustus_masked-NODE_29_length_115528_cov_22.4131_ID_57-processed-gene-0.67&CDS=1-2139
OG0000719	YCL043C	snap_masked-NODE_29_length_115528_cov_22.4131_ID_57-processed-gene-0.150-mRNA-1_1&gene=snap_masked-NODE_29_length_115528_cov_22.4131_ID_57-processed-gene-0.150&CDS=1-1527
OG0000720	YCL044C	snap_masked-NODE_29_length_115528_cov_22.4131_ID_57-processed-gene-0.149-mRNA-1_1&gene=snap_masked-NODE_29_length_115528_cov_22.4131_ID_57-processed-gene-0.149&CDS=1-945
OG0000721	YCL045C	genemark-NODE_29_length_115528_cov_22.4131_ID_57-processed-gene-0.34-mRNA-1_1&gene=genemark-NODE_29_length_115528_cov_22.4131_ID_57-processed-gene-0.34&CDS=1-2190
OG0000722	YCL047C	augustus_masked-NODE_29_length_115528_cov_22.4131_ID_57-processed-gene-0.91-mRNA-1_1&gene=augustus_masked-NODE_29_length_115528_cov_22.4131_ID_57-processed-gene-0.91&CDS=1-798
OG0000723	YCL048W	snap_masked-NODE_29_length_115528_cov_22.4131_ID_57-processed-gene-0.122-mRNA-1_1&gene=snap_masked-NODE_29_length_115528_cov_22.4131_ID_57-processed-gene-0.122&CDS=1-1368
OG0000724	YCL051W	augustus_masked-NODE_29_length_115528_cov_22.4131_ID_57-processed-gene-0.63-mRNA-1_1&gene=augustus_masked-NODE_29_length_115528_cov_22.4131_ID_57-processed-gene-0.63&CDS=1-1575
OG0000725	YCL052C	augustus_masked-NODE_29_length_115528_cov_22.4131_ID_57-processed-gene-0.89-mRNA-1_1&gene=augustus_masked-NODE_29_length_115528_cov_22.4131_ID_57-processed-gene-0.89&CDS=1-1290
OG0000726	YCL054W	snap_masked-NODE_29_length_115528_cov_22.4131_ID_57-processed-gene-0.119-mRNA-1_1&gene=snap_masked-NODE_29_length_115528_cov_22.4131_ID_57-processed-gene-0.119&CDS=1-2511
OG0000727	YCL055W	genemark-NODE_29_length_115528_cov_22.4131_ID_57-processed-gene-0.4-mRNA-1_1&gene=genemark-NODE_29_length_115528_cov_22.4131_ID_57-processed-gene-0.4&CDS=1-966
OG0000728	YCL057C-A	snap_masked-NODE_29_length_115528_cov_22.4131_ID_57-processed-gene-0.146-mRNA-1_1&gene=snap_masked-NODE_29_length_115528_cov_22.4131_ID_57-processed-gene-0.146&CDS=1-285
OG0000729	YCL057W	snap_masked-NODE_29_length_115528_cov_22.4131_ID_57-processed-gene-0.116-mRNA-1_1&gene=snap_masked-NODE_29_length_115528_cov_22.4131_ID_57-processed-gene-0.116&CDS=1-2220
OG0000730	YCL058W-A	snap_masked-NODE_29_length_115528_cov_22.4131_ID_57-processed-gene-0.115-mRNA-1_1&gene=snap_masked-NODE_29_length_115528_cov_22.4131_ID_57-processed-gene-0.115&CDS=1-354
OG0000731	YCL059C	snap_masked-NODE_29_length_115528_cov_22.4131_ID_57-processed-gene-0.145-mRNA-1_1&gene=snap_masked-NODE_29_length_115528_cov_22.4131_ID_57-processed-gene-0.145&CDS=1-1014
OG0000732	YCL061C	snap_masked-NODE_29_length_115528_cov_22.4131_ID_57-processed-gene-0.144-mRNA-1_1&gene=snap_masked-NODE_29_length_115528_cov_22.4131_ID_57-processed-gene-0.144&CDS=1-3417
OG0000733	YCL063W	augustus_masked-NODE_29_length_115528_cov_22.4131_ID_57-processed-gene-0.57-mRNA-1_1&gene=augustus_masked-NODE_29_length_115528_cov_22.4131_ID_57-processed-gene-0.57&CDS=1-1353
OG0000734	YCL074W	snap_masked-NODE_8_length_292075_cov_22.5245_ID_15-processed-gene-0.23-mRNA-1_1&gene=snap_masked-NODE_8_length_292075_cov_22.5245_ID_15-processed-gene-0.23&CDS=1-1314
OG0000735	YCR002C	augustus_masked-NODE_2_length_515064_cov_21.8181_ID_3-processed-gene-3.107-mRNA-1_1&gene=augustus_masked-NODE_2_length_515064_cov_21.8181_ID_3-processed-gene-3.107&CDS=1-984
OG0000736	YCR003W	snap_masked-NODE_2_length_515064_cov_21.8181_ID_3-processed-gene-3.53-mRNA-1_1&gene=snap_masked-NODE_2_length_515064_cov_21.8181_ID_3-processed-gene-3.53&CDS=1-420
OG0000737	YCR008W	snap_masked-NODE_22_length_167286_cov_23.0006_ID_43-processed-gene-0.118-mRNA-1_1&gene=snap_masked-NODE_22_length_167286_cov_23.0006_ID_43-processed-gene-0.118&CDS=1-1752
OG0000738	YCR011C	genemark-NODE_2_length_515064_cov_21.8181_ID_3-processed-gene-4.171-mRNA-1_1&gene=genemark-NODE_2_length_515064_cov_21.8181_ID_3-processed-gene-4.171&CDS=1-3069
OG0000739	YCR014C	snap_masked-NODE_2_length_515064_cov_21.8181_ID_3-processed-gene-4.38-mRNA-1_1&gene=snap_masked-NODE_2_length_515064_cov_21.8181_ID_3-processed-gene-4.38&CDS=1-1698
OG0000740	YCR015C	snap_masked-NODE_16_length_197293_cov_20.9529_ID_31-processed-gene-0.129-mRNA-1_1&gene=snap_masked-NODE_16_length_197293_cov_20.9529_ID_31-processed-gene-0.129&CDS=1-915
OG0000741	YCR016W	snap_masked-NODE_16_length_197293_cov_20.9529_ID_31-processed-gene-0.180-mRNA-1_1&gene=snap_masked-NODE_16_length_197293_cov_20.9529_ID_31-processed-gene-0.180&CDS=1-822
OG0000742	YCR017C	snap_masked-NODE_2_length_515064_cov_21.8181_ID_3-processed-gene-4.39-mRNA-1_1&gene=snap_masked-NODE_2_length_515064_cov_21.8181_ID_3-processed-gene-4.39&CDS=1-2832
OG0000743	YCR019W	snap_masked-NODE_2_length_515064_cov_21.8181_ID_3-processed-gene-4.12-mRNA-1_1&gene=snap_masked-NODE_2_length_515064_cov_21.8181_ID_3-processed-gene-4.12&CDS=1-1002
OG0000744	YCR020W-B	snap_masked-NODE_2_length_515064_cov_21.8181_ID_3-processed-gene-4.13-mRNA-1_1&gene=snap_masked-NODE_2_length_515064_cov_21.8181_ID_3-processed-gene-4.13&CDS=1-210
OG0000745	YCR021C	snap_masked-NODE_10_length_278180_cov_22.5073_ID_19-processed-gene-1.147-mRNA-1_1&gene=snap_masked-NODE_10_length_278180_cov_22.5073_ID_19-processed-gene-1.147&CDS=1-963
OG0000746	YCR024C	snap_masked-NODE_2_length_515064_cov_21.8181_ID_3-processed-gene-4.16-mRNA-1_1&gene=snap_masked-NODE_2_length_515064_cov_21.8181_ID_3-processed-gene-4.16&CDS=1-1338
OG0000747	YCR027C	snap_masked-NODE_2_length_515064_cov_21.8181_ID_3-processed-gene-4.14-mRNA-1_1&gene=snap_masked-NODE_2_length_515064_cov_21.8181_ID_3-processed-gene-4.14&CDS=1-456
OG0000748	YCR028C	snap_masked-NODE_21_length_168541_cov_21.5361_ID_41-processed-gene-0.153-mRNA-1_1&gene=snap_masked-NODE_21_length_168541_cov_21.5361_ID_41-processed-gene-0.153&CDS=1-1518
OG0000749	YCR028C-A	maker-NODE_21_length_168541_cov_21.5361_ID_41-snap-gene-0.170-mRNA-1_1&gene=maker-NODE_21_length_168541_cov_21.5361_ID_41-snap-gene-0.170&CDS=1-408
OG0000750	YCR030C	snap_masked-NODE_19_length_179553_cov_20.8368_ID_37-processed-gene-0.153-mRNA-1_1&gene=snap_masked-NODE_19_length_179553_cov_20.8368_ID_37-processed-gene-0.153&CDS=1-2550
OG0000751	YCR031C	snap_masked-NODE_19_length_179553_cov_20.8368_ID_37-processed-gene-0.154-mRNA-1_1&gene=snap_masked-NODE_19_length_179553_cov_20.8368_ID_37-processed-gene-0.154&CDS=1-411
OG0000752	YCR032W	snap_masked-NODE_21_length_168541_cov_21.5361_ID_41-processed-gene-0.109-mRNA-1_1&gene=snap_masked-NODE_21_length_168541_cov_21.5361_ID_41-processed-gene-0.109&CDS=1-2910
OG0000753	YCR034W	snap_masked-NODE_21_length_168541_cov_21.5361_ID_41-processed-gene-0.111-mRNA-1_1&gene=snap_masked-NODE_21_length_168541_cov_21.5361_ID_41-processed-gene-0.111&CDS=1-1032
OG0000754	YCR035C	snap_masked-NODE_21_length_168541_cov_21.5361_ID_41-processed-gene-0.155-mRNA-1_1&gene=snap_masked-NODE_21_length_168541_cov_21.5361_ID_41-processed-gene-0.155&CDS=1-1140
OG0000755	YCR036W	snap_masked-NODE_21_length_168541_cov_21.5361_ID_41-processed-gene-0.112-mRNA-1_1&gene=snap_masked-NODE_21_length_168541_cov_21.5361_ID_41-processed-gene-0.112&CDS=1-999
OG0000756	YCR042C	maker-NODE_29_length_115528_cov_22.4131_ID_57-augustus-gene-0.174-mRNA-1_1&gene=maker-NODE_29_length_115528_cov_22.4131_ID_57-augustus-gene-0.174&CDS=1-5922
OG0000757	YCR043C	augustus_masked-NODE_29_length_115528_cov_22.4131_ID_57-processed-gene-0.83-mRNA-1_1&gene=augustus_masked-NODE_29_length_115528_cov_22.4131_ID_57-processed-gene-0.83&CDS=1-390
OG0000758	YCR044C	snap_masked-NODE_29_length_115528_cov_22.4131_ID_57-processed-gene-0.139-mRNA-1_1&gene=snap_masked-NODE_29_length_115528_cov_22.4131_ID_57-processed-gene-0.139&CDS=1-1050
OG0000759	YCR045C	augustus_masked-NODE_9_length_289189_cov_21.4249_ID_17-processed-gene-0.9-mRNA-1_1&gene=augustus_masked-NODE_9_length_289189_cov_21.4249_ID_17-processed-gene-0.9&CDS=1-1965
OG0000760	YCR047C	snap_masked-NODE_9_length_289189_cov_21.4249_ID_17-processed-gene-0.40-mRNA-1_1&gene=snap_masked-NODE_9_length_289189_cov_21.4249_ID_17-processed-gene-0.40&CDS=1-816
OG0000761	YCR053W	snap_masked-NODE_25_length_134608_cov_22.6927_ID_49-processed-gene-0.8-mRNA-1_1&gene=snap_masked-NODE_25_length_134608_cov_22.6927_ID_49-processed-gene-0.8&CDS=1-1539
OG0000762	YCR054C	snap_masked-NODE_25_length_134608_cov_22.6927_ID_49-processed-gene-0.33-mRNA-1_1&gene=snap_masked-NODE_25_length_134608_cov_22.6927_ID_49-processed-gene-0.33&CDS=1-1602
OG0000763	YCR057C	snap_masked-NODE_25_length_134608_cov_22.6927_ID_49-processed-gene-0.34-mRNA-1_1&gene=snap_masked-NODE_25_length_134608_cov_22.6927_ID_49-processed-gene-0.34&CDS=1-2736
OG0000764	YCR059C	snap_masked-NODE_25_length_134608_cov_22.6927_ID_49-processed-gene-0.35-mRNA-1_1&gene=snap_masked-NODE_25_length_134608_cov_22.6927_ID_49-processed-gene-0.35&CDS=1-801
OG0000765	YCR060W	snap_masked-NODE_25_length_134608_cov_22.6927_ID_49-processed-gene-0.9-mRNA-1_1&gene=snap_masked-NODE_25_length_134608_cov_22.6927_ID_49-processed-gene-0.9&CDS=1-381
OG0000766	YCR061W	snap_masked-NODE_25_length_134608_cov_22.6927_ID_49-processed-gene-0.54-mRNA-1_1&gene=snap_masked-NODE_25_length_134608_cov_22.6927_ID_49-processed-gene-0.54&CDS=1-1587
OG0000767	YCR063W	snap_masked-NODE_25_length_134608_cov_22.6927_ID_49-processed-gene-0.53-mRNA-1_1&gene=snap_masked-NODE_25_length_134608_cov_22.6927_ID_49-processed-gene-0.53&CDS=1-474
OG0000768	YCR065W	snap_masked-NODE_25_length_134608_cov_22.6927_ID_49-processed-gene-0.52-mRNA-1_1&gene=snap_masked-NODE_25_length_134608_cov_22.6927_ID_49-processed-gene-0.52&CDS=1-1674
OG0000769	YCR066W	snap_masked-NODE_25_length_134608_cov_22.6927_ID_49-processed-gene-0.51-mRNA-1_1&gene=snap_masked-NODE_25_length_134608_cov_22.6927_ID_49-processed-gene-0.51&CDS=1-1383
OG0000770	YCR068W	augustus_masked-NODE_25_length_134608_cov_22.6927_ID_49-processed-gene-0.104-mRNA-1_1&gene=augustus_masked-NODE_25_length_134608_cov_22.6927_ID_49-processed-gene-0.104&CDS=1-1557
OG0000771	YCR069W	augustus_masked-NODE_3_length_402036_cov_21.609_ID_5-processed-gene-3.91-mRNA-1_1&gene=augustus_masked-NODE_3_length_402036_cov_21.609_ID_5-processed-gene-3.91&CDS=1-954
OG0000772	YCR071C	snap_masked-NODE_25_length_134608_cov_22.6927_ID_49-processed-gene-0.22-mRNA-1_1&gene=snap_masked-NODE_25_length_134608_cov_22.6927_ID_49-processed-gene-0.22&CDS=1-405
OG0000773	YCR072C	snap_masked-NODE_25_length_134608_cov_22.6927_ID_49-processed-gene-0.21-mRNA-1_1&gene=snap_masked-NODE_25_length_134608_cov_22.6927_ID_49-processed-gene-0.21&CDS=1-1563
OG0000774	YCR075C	snap_masked-NODE_25_length_134608_cov_22.6927_ID_49-processed-gene-0.19-mRNA-1_1&gene=snap_masked-NODE_25_length_134608_cov_22.6927_ID_49-processed-gene-0.19&CDS=1-768
OG0000775	YCR075W-A	snap_masked-NODE_25_length_134608_cov_22.6927_ID_49-processed-gene-0.49-mRNA-1_1&gene=snap_masked-NODE_25_length_134608_cov_22.6927_ID_49-processed-gene-0.49&CDS=1-234
OG0000776	YCR076C	augustus_masked-NODE_25_length_134608_cov_22.6927_ID_49-processed-gene-0.72-mRNA-1_1&gene=augustus_masked-NODE_25_length_134608_cov_22.6927_ID_49-processed-gene-0.72&CDS=1-798
OG0000777	YCR077C	snap_masked-NODE_25_length_134608_cov_22.6927_ID_49-processed-gene-0.17-mRNA-1_1&gene=snap_masked-NODE_25_length_134608_cov_22.6927_ID_49-processed-gene-0.17&CDS=1-2436
OG0000778	YCR081W	augustus_masked-NODE_25_length_134608_cov_22.6927_ID_49-processed-gene-0.99-mRNA-1_1&gene=augustus_masked-NODE_25_length_134608_cov_22.6927_ID_49-processed-gene-0.99&CDS=1-5766
OG0000779	YCR083W	augustus_masked-NODE_25_length_134608_cov_22.6927_ID_49-processed-gene-0.98-mRNA-1_1&gene=augustus_masked-NODE_25_length_134608_cov_22.6927_ID_49-processed-gene-0.98&CDS=1-387
OG0000780	YCR086W	snap_masked-NODE_25_length_134608_cov_22.6927_ID_49-processed-gene-0.41-mRNA-1_1&gene=snap_masked-NODE_25_length_134608_cov_22.6927_ID_49-processed-gene-0.41&CDS=1-531
OG0000781	YCR087C-A	snap_masked-NODE_25_length_134608_cov_22.6927_ID_49-processed-gene-0.14-mRNA-1_1&gene=snap_masked-NODE_25_length_134608_cov_22.6927_ID_49-processed-gene-0.14&CDS=1-450
OG0000782	YCR088W	snap_masked-NODE_25_length_134608_cov_22.6927_ID_49-processed-gene-0.40-mRNA-1_1&gene=snap_masked-NODE_25_length_134608_cov_22.6927_ID_49-processed-gene-0.40&CDS=1-1689
OG0000783	YCR090C	snap_masked-NODE_25_length_134608_cov_22.6927_ID_49-processed-gene-0.13-mRNA-1_1&gene=snap_masked-NODE_25_length_134608_cov_22.6927_ID_49-processed-gene-0.13&CDS=1-534
OG0000784	YCR092C	snap_masked-NODE_25_length_134608_cov_22.6927_ID_49-processed-gene-0.12-mRNA-1_1&gene=snap_masked-NODE_25_length_134608_cov_22.6927_ID_49-processed-gene-0.12&CDS=1-2916
OG0000785	YCR093W	maker-NODE_25_length_134608_cov_22.6927_ID_49-snap-gene-0.0-mRNA-1_1&gene=maker-NODE_25_length_134608_cov_22.6927_ID_49-snap-gene-0.0&CDS=1-7431
OG0000786	YCR095C	snap_masked-NODE_25_length_134608_cov_22.6927_ID_49-processed-gene-0.11-mRNA-1_1&gene=snap_masked-NODE_25_length_134608_cov_22.6927_ID_49-processed-gene-0.11&CDS=1-1167
OG0000787	YCR106W	snap_masked-NODE_10_length_278180_cov_22.5073_ID_19-processed-gene-1.138-mRNA-1_1&gene=snap_masked-NODE_10_length_278180_cov_22.5073_ID_19-processed-gene-1.138&CDS=1-2559
OG0000788	YDL001W	snap_masked-NODE_1_length_611906_cov_21.093_ID_1-processed-gene-5.129-mRNA-1_1&gene=snap_masked-NODE_1_length_611906_cov_21.093_ID_1-processed-gene-5.129&CDS=1-1374
OG0000789	YDL002C	augustus_masked-NODE_1_length_611906_cov_21.093_ID_1-processed-gene-5.72-mRNA-1_1&gene=augustus_masked-NODE_1_length_611906_cov_21.093_ID_1-processed-gene-5.72&CDS=1-714
OG0000790	YDL003W	snap_masked-NODE_8_length_292075_cov_22.5245_ID_15-processed-gene-0.8-mRNA-1_1&gene=snap_masked-NODE_8_length_292075_cov_22.5245_ID_15-processed-gene-0.8&CDS=1-1725
OG0000791	YDL004W	snap_masked-NODE_8_length_292075_cov_22.5245_ID_15-processed-gene-0.7-mRNA-1_1&gene=snap_masked-NODE_8_length_292075_cov_22.5245_ID_15-processed-gene-0.7&CDS=1-486
OG0000792	YDL005C	augustus_masked-NODE_1_length_611906_cov_21.093_ID_1-processed-gene-5.71-mRNA-1_1&gene=augustus_masked-NODE_1_length_611906_cov_21.093_ID_1-processed-gene-5.71&CDS=1-1032
OG0000793	YDL006W	augustus_masked-NODE_1_length_611906_cov_21.093_ID_1-processed-gene-5.104-mRNA-1_1&gene=augustus_masked-NODE_1_length_611906_cov_21.093_ID_1-processed-gene-5.104&CDS=1-867
OG0000794	YDL007W	augustus_masked-NODE_8_length_292075_cov_22.5245_ID_15-processed-gene-0.61-mRNA-1_1&gene=augustus_masked-NODE_8_length_292075_cov_22.5245_ID_15-processed-gene-0.61&CDS=1-1305
OG0000795	YDL008W	snap_masked-NODE_1_length_611906_cov_21.093_ID_1-processed-gene-4.87-mRNA-1_1&gene=snap_masked-NODE_1_length_611906_cov_21.093_ID_1-processed-gene-4.87&CDS=1-600
OG0000796	YDL010W	snap_masked-NODE_1_length_611906_cov_21.093_ID_1-processed-gene-4.86-mRNA-1_1&gene=snap_masked-NODE_1_length_611906_cov_21.093_ID_1-processed-gene-4.86&CDS=1-660
OG0000797	YDL012C	snap_masked-NODE_1_length_611906_cov_21.093_ID_1-processed-gene-4.85-mRNA-1_1&gene=snap_masked-NODE_1_length_611906_cov_21.093_ID_1-processed-gene-4.85&CDS=1-318
OG0000798	YDL013W	snap_masked-NODE_1_length_611906_cov_21.093_ID_1-processed-gene-4.104-mRNA-1_1&gene=snap_masked-NODE_1_length_611906_cov_21.093_ID_1-processed-gene-4.104&CDS=1-1986
OG0000799	YDL014W	snap_masked-NODE_1_length_611906_cov_21.093_ID_1-processed-gene-5.175-mRNA-1_1&gene=snap_masked-NODE_1_length_611906_cov_21.093_ID_1-processed-gene-5.175&CDS=1-963
OG0000800	YDL015C	snap_masked-NODE_1_length_611906_cov_21.093_ID_1-processed-gene-5.140-mRNA-1_1&gene=snap_masked-NODE_1_length_611906_cov_21.093_ID_1-processed-gene-5.140&CDS=1-921
OG0000801	YDL017W	augustus_masked-NODE_1_length_611906_cov_21.093_ID_1-processed-gene-5.112-mRNA-1_1&gene=augustus_masked-NODE_1_length_611906_cov_21.093_ID_1-processed-gene-5.112&CDS=1-1482
OG0000802	YDL020C	snap_masked-NODE_1_length_611906_cov_21.093_ID_1-processed-gene-5.144-mRNA-1_1&gene=snap_masked-NODE_1_length_611906_cov_21.093_ID_1-processed-gene-5.144&CDS=1-1311
OG0000803	YDL025C	snap_masked-NODE_1_length_611906_cov_21.093_ID_1-processed-gene-5.145-mRNA-1_1&gene=snap_masked-NODE_1_length_611906_cov_21.093_ID_1-processed-gene-5.145&CDS=1-1506
OG0000804	YDL027C	augustus_masked-NODE_1_length_611906_cov_21.093_ID_1-processed-gene-5.85-mRNA-1_1&gene=augustus_masked-NODE_1_length_611906_cov_21.093_ID_1-processed-gene-5.85&CDS=1-1086
OG0000805	YDL028C	snap_masked-NODE_1_length_611906_cov_21.093_ID_1-processed-gene-5.148-mRNA-1_1&gene=snap_masked-NODE_1_length_611906_cov_21.093_ID_1-processed-gene-5.148&CDS=1-2382
OG0000806	YDL029W	augustus_masked-NODE_8_length_292075_cov_22.5245_ID_15-processed-gene-1.15-mRNA-1_1&gene=augustus_masked-NODE_8_length_292075_cov_22.5245_ID_15-processed-gene-1.15&CDS=1-2619
OG0000807	YDL031W	snap_masked-NODE_8_length_292075_cov_22.5245_ID_15-processed-gene-1.101-mRNA-1_1&gene=snap_masked-NODE_8_length_292075_cov_22.5245_ID_15-processed-gene-1.101&CDS=1-2940
OG0000808	YDL033C	genemark-NODE_1_length_611906_cov_21.093_ID_1-processed-gene-5.20-mRNA-1_1&gene=genemark-NODE_1_length_611906_cov_21.093_ID_1-processed-gene-5.20&CDS=1-1134
OG0000809	YDL040C	snap_masked-NODE_1_length_611906_cov_21.093_ID_1-processed-gene-5.153-mRNA-1_1&gene=snap_masked-NODE_1_length_611906_cov_21.093_ID_1-processed-gene-5.153&CDS=1-2520
OG0000810	YDL042C	snap_masked-NODE_1_length_611906_cov_21.093_ID_1-processed-gene-5.155-mRNA-1_1&gene=snap_masked-NODE_1_length_611906_cov_21.093_ID_1-processed-gene-5.155&CDS=1-1359
OG0000811	YDL043C	snap_masked-NODE_1_length_611906_cov_21.093_ID_1-processed-gene-5.156-mRNA-1_1&gene=snap_masked-NODE_1_length_611906_cov_21.093_ID_1-processed-gene-5.156&CDS=1-804
OG0000812	YDL044C	snap_masked-NODE_1_length_611906_cov_21.093_ID_1-processed-gene-5.158-mRNA-1_1&gene=snap_masked-NODE_1_length_611906_cov_21.093_ID_1-processed-gene-5.158&CDS=1-1206
OG0000813	YDL045C	genemark-NODE_1_length_611906_cov_21.093_ID_1-processed-gene-5.30-mRNA-1_1&gene=genemark-NODE_1_length_611906_cov_21.093_ID_1-processed-gene-5.30&CDS=1-906
OG0000814	YDL047W	maker-NODE_1_length_611906_cov_21.093_ID_1-augustus-gene-5.197-mRNA-1_1&gene=maker-NODE_1_length_611906_cov_21.093_ID_1-augustus-gene-5.197&CDS=1-1674
OG0000815	YDL051W	snap_masked-NODE_16_length_197293_cov_20.9529_ID_31-processed-gene-0.193-mRNA-1_1&gene=snap_masked-NODE_16_length_197293_cov_20.9529_ID_31-processed-gene-0.193&CDS=1-798
OG0000816	YDL052C	augustus_masked-NODE_16_length_197293_cov_20.9529_ID_31-processed-gene-0.42-mRNA-1_1&gene=augustus_masked-NODE_16_length_197293_cov_20.9529_ID_31-processed-gene-0.42&CDS=1-843
OG0000817	YDL053C	snap_masked-NODE_16_length_197293_cov_20.9529_ID_31-processed-gene-0.145-mRNA-1_1&gene=snap_masked-NODE_16_length_197293_cov_20.9529_ID_31-processed-gene-0.145&CDS=1-456
OG0000818	YDL054C	snap_masked-NODE_16_length_197293_cov_20.9529_ID_31-processed-gene-0.146-mRNA-1_1&gene=snap_masked-NODE_16_length_197293_cov_20.9529_ID_31-processed-gene-0.146&CDS=1-1539
OG0000819	YDL055C	snap_masked-NODE_16_length_197293_cov_20.9529_ID_31-processed-gene-0.147-mRNA-1_1&gene=snap_masked-NODE_16_length_197293_cov_20.9529_ID_31-processed-gene-0.147&CDS=1-1083
OG0000820	YDL056W	snap_masked-NODE_16_length_197293_cov_20.9529_ID_31-processed-gene-0.195-mRNA-1_1&gene=snap_masked-NODE_16_length_197293_cov_20.9529_ID_31-processed-gene-0.195&CDS=1-2442
OG0000821	YDL057W	augustus_masked-NODE_16_length_197293_cov_20.9529_ID_31-processed-gene-0.90-mRNA-1_1&gene=augustus_masked-NODE_16_length_197293_cov_20.9529_ID_31-processed-gene-0.90&CDS=1-1002
OG0000822	YDL058W	snap_masked-NODE_16_length_197293_cov_20.9529_ID_31-processed-gene-0.197-mRNA-1_1&gene=snap_masked-NODE_16_length_197293_cov_20.9529_ID_31-processed-gene-0.197&CDS=1-6459
OG0000823	YDL060W	augustus_masked-NODE_13_length_242978_cov_21.7015_ID_25-processed-gene-1.166-mRNA-1_1&gene=augustus_masked-NODE_13_length_242978_cov_21.7015_ID_25-processed-gene-1.166&CDS=1-3498
OG0000824	YDL063C	maker-NODE_16_length_197293_cov_20.9529_ID_31-augustus-gene-0.206-mRNA-1_1&gene=maker-NODE_16_length_197293_cov_20.9529_ID_31-augustus-gene-0.206&CDS=1-2364
OG0000825	YDL064W	snap_masked-NODE_16_length_197293_cov_20.9529_ID_31-processed-gene-0.198-mRNA-1_1&gene=snap_masked-NODE_16_length_197293_cov_20.9529_ID_31-processed-gene-0.198&CDS=1-471
OG0000826	YDL065C	snap_masked-NODE_16_length_197293_cov_20.9529_ID_31-processed-gene-0.150-mRNA-1_1&gene=snap_masked-NODE_16_length_197293_cov_20.9529_ID_31-processed-gene-0.150&CDS=1-849
OG0000827	YDL067C	snap_masked-NODE_16_length_197293_cov_20.9529_ID_31-processed-gene-0.151-mRNA-1_1&gene=snap_masked-NODE_16_length_197293_cov_20.9529_ID_31-processed-gene-0.151&CDS=1-183
OG0000828	YDL072C	snap_masked-NODE_16_length_197293_cov_20.9529_ID_31-processed-gene-0.153-mRNA-1_1&gene=snap_masked-NODE_16_length_197293_cov_20.9529_ID_31-processed-gene-0.153&CDS=1-519
OG0000829	YDL073W	augustus_masked-NODE_16_length_197293_cov_20.9529_ID_31-processed-gene-0.94-mRNA-1_1&gene=augustus_masked-NODE_16_length_197293_cov_20.9529_ID_31-processed-gene-0.94&CDS=1-2136
OG0000830	YDL074C	snap_masked-NODE_16_length_197293_cov_20.9529_ID_31-processed-gene-0.154-mRNA-1_1&gene=snap_masked-NODE_16_length_197293_cov_20.9529_ID_31-processed-gene-0.154&CDS=1-2049
OG0000831	YDL076C	augustus_masked-NODE_16_length_197293_cov_20.9529_ID_31-processed-gene-0.51-mRNA-1_1&gene=augustus_masked-NODE_16_length_197293_cov_20.9529_ID_31-processed-gene-0.51&CDS=1-852
OG0000832	YDL077C	augustus_masked-NODE_33_length_108832_cov_20.4996_ID_65-processed-gene-0.155-mRNA-1_1&gene=augustus_masked-NODE_33_length_108832_cov_20.4996_ID_65-processed-gene-0.155&CDS=1-3162
OG0000833	YDL078C	snap_masked-NODE_12_length_246126_cov_21.8889_ID_23-processed-gene-1.30-mRNA-1_1&gene=snap_masked-NODE_12_length_246126_cov_21.8889_ID_23-processed-gene-1.30&CDS=1-1038
OG0000834	YDL081C	snap_masked-NODE_12_length_246126_cov_21.8889_ID_23-processed-gene-1.35-mRNA-1_1&gene=snap_masked-NODE_12_length_246126_cov_21.8889_ID_23-processed-gene-1.35&CDS=1-315
OG0000835	YDL084W	snap_masked-NODE_12_length_246126_cov_21.8889_ID_23-processed-gene-1.67-mRNA-1_1&gene=snap_masked-NODE_12_length_246126_cov_21.8889_ID_23-processed-gene-1.67&CDS=1-1332
OG0000836	YDL085C-A	snap_masked-NODE_1_length_611906_cov_21.093_ID_1-processed-gene-1.127-mRNA-1_1&gene=snap_masked-NODE_1_length_611906_cov_21.093_ID_1-processed-gene-1.127&CDS=1-204
OG0000837	YDL086W	snap_masked-NODE_12_length_246126_cov_21.8889_ID_23-processed-gene-1.70-mRNA-1_1&gene=snap_masked-NODE_12_length_246126_cov_21.8889_ID_23-processed-gene-1.70&CDS=1-822
OG0000838	YDL087C	snap_masked-NODE_12_length_246126_cov_21.8889_ID_23-processed-gene-1.39-mRNA-1_1&gene=snap_masked-NODE_12_length_246126_cov_21.8889_ID_23-processed-gene-1.39&CDS=1-735
OG0000839	YDL088C	snap_masked-NODE_97_length_11033_cov_20.7506_ID_193-processed-gene-0.20-mRNA-1_1&gene=snap_masked-NODE_97_length_11033_cov_20.7506_ID_193-processed-gene-0.20&CDS=1-1350
OG0000840	YDL089W	augustus_masked-NODE_12_length_246126_cov_21.8889_ID_23-processed-gene-1.140-mRNA-1_1&gene=augustus_masked-NODE_12_length_246126_cov_21.8889_ID_23-processed-gene-1.140&CDS=1-1599
OG0000841	YDL090C	snap_masked-NODE_12_length_246126_cov_21.8889_ID_23-processed-gene-1.40-mRNA-1_1&gene=snap_masked-NODE_12_length_246126_cov_21.8889_ID_23-processed-gene-1.40&CDS=1-1272
OG0000842	YDL091C	augustus_masked-NODE_12_length_246126_cov_21.8889_ID_23-processed-gene-1.110-mRNA-1_1&gene=augustus_masked-NODE_12_length_246126_cov_21.8889_ID_23-processed-gene-1.110&CDS=1-1299
OG0000843	YDL092W	snap_masked-NODE_12_length_246126_cov_21.8889_ID_23-processed-gene-1.73-mRNA-1_1&gene=snap_masked-NODE_12_length_246126_cov_21.8889_ID_23-processed-gene-1.73&CDS=1-411
OG0000844	YDL097C	snap_masked-NODE_12_length_246126_cov_21.8889_ID_23-processed-gene-1.42-mRNA-1_1&gene=snap_masked-NODE_12_length_246126_cov_21.8889_ID_23-processed-gene-1.42&CDS=1-1266
OG0000845	YDL098C	snap_masked-NODE_12_length_246126_cov_21.8889_ID_23-processed-gene-1.43-mRNA-1_1&gene=snap_masked-NODE_12_length_246126_cov_21.8889_ID_23-processed-gene-1.43&CDS=1-546
OG0000846	YDL099W	snap_masked-NODE_12_length_246126_cov_21.8889_ID_23-processed-gene-1.76-mRNA-1_1&gene=snap_masked-NODE_12_length_246126_cov_21.8889_ID_23-processed-gene-1.76&CDS=1-1158
OG0000847	YDL100C	snap_masked-NODE_12_length_246126_cov_21.8889_ID_23-processed-gene-1.44-mRNA-1_1&gene=snap_masked-NODE_12_length_246126_cov_21.8889_ID_23-processed-gene-1.44&CDS=1-1062
OG0000848	YDL101C	snap_masked-NODE_12_length_246126_cov_21.8889_ID_23-processed-gene-1.45-mRNA-1_1&gene=snap_masked-NODE_12_length_246126_cov_21.8889_ID_23-processed-gene-1.45&CDS=1-1518
OG0000849	YDL102W	snap_masked-NODE_12_length_246126_cov_21.8889_ID_23-processed-gene-1.77-mRNA-1_1&gene=snap_masked-NODE_12_length_246126_cov_21.8889_ID_23-processed-gene-1.77&CDS=1-3282
OG0000850	YDL103C	augustus_masked-NODE_12_length_246126_cov_21.8889_ID_23-processed-gene-1.116-mRNA-1_1&gene=augustus_masked-NODE_12_length_246126_cov_21.8889_ID_23-processed-gene-1.116&CDS=1-1422
OG0000851	YDL104C	snap_masked-NODE_12_length_246126_cov_21.8889_ID_23-processed-gene-1.47-mRNA-1_1&gene=snap_masked-NODE_12_length_246126_cov_21.8889_ID_23-processed-gene-1.47&CDS=1-1155
OG0000852	YDL105W	augustus_masked-NODE_12_length_246126_cov_21.8889_ID_23-processed-gene-1.146-mRNA-1_1&gene=augustus_masked-NODE_12_length_246126_cov_21.8889_ID_23-processed-gene-1.146&CDS=1-1089
OG0000853	YDL106C	augustus_masked-NODE_12_length_246126_cov_21.8889_ID_23-processed-gene-1.118-mRNA-1_1&gene=augustus_masked-NODE_12_length_246126_cov_21.8889_ID_23-processed-gene-1.118&CDS=1-1743
OG0000854	YDL107W	augustus_masked-NODE_12_length_246126_cov_21.8889_ID_23-processed-gene-1.147-mRNA-1_1&gene=augustus_masked-NODE_12_length_246126_cov_21.8889_ID_23-processed-gene-1.147&CDS=1-1059
OG0000855	YDL108W	snap_masked-NODE_12_length_246126_cov_21.8889_ID_23-processed-gene-1.80-mRNA-1_1&gene=snap_masked-NODE_12_length_246126_cov_21.8889_ID_23-processed-gene-1.80&CDS=1-960
OG0000856	YDL111C	snap_masked-NODE_2_length_515064_cov_21.8181_ID_3-processed-gene-4.4-mRNA-1_1&gene=snap_masked-NODE_2_length_515064_cov_21.8181_ID_3-processed-gene-4.4&CDS=1-786
OG0000857	YDL112W	snap_masked-NODE_12_length_246126_cov_21.8889_ID_23-processed-gene-1.81-mRNA-1_1&gene=snap_masked-NODE_12_length_246126_cov_21.8889_ID_23-processed-gene-1.81&CDS=1-4260
OG0000858	YDL113C	snap_masked-NODE_12_length_246126_cov_21.8889_ID_23-processed-gene-1.50-mRNA-1_1&gene=snap_masked-NODE_12_length_246126_cov_21.8889_ID_23-processed-gene-1.50&CDS=1-1920
OG0000859	YDL114W	snap_masked-NODE_12_length_246126_cov_21.8889_ID_23-processed-gene-1.82-mRNA-1_1&gene=snap_masked-NODE_12_length_246126_cov_21.8889_ID_23-processed-gene-1.82&CDS=1-216
OG0000860	YDL115C	maker-NODE_12_length_246126_cov_21.8889_ID_23-augustus-gene-1.12-mRNA-1_1&gene=maker-NODE_12_length_246126_cov_21.8889_ID_23-augustus-gene-1.12&CDS=1-1050
OG0000861	YDL117W	augustus_masked-NODE_12_length_246126_cov_21.8889_ID_23-processed-gene-1.150-mRNA-1_1&gene=augustus_masked-NODE_12_length_246126_cov_21.8889_ID_23-processed-gene-1.150&CDS=1-4743
OG0000862	YDL119C	snap_masked-NODE_12_length_246126_cov_21.8889_ID_23-processed-gene-1.52-mRNA-1_1&gene=snap_masked-NODE_12_length_246126_cov_21.8889_ID_23-processed-gene-1.52&CDS=1-915
OG0000863	YDL120W	snap_masked-NODE_12_length_246126_cov_21.8889_ID_23-processed-gene-1.85-mRNA-1_1&gene=snap_masked-NODE_12_length_246126_cov_21.8889_ID_23-processed-gene-1.85&CDS=1-528
OG0000864	YDL121C	snap_masked-NODE_12_length_246126_cov_21.8889_ID_23-processed-gene-1.53-mRNA-1_1&gene=snap_masked-NODE_12_length_246126_cov_21.8889_ID_23-processed-gene-1.53&CDS=1-444
OG0000865	YDL122W	snap_masked-NODE_12_length_246126_cov_21.8889_ID_23-processed-gene-1.86-mRNA-1_1&gene=snap_masked-NODE_12_length_246126_cov_21.8889_ID_23-processed-gene-1.86&CDS=1-2085
OG0000866	YDL123W	snap_masked-NODE_4_length_372424_cov_21.2575_ID_7-processed-gene-1.3-mRNA-1_1&gene=snap_masked-NODE_4_length_372424_cov_21.2575_ID_7-processed-gene-1.3&CDS=1-423
OG0000867	YDL125C	snap_masked-NODE_4_length_372424_cov_21.2575_ID_7-processed-gene-1.2-mRNA-1_1&gene=snap_masked-NODE_4_length_372424_cov_21.2575_ID_7-processed-gene-1.2&CDS=1-444
OG0000868	YDL126C	maker-NODE_6_length_297843_cov_20.8202_ID_11-snap-gene-0.46-mRNA-1_1&gene=maker-NODE_6_length_297843_cov_20.8202_ID_11-snap-gene-0.46&CDS=1-2925
OG0000869	YDL128W	snap_masked-NODE_6_length_297843_cov_20.8202_ID_11-processed-gene-0.85-mRNA-1_1&gene=snap_masked-NODE_6_length_297843_cov_20.8202_ID_11-processed-gene-0.85&CDS=1-1239
OG0000870	YDL129W	augustus_masked-NODE_4_length_372424_cov_21.2575_ID_7-processed-gene-0.78-mRNA-1_1&gene=augustus_masked-NODE_4_length_372424_cov_21.2575_ID_7-processed-gene-0.78&CDS=1-714
OG0000871	YDL130W	maker-NODE_6_length_297843_cov_20.8202_ID_11-snap-gene-0.50-mRNA-1_1&gene=maker-NODE_6_length_297843_cov_20.8202_ID_11-snap-gene-0.50&CDS=1-318
OG0000872	YDL132W	snap_masked-NODE_4_length_372424_cov_21.2575_ID_7-processed-gene-0.26-mRNA-1_1&gene=snap_masked-NODE_4_length_372424_cov_21.2575_ID_7-processed-gene-0.26&CDS=1-2472
OG0000873	YDL133W	snap_masked-NODE_4_length_372424_cov_21.2575_ID_7-processed-gene-0.25-mRNA-1_1&gene=snap_masked-NODE_4_length_372424_cov_21.2575_ID_7-processed-gene-0.25&CDS=1-1212
OG0000874	YDL134C	snap_masked-NODE_4_length_372424_cov_21.2575_ID_7-processed-gene-0.48-mRNA-1_1&gene=snap_masked-NODE_4_length_372424_cov_21.2575_ID_7-processed-gene-0.48&CDS=1-1101
OG0000875	YDL135C	snap_masked-NODE_4_length_372424_cov_21.2575_ID_7-processed-gene-0.47-mRNA-1_1&gene=snap_masked-NODE_4_length_372424_cov_21.2575_ID_7-processed-gene-0.47&CDS=1-600
OG0000876	YDL139C	snap_masked-NODE_4_length_372424_cov_21.2575_ID_7-processed-gene-0.46-mRNA-1_1&gene=snap_masked-NODE_4_length_372424_cov_21.2575_ID_7-processed-gene-0.46&CDS=1-564
OG0000877	YDL140C	snap_masked-NODE_4_length_372424_cov_21.2575_ID_7-processed-gene-0.45-mRNA-1_1&gene=snap_masked-NODE_4_length_372424_cov_21.2575_ID_7-processed-gene-0.45&CDS=1-5160
OG0000878	YDL141W	snap_masked-NODE_4_length_372424_cov_21.2575_ID_7-processed-gene-0.20-mRNA-1_1&gene=snap_masked-NODE_4_length_372424_cov_21.2575_ID_7-processed-gene-0.20&CDS=1-2067
OG0000879	YDL143W	snap_masked-NODE_4_length_372424_cov_21.2575_ID_7-processed-gene-0.19-mRNA-1_1&gene=snap_masked-NODE_4_length_372424_cov_21.2575_ID_7-processed-gene-0.19&CDS=1-1590
OG0000880	YDL144C	snap_masked-NODE_4_length_372424_cov_21.2575_ID_7-processed-gene-0.44-mRNA-1_1&gene=snap_masked-NODE_4_length_372424_cov_21.2575_ID_7-processed-gene-0.44&CDS=1-1065
OG0000881	YDL145C	snap_masked-NODE_6_length_297843_cov_20.8202_ID_11-processed-gene-0.68-mRNA-1_1&gene=snap_masked-NODE_6_length_297843_cov_20.8202_ID_11-processed-gene-0.68&CDS=1-4821
OG0000882	YDL146W	snap_masked-NODE_4_length_372424_cov_21.2575_ID_7-processed-gene-0.18-mRNA-1_1&gene=snap_masked-NODE_4_length_372424_cov_21.2575_ID_7-processed-gene-0.18&CDS=1-1524
OG0000883	YDL147W	snap_masked-NODE_4_length_372424_cov_21.2575_ID_7-processed-gene-0.17-mRNA-1_1&gene=snap_masked-NODE_4_length_372424_cov_21.2575_ID_7-processed-gene-0.17&CDS=1-1338
OG0000884	YDL148C	snap_masked-NODE_4_length_372424_cov_21.2575_ID_7-processed-gene-0.43-mRNA-1_1&gene=snap_masked-NODE_4_length_372424_cov_21.2575_ID_7-processed-gene-0.43&CDS=1-2472
OG0000885	YDL149W	snap_masked-NODE_4_length_372424_cov_21.2575_ID_7-processed-gene-0.16-mRNA-1_1&gene=snap_masked-NODE_4_length_372424_cov_21.2575_ID_7-processed-gene-0.16&CDS=1-2883
OG0000886	YDL150W	snap_masked-NODE_4_length_372424_cov_21.2575_ID_7-processed-gene-0.15-mRNA-1_1&gene=snap_masked-NODE_4_length_372424_cov_21.2575_ID_7-processed-gene-0.15&CDS=1-1317
OG0000887	YDL153C	snap_masked-NODE_4_length_372424_cov_21.2575_ID_7-processed-gene-0.42-mRNA-1_1&gene=snap_masked-NODE_4_length_372424_cov_21.2575_ID_7-processed-gene-0.42&CDS=1-1803
OG0000888	YDL154W	augustus_masked-NODE_4_length_372424_cov_21.2575_ID_7-processed-gene-0.62-mRNA-1_1&gene=augustus_masked-NODE_4_length_372424_cov_21.2575_ID_7-processed-gene-0.62&CDS=1-2418
OG0000889	YDL156W	snap_masked-NODE_4_length_372424_cov_21.2575_ID_7-processed-gene-0.11-mRNA-1_1&gene=snap_masked-NODE_4_length_372424_cov_21.2575_ID_7-processed-gene-0.11&CDS=1-1515
OG0000890	YDL157C	snap_masked-NODE_4_length_372424_cov_21.2575_ID_7-processed-gene-0.41-mRNA-1_1&gene=snap_masked-NODE_4_length_372424_cov_21.2575_ID_7-processed-gene-0.41&CDS=1-297
OG0000891	YDL159W	snap_masked-NODE_4_length_372424_cov_21.2575_ID_7-processed-gene-0.10-mRNA-1_1&gene=snap_masked-NODE_4_length_372424_cov_21.2575_ID_7-processed-gene-0.10&CDS=1-1671
OG0000892	YDL160C	snap_masked-NODE_4_length_372424_cov_21.2575_ID_7-processed-gene-0.40-mRNA-1_1&gene=snap_masked-NODE_4_length_372424_cov_21.2575_ID_7-processed-gene-0.40&CDS=1-1500
OG0000893	YDL160C-A	snap_masked-NODE_4_length_372424_cov_21.2575_ID_7-processed-gene-0.39-mRNA-1_1&gene=snap_masked-NODE_4_length_372424_cov_21.2575_ID_7-processed-gene-0.39&CDS=1-228
OG0000894	YDL164C	augustus_masked-NODE_4_length_372424_cov_21.2575_ID_7-processed-gene-0.54-mRNA-1_1&gene=augustus_masked-NODE_4_length_372424_cov_21.2575_ID_7-processed-gene-0.54&CDS=1-1992
OG0000895	YDL165W	snap_masked-NODE_4_length_372424_cov_21.2575_ID_7-processed-gene-0.37-mRNA-1_1&gene=snap_masked-NODE_4_length_372424_cov_21.2575_ID_7-processed-gene-0.37&CDS=1-573
OG0000896	YDL166C	snap_masked-NODE_4_length_372424_cov_21.2575_ID_7-processed-gene-0.7-mRNA-1_1&gene=snap_masked-NODE_4_length_372424_cov_21.2575_ID_7-processed-gene-0.7&CDS=1-672
OG0000897	YDL167C	snap_masked-NODE_4_length_372424_cov_21.2575_ID_7-processed-gene-0.8-mRNA-1_1&gene=snap_masked-NODE_4_length_372424_cov_21.2575_ID_7-processed-gene-0.8&CDS=1-1782
OG0000898	YDL168W	snap_masked-NODE_4_length_372424_cov_21.2575_ID_7-processed-gene-0.38-mRNA-1_1&gene=snap_masked-NODE_4_length_372424_cov_21.2575_ID_7-processed-gene-0.38&CDS=1-1140
OG0000899	YDL171C	augustus_masked-NODE_4_length_372424_cov_21.2575_ID_7-processed-gene-0.82-mRNA-1_1&gene=augustus_masked-NODE_4_length_372424_cov_21.2575_ID_7-processed-gene-0.82&CDS=1-6207
OG0000900	YDL173W	snap_masked-NODE_4_length_372424_cov_21.2575_ID_7-processed-gene-0.5-mRNA-1_1&gene=snap_masked-NODE_4_length_372424_cov_21.2575_ID_7-processed-gene-0.5&CDS=1-639
OG0000901	YDL174C	snap_masked-NODE_4_length_372424_cov_21.2575_ID_7-processed-gene-0.33-mRNA-1_1&gene=snap_masked-NODE_4_length_372424_cov_21.2575_ID_7-processed-gene-0.33&CDS=1-1755
OG0000902	YDL176W	snap_masked-NODE_6_length_297843_cov_20.8202_ID_11-processed-gene-0.82-mRNA-1_1&gene=snap_masked-NODE_6_length_297843_cov_20.8202_ID_11-processed-gene-0.82&CDS=1-2109
OG0000903	YDL177C	augustus_masked-NODE_6_length_297843_cov_20.8202_ID_11-processed-gene-0.110-mRNA-1_1&gene=augustus_masked-NODE_6_length_297843_cov_20.8202_ID_11-processed-gene-0.110&CDS=1-465
OG0000904	YDL178W	snap_masked-NODE_6_length_297843_cov_20.8202_ID_11-processed-gene-0.83-mRNA-1_1&gene=snap_masked-NODE_6_length_297843_cov_20.8202_ID_11-processed-gene-0.83&CDS=1-1539
OG0000905	YDL179W	snap_masked-NODE_4_length_372424_cov_21.2575_ID_7-processed-gene-1.0-mRNA-1_1&gene=snap_masked-NODE_4_length_372424_cov_21.2575_ID_7-processed-gene-1.0&CDS=1-846
OG0000906	YDL180W	snap_masked-NODE_6_length_297843_cov_20.8202_ID_11-processed-gene-0.86-mRNA-1_1&gene=snap_masked-NODE_6_length_297843_cov_20.8202_ID_11-processed-gene-0.86&CDS=1-1533
OG0000907	YDL183C	augustus_masked-NODE_6_length_297843_cov_20.8202_ID_11-processed-gene-0.112-mRNA-1_1&gene=augustus_masked-NODE_6_length_297843_cov_20.8202_ID_11-processed-gene-0.112&CDS=1-852
OG0000908	YDL185W	snap_masked-NODE_4_length_372424_cov_21.2575_ID_7-processed-gene-0.24-mRNA-1_1&gene=snap_masked-NODE_4_length_372424_cov_21.2575_ID_7-processed-gene-0.24&CDS=1-1851
OG0000909	YDL186W	snap_masked-NODE_6_length_297843_cov_20.8202_ID_11-processed-gene-0.90-mRNA-1_1&gene=snap_masked-NODE_6_length_297843_cov_20.8202_ID_11-processed-gene-0.90&CDS=1-657
OG0000910	YDL190C	snap_masked-NODE_6_length_297843_cov_20.8202_ID_11-processed-gene-0.65-mRNA-1_1&gene=snap_masked-NODE_6_length_297843_cov_20.8202_ID_11-processed-gene-0.65&CDS=1-2859
OG0000911	YDL193W	snap_masked-NODE_6_length_297843_cov_20.8202_ID_11-processed-gene-0.93-mRNA-1_1&gene=snap_masked-NODE_6_length_297843_cov_20.8202_ID_11-processed-gene-0.93&CDS=1-1053
OG0000912	YDL195W	snap_masked-NODE_6_length_297843_cov_20.8202_ID_11-processed-gene-0.95-mRNA-1_1&gene=snap_masked-NODE_6_length_297843_cov_20.8202_ID_11-processed-gene-0.95&CDS=1-3813
OG0000913	YDL198C	snap_masked-NODE_63_length_47375_cov_21.1743_ID_125-processed-gene-0.37-mRNA-1_1&gene=snap_masked-NODE_63_length_47375_cov_21.1743_ID_125-processed-gene-0.37&CDS=1-903
OG0000914	YDL200C	snap_masked-NODE_63_length_47375_cov_21.1743_ID_125-processed-gene-0.36-mRNA-1_1&gene=snap_masked-NODE_63_length_47375_cov_21.1743_ID_125-processed-gene-0.36&CDS=1-516
OG0000915	YDL201W	snap_masked-NODE_15_length_201512_cov_20.2718_ID_29-processed-gene-0.49-mRNA-1_1&gene=snap_masked-NODE_15_length_201512_cov_20.2718_ID_29-processed-gene-0.49&CDS=1-867
OG0000916	YDL202W	snap_masked-NODE_63_length_47375_cov_21.1743_ID_125-processed-gene-0.29-mRNA-1_1&gene=snap_masked-NODE_63_length_47375_cov_21.1743_ID_125-processed-gene-0.29&CDS=1-678
OG0000917	YDL205C	maker-NODE_63_length_47375_cov_21.1743_ID_125-snap-gene-0.62-mRNA-1_1&gene=maker-NODE_63_length_47375_cov_21.1743_ID_125-snap-gene-0.62&CDS=1-2313
OG0000918	YDL206W	snap_masked-NODE_63_length_47375_cov_21.1743_ID_125-processed-gene-0.28-mRNA-1_1&gene=snap_masked-NODE_63_length_47375_cov_21.1743_ID_125-processed-gene-0.28&CDS=1-2013
OG0000919	YDL207W	snap_masked-NODE_63_length_47375_cov_21.1743_ID_125-processed-gene-0.27-mRNA-1_1&gene=snap_masked-NODE_63_length_47375_cov_21.1743_ID_125-processed-gene-0.27&CDS=1-1638
OG0000920	YDL208W	snap_masked-NODE_15_length_201512_cov_20.2718_ID_29-processed-gene-0.43-mRNA-1_1&gene=snap_masked-NODE_15_length_201512_cov_20.2718_ID_29-processed-gene-0.43&CDS=1-450
OG0000921	YDL209C	genemark-NODE_63_length_47375_cov_21.1743_ID_125-processed-gene-0.16-mRNA-1_1&gene=genemark-NODE_63_length_47375_cov_21.1743_ID_125-processed-gene-0.16&CDS=1-891
OG0000922	YDL212W	augustus_masked-NODE_47_length_83271_cov_23.0746_ID_93-processed-gene-0.78-mRNA-1_1&gene=augustus_masked-NODE_47_length_83271_cov_23.0746_ID_93-processed-gene-0.78&CDS=1-603
OG0000923	YDL213C	snap_masked-NODE_47_length_83271_cov_23.0746_ID_93-processed-gene-0.63-mRNA-1_1&gene=snap_masked-NODE_47_length_83271_cov_23.0746_ID_93-processed-gene-0.63&CDS=1-651
OG0000924	YDL215C	snap_masked-NODE_47_length_83271_cov_23.0746_ID_93-processed-gene-0.62-mRNA-1_1&gene=snap_masked-NODE_47_length_83271_cov_23.0746_ID_93-processed-gene-0.62&CDS=1-3285
OG0000925	YDL216C	snap_masked-NODE_47_length_83271_cov_23.0746_ID_93-processed-gene-0.61-mRNA-1_1&gene=snap_masked-NODE_47_length_83271_cov_23.0746_ID_93-processed-gene-0.61&CDS=1-1374
OG0000926	YDL217C	snap_masked-NODE_47_length_83271_cov_23.0746_ID_93-processed-gene-0.60-mRNA-1_1&gene=snap_masked-NODE_47_length_83271_cov_23.0746_ID_93-processed-gene-0.60&CDS=1-582
OG0000927	YDL218W	snap_masked-NODE_47_length_83271_cov_23.0746_ID_93-processed-gene-0.39-mRNA-1_1&gene=snap_masked-NODE_47_length_83271_cov_23.0746_ID_93-processed-gene-0.39&CDS=1-942
OG0000928	YDL219W	snap_masked-NODE_47_length_83271_cov_23.0746_ID_93-processed-gene-0.38-mRNA-1_1&gene=snap_masked-NODE_47_length_83271_cov_23.0746_ID_93-processed-gene-0.38&CDS=1-450
OG0000929	YDL225W	snap_masked-NODE_47_length_83271_cov_23.0746_ID_93-processed-gene-0.37-mRNA-1_1&gene=snap_masked-NODE_47_length_83271_cov_23.0746_ID_93-processed-gene-0.37&CDS=1-1626
OG0000930	YDL226C	snap_masked-NODE_47_length_83271_cov_23.0746_ID_93-processed-gene-0.55-mRNA-1_1&gene=snap_masked-NODE_47_length_83271_cov_23.0746_ID_93-processed-gene-0.55&CDS=1-1068
OG0000931	YDL227C	snap_masked-NODE_68_length_39233_cov_23.1864_ID_135-processed-gene-0.18-mRNA-1_1&gene=snap_masked-NODE_68_length_39233_cov_23.1864_ID_135-processed-gene-0.18&CDS=1-1719
OG0000932	YDL230W	snap_masked-NODE_68_length_39233_cov_23.1864_ID_135-processed-gene-0.26-mRNA-1_1&gene=snap_masked-NODE_68_length_39233_cov_23.1864_ID_135-processed-gene-0.26&CDS=1-999
OG0000933	YDL231C	augustus_masked-NODE_68_length_39233_cov_23.1864_ID_135-processed-gene-0.3-mRNA-1_1&gene=augustus_masked-NODE_68_length_39233_cov_23.1864_ID_135-processed-gene-0.3&CDS=1-3084
OG0000934	YDL233W	augustus_masked-NODE_7_length_294517_cov_21.9556_ID_13-processed-gene-1.100-mRNA-1_1&gene=augustus_masked-NODE_7_length_294517_cov_21.9556_ID_13-processed-gene-1.100&CDS=1-1140
OG0000935	YDL234C	snap_masked-NODE_68_length_39233_cov_23.1864_ID_135-processed-gene-0.20-mRNA-1_1&gene=snap_masked-NODE_68_length_39233_cov_23.1864_ID_135-processed-gene-0.20&CDS=1-2226
OG0000936	YDL235C	snap_masked-NODE_68_length_39233_cov_23.1864_ID_135-processed-gene-0.21-mRNA-1_1&gene=snap_masked-NODE_68_length_39233_cov_23.1864_ID_135-processed-gene-0.21&CDS=1-495
OG0000937	YDL236W	snap_masked-NODE_68_length_39233_cov_23.1864_ID_135-processed-gene-0.29-mRNA-1_1&gene=snap_masked-NODE_68_length_39233_cov_23.1864_ID_135-processed-gene-0.29&CDS=1-924
OG0000938	YDL238C	snap_masked-NODE_68_length_39233_cov_23.1864_ID_135-processed-gene-0.22-mRNA-1_1&gene=snap_masked-NODE_68_length_39233_cov_23.1864_ID_135-processed-gene-0.22&CDS=1-1377
OG0000939	YDL240W	genemark-NODE_92_length_14164_cov_22.438_ID_183-processed-gene-0.4-mRNA-1_1&gene=genemark-NODE_92_length_14164_cov_22.438_ID_183-processed-gene-0.4&CDS=1-2868
OG0000940	YDR001C	augustus_masked-NODE_8_length_292075_cov_22.5245_ID_15-processed-gene-0.41-mRNA-1_1&gene=augustus_masked-NODE_8_length_292075_cov_22.5245_ID_15-processed-gene-0.41&CDS=1-2265
OG0000941	YDR002W	snap_masked-NODE_8_length_292075_cov_22.5245_ID_15-processed-gene-0.21-mRNA-1_1&gene=snap_masked-NODE_8_length_292075_cov_22.5245_ID_15-processed-gene-0.21&CDS=1-594
OG0000942	YDR004W	snap_masked-NODE_1_length_611906_cov_21.093_ID_1-processed-gene-4.106-mRNA-1_1&gene=snap_masked-NODE_1_length_611906_cov_21.093_ID_1-processed-gene-4.106&CDS=1-1365
OG0000943	YDR005C	snap_masked-NODE_1_length_611906_cov_21.093_ID_1-processed-gene-4.91-mRNA-1_1&gene=snap_masked-NODE_1_length_611906_cov_21.093_ID_1-processed-gene-4.91&CDS=1-1098
OG0000944	YDR006C	snap_masked-NODE_1_length_611906_cov_21.093_ID_1-processed-gene-4.90-mRNA-1_1&gene=snap_masked-NODE_1_length_611906_cov_21.093_ID_1-processed-gene-4.90&CDS=1-2580
OG0000945	YDR007W	snap_masked-NODE_20_length_173093_cov_21.6662_ID_39-processed-gene-0.99-mRNA-1_1&gene=snap_masked-NODE_20_length_173093_cov_21.6662_ID_39-processed-gene-0.99&CDS=1-678
OG0000946	YDR011W	snap_masked-NODE_8_length_292075_cov_22.5245_ID_15-processed-gene-0.12-mRNA-1_1&gene=snap_masked-NODE_8_length_292075_cov_22.5245_ID_15-processed-gene-0.12&CDS=1-4428
OG0000947	YDR013W	snap_masked-NODE_1_length_611906_cov_21.093_ID_1-processed-gene-4.81-mRNA-1_1&gene=snap_masked-NODE_1_length_611906_cov_21.093_ID_1-processed-gene-4.81&CDS=1-633
OG0000948	YDR014W	snap_masked-NODE_1_length_611906_cov_21.093_ID_1-processed-gene-4.102-mRNA-1_1&gene=snap_masked-NODE_1_length_611906_cov_21.093_ID_1-processed-gene-4.102&CDS=1-1560
OG0000949	YDR014W-A	snap_masked-NODE_1_length_611906_cov_21.093_ID_1-processed-gene-4.101-mRNA-1_1&gene=snap_masked-NODE_1_length_611906_cov_21.093_ID_1-processed-gene-4.101&CDS=1-618
OG0000950	YDR017C	augustus_masked-NODE_1_length_611906_cov_21.093_ID_1-processed-gene-4.128-mRNA-1_1&gene=augustus_masked-NODE_1_length_611906_cov_21.093_ID_1-processed-gene-4.128&CDS=1-3042
OG0000951	YDR019C	snap_masked-NODE_1_length_611906_cov_21.093_ID_1-processed-gene-4.76-mRNA-1_1&gene=snap_masked-NODE_1_length_611906_cov_21.093_ID_1-processed-gene-4.76&CDS=1-1212
OG0000952	YDR020C	snap_masked-NODE_1_length_611906_cov_21.093_ID_1-processed-gene-4.75-mRNA-1_1&gene=snap_masked-NODE_1_length_611906_cov_21.093_ID_1-processed-gene-4.75&CDS=1-654
OG0000953	YDR021W	snap_masked-NODE_1_length_611906_cov_21.093_ID_1-processed-gene-4.100-mRNA-1_1&gene=snap_masked-NODE_1_length_611906_cov_21.093_ID_1-processed-gene-4.100&CDS=1-1200
OG0000954	YDR022C	snap_masked-NODE_1_length_611906_cov_21.093_ID_1-processed-gene-4.74-mRNA-1_1&gene=snap_masked-NODE_1_length_611906_cov_21.093_ID_1-processed-gene-4.74&CDS=1-462
OG0000955	YDR023W	snap_masked-NODE_1_length_611906_cov_21.093_ID_1-processed-gene-4.99-mRNA-1_1&gene=snap_masked-NODE_1_length_611906_cov_21.093_ID_1-processed-gene-4.99&CDS=1-1374
OG0000956	YDR027C	maker-NODE_1_length_611906_cov_21.093_ID_1-snap-gene-4.159-mRNA-1_1&gene=maker-NODE_1_length_611906_cov_21.093_ID_1-snap-gene-4.159&CDS=1-4281
OG0000957	YDR028C	genemark-NODE_1_length_611906_cov_21.093_ID_1-processed-gene-4.20-mRNA-1_1&gene=genemark-NODE_1_length_611906_cov_21.093_ID_1-processed-gene-4.20&CDS=1-2712
OG0000958	YDR034C	augustus_masked-NODE_1_length_611906_cov_21.093_ID_1-processed-gene-4.120-mRNA-1_1&gene=augustus_masked-NODE_1_length_611906_cov_21.093_ID_1-processed-gene-4.120&CDS=1-4797
OG0000959	YDR035W	snap_masked-NODE_1_length_611906_cov_21.093_ID_1-processed-gene-4.95-mRNA-1_1&gene=snap_masked-NODE_1_length_611906_cov_21.093_ID_1-processed-gene-4.95&CDS=1-1116
OG0000960	YDR036C	snap_masked-NODE_1_length_611906_cov_21.093_ID_1-processed-gene-4.69-mRNA-1_1&gene=snap_masked-NODE_1_length_611906_cov_21.093_ID_1-processed-gene-4.69&CDS=1-1416
OG0000961	YDR037W	snap_masked-NODE_1_length_611906_cov_21.093_ID_1-processed-gene-4.94-mRNA-1_1&gene=snap_masked-NODE_1_length_611906_cov_21.093_ID_1-processed-gene-4.94&CDS=1-1767
OG0000962	YDR041W	snap_masked-NODE_1_length_611906_cov_21.093_ID_1-processed-gene-4.93-mRNA-1_1&gene=snap_masked-NODE_1_length_611906_cov_21.093_ID_1-processed-gene-4.93&CDS=1-609
OG0000963	YDR043C	genemark-NODE_1_length_611906_cov_21.093_ID_1-processed-gene-4.12-mRNA-1_1&gene=genemark-NODE_1_length_611906_cov_21.093_ID_1-processed-gene-4.12&CDS=1-774
OG0000964	YDR044W	snap_masked-NODE_1_length_611906_cov_21.093_ID_1-processed-gene-4.92-mRNA-1_1&gene=snap_masked-NODE_1_length_611906_cov_21.093_ID_1-processed-gene-4.92&CDS=1-984
OG0000965	YDR047W	snap_masked-NODE_1_length_611906_cov_21.093_ID_1-processed-gene-4.64-mRNA-1_1&gene=snap_masked-NODE_1_length_611906_cov_21.093_ID_1-processed-gene-4.64&CDS=1-1089
OG0000966	YDR049W	snap_masked-NODE_1_length_611906_cov_21.093_ID_1-processed-gene-4.63-mRNA-1_1&gene=snap_masked-NODE_1_length_611906_cov_21.093_ID_1-processed-gene-4.63&CDS=1-1905
OG0000967	YDR050C	snap_masked-NODE_1_length_611906_cov_21.093_ID_1-processed-gene-4.59-mRNA-1_1&gene=snap_masked-NODE_1_length_611906_cov_21.093_ID_1-processed-gene-4.59&CDS=1-744
OG0000968	YDR051C	snap_masked-NODE_1_length_611906_cov_21.093_ID_1-processed-gene-4.58-mRNA-1_1&gene=snap_masked-NODE_1_length_611906_cov_21.093_ID_1-processed-gene-4.58&CDS=1-975
OG0000969	YDR052C	snap_masked-NODE_1_length_611906_cov_21.093_ID_1-processed-gene-3.81-mRNA-1_1&gene=snap_masked-NODE_1_length_611906_cov_21.093_ID_1-processed-gene-3.81&CDS=1-1872
OG0000970	YDR056C	snap_masked-NODE_1_length_611906_cov_21.093_ID_1-processed-gene-3.79-mRNA-1_1&gene=snap_masked-NODE_1_length_611906_cov_21.093_ID_1-processed-gene-3.79&CDS=1-582
OG0000971	YDR057W	snap_masked-NODE_1_length_611906_cov_21.093_ID_1-processed-gene-3.99-mRNA-1_1&gene=snap_masked-NODE_1_length_611906_cov_21.093_ID_1-processed-gene-3.99&CDS=1-2325
OG0000972	YDR060W	snap_masked-NODE_2_length_515064_cov_21.8181_ID_3-processed-gene-1.97-mRNA-1_1&gene=snap_masked-NODE_2_length_515064_cov_21.8181_ID_3-processed-gene-1.97&CDS=1-3042
OG0000973	YDR061W	snap_masked-NODE_3_length_402036_cov_21.609_ID_5-processed-gene-0.58-mRNA-1_1&gene=snap_masked-NODE_3_length_402036_cov_21.609_ID_5-processed-gene-0.58&CDS=1-1590
OG0000974	YDR062W	maker-NODE_3_length_402036_cov_21.609_ID_5-augustus-gene-1.169-mRNA-1_1&gene=maker-NODE_3_length_402036_cov_21.609_ID_5-augustus-gene-1.169&CDS=1-2181
OG0000975	YDR064W	snap_masked-NODE_3_length_402036_cov_21.609_ID_5-processed-gene-1.59-mRNA-1_1&gene=snap_masked-NODE_3_length_402036_cov_21.609_ID_5-processed-gene-1.59&CDS=1-453
OG0000976	YDR065W	augustus_masked-NODE_3_length_402036_cov_21.609_ID_5-processed-gene-1.3-mRNA-1_1&gene=augustus_masked-NODE_3_length_402036_cov_21.609_ID_5-processed-gene-1.3&CDS=1-933
OG0000977	YDR067C	augustus_masked-NODE_3_length_402036_cov_21.609_ID_5-processed-gene-1.6-mRNA-1_1&gene=augustus_masked-NODE_3_length_402036_cov_21.609_ID_5-processed-gene-1.6&CDS=1-1155
OG0000978	YDR068W	augustus_masked-NODE_3_length_402036_cov_21.609_ID_5-processed-gene-1.4-mRNA-1_1&gene=augustus_masked-NODE_3_length_402036_cov_21.609_ID_5-processed-gene-1.4&CDS=1-843
OG0000979	YDR069C	augustus_masked-NODE_3_length_402036_cov_21.609_ID_5-processed-gene-1.7-mRNA-1_1&gene=augustus_masked-NODE_3_length_402036_cov_21.609_ID_5-processed-gene-1.7&CDS=1-2949
OG0000980	YDR071C	snap_masked-NODE_3_length_402036_cov_21.609_ID_5-processed-gene-1.66-mRNA-1_1&gene=snap_masked-NODE_3_length_402036_cov_21.609_ID_5-processed-gene-1.66&CDS=1-576
OG0000981	YDR072C	maker-NODE_3_length_402036_cov_21.609_ID_5-snap-gene-1.180-mRNA-1_1&gene=maker-NODE_3_length_402036_cov_21.609_ID_5-snap-gene-1.180&CDS=1-1269
OG0000982	YDR074W	maker-NODE_3_length_402036_cov_21.609_ID_5-snap-gene-1.176-mRNA-1_1&gene=maker-NODE_3_length_402036_cov_21.609_ID_5-snap-gene-1.176&CDS=1-2871
OG0000983	YDR075W	augustus_masked-NODE_5_length_371082_cov_21.955_ID_9-processed-gene-2.129-mRNA-1_1&gene=augustus_masked-NODE_5_length_371082_cov_21.955_ID_9-processed-gene-2.129&CDS=1-1377
OG0000984	YDR076W	snap_masked-NODE_3_length_402036_cov_21.609_ID_5-processed-gene-1.67-mRNA-1_1&gene=snap_masked-NODE_3_length_402036_cov_21.609_ID_5-processed-gene-1.67&CDS=1-945
OG0000985	YDR078C	snap_masked-NODE_3_length_402036_cov_21.609_ID_5-processed-gene-1.90-mRNA-1_1&gene=snap_masked-NODE_3_length_402036_cov_21.609_ID_5-processed-gene-1.90&CDS=1-762
OG0000986	YDR079C-A	snap_masked-NODE_3_length_402036_cov_21.609_ID_5-processed-gene-1.91-mRNA-1_1&gene=snap_masked-NODE_3_length_402036_cov_21.609_ID_5-processed-gene-1.91&CDS=1-216
OG0000987	YDR079W	snap_masked-NODE_3_length_402036_cov_21.609_ID_5-processed-gene-1.70-mRNA-1_1&gene=snap_masked-NODE_3_length_402036_cov_21.609_ID_5-processed-gene-1.70&CDS=1-327
OG0000988	YDR080W	snap_masked-NODE_3_length_402036_cov_21.609_ID_5-processed-gene-1.71-mRNA-1_1&gene=snap_masked-NODE_3_length_402036_cov_21.609_ID_5-processed-gene-1.71&CDS=1-2841
OG0000989	YDR081C	snap_masked-NODE_3_length_402036_cov_21.609_ID_5-processed-gene-1.92-mRNA-1_1&gene=snap_masked-NODE_3_length_402036_cov_21.609_ID_5-processed-gene-1.92&CDS=1-2529
OG0000990	YDR082W	augustus_masked-NODE_24_length_134792_cov_22.0422_ID_47-processed-gene-0.92-mRNA-1_1&gene=augustus_masked-NODE_24_length_134792_cov_22.0422_ID_47-processed-gene-0.92&CDS=1-1257
OG0000991	YDR083W	snap_masked-NODE_24_length_134792_cov_22.0422_ID_47-processed-gene-0.28-mRNA-1_1&gene=snap_masked-NODE_24_length_134792_cov_22.0422_ID_47-processed-gene-0.28&CDS=1-1227
OG0000992	YDR084C	snap_masked-NODE_24_length_134792_cov_22.0422_ID_47-processed-gene-0.56-mRNA-1_1&gene=snap_masked-NODE_24_length_134792_cov_22.0422_ID_47-processed-gene-0.56&CDS=1-603
OG0000993	YDR087C	maker-NODE_24_length_134792_cov_22.0422_ID_47-augustus-gene-0.131-mRNA-1_1&gene=maker-NODE_24_length_134792_cov_22.0422_ID_47-augustus-gene-0.131&CDS=1-1059
OG0000994	YDR088C	snap_masked-NODE_24_length_134792_cov_22.0422_ID_47-processed-gene-0.60-mRNA-1_1&gene=snap_masked-NODE_24_length_134792_cov_22.0422_ID_47-processed-gene-0.60&CDS=1-1035
OG0000995	YDR089W	augustus_masked-NODE_24_length_134792_cov_22.0422_ID_47-processed-gene-0.94-mRNA-1_1&gene=augustus_masked-NODE_24_length_134792_cov_22.0422_ID_47-processed-gene-0.94&CDS=1-2481
OG0000996	YDR090C	snap_masked-NODE_24_length_134792_cov_22.0422_ID_47-processed-gene-0.61-mRNA-1_1&gene=snap_masked-NODE_24_length_134792_cov_22.0422_ID_47-processed-gene-0.61&CDS=1-939
OG0000997	YDR091C	snap_masked-NODE_24_length_134792_cov_22.0422_ID_47-processed-gene-0.62-mRNA-1_1&gene=snap_masked-NODE_24_length_134792_cov_22.0422_ID_47-processed-gene-0.62&CDS=1-1821
OG0000998	YDR092W	maker-NODE_24_length_134792_cov_22.0422_ID_47-snap-gene-0.134-mRNA-1_1&gene=maker-NODE_24_length_134792_cov_22.0422_ID_47-snap-gene-0.134&CDS=1-450
OG0000999	YDR097C	snap_masked-NODE_24_length_134792_cov_22.0422_ID_47-processed-gene-0.63-mRNA-1_1&gene=snap_masked-NODE_24_length_134792_cov_22.0422_ID_47-processed-gene-0.63&CDS=1-3570
OG0001000	YDR098C	snap_masked-NODE_24_length_134792_cov_22.0422_ID_47-processed-gene-0.64-mRNA-1_1&gene=snap_masked-NODE_24_length_134792_cov_22.0422_ID_47-processed-gene-0.64&CDS=1-705
OG0001001	YDR101C	snap_masked-NODE_42_length_89786_cov_21.7221_ID_83-processed-gene-0.74-mRNA-1_1&gene=snap_masked-NODE_42_length_89786_cov_21.7221_ID_83-processed-gene-0.74&CDS=1-1758
OG0001002	YDR103W	snap_masked-NODE_42_length_89786_cov_21.7221_ID_83-processed-gene-0.98-mRNA-1_1&gene=snap_masked-NODE_42_length_89786_cov_21.7221_ID_83-processed-gene-0.98&CDS=1-2733
OG0001003	YDR104C	augustus_masked-NODE_42_length_89786_cov_21.7221_ID_83-processed-gene-0.24-mRNA-1_1&gene=augustus_masked-NODE_42_length_89786_cov_21.7221_ID_83-processed-gene-0.24&CDS=1-3594
OG0001004	YDR105C	snap_masked-NODE_42_length_89786_cov_21.7221_ID_83-processed-gene-0.72-mRNA-1_1&gene=snap_masked-NODE_42_length_89786_cov_21.7221_ID_83-processed-gene-0.72&CDS=1-1425
OG0001005	YDR106W	augustus_masked-NODE_42_length_89786_cov_21.7221_ID_83-processed-gene-0.48-mRNA-1_1&gene=augustus_masked-NODE_42_length_89786_cov_21.7221_ID_83-processed-gene-0.48&CDS=1-702
OG0001006	YDR108W	augustus_masked-NODE_42_length_89786_cov_21.7221_ID_83-processed-gene-0.14-mRNA-1_1&gene=augustus_masked-NODE_42_length_89786_cov_21.7221_ID_83-processed-gene-0.14&CDS=1-1548
OG0001007	YDR109C	snap_masked-NODE_42_length_89786_cov_21.7221_ID_83-processed-gene-0.89-mRNA-1_1&gene=snap_masked-NODE_42_length_89786_cov_21.7221_ID_83-processed-gene-0.89&CDS=1-1704
OG0001008	YDR110W	snap_masked-NODE_42_length_89786_cov_21.7221_ID_83-processed-gene-0.63-mRNA-1_1&gene=snap_masked-NODE_42_length_89786_cov_21.7221_ID_83-processed-gene-0.63&CDS=1-1530
OG0001009	YDR115W	snap_masked-NODE_42_length_89786_cov_21.7221_ID_83-processed-gene-0.64-mRNA-1_1&gene=snap_masked-NODE_42_length_89786_cov_21.7221_ID_83-processed-gene-0.64&CDS=1-294
OG0001010	YDR116C	snap_masked-NODE_42_length_89786_cov_21.7221_ID_83-processed-gene-0.92-mRNA-1_1&gene=snap_masked-NODE_42_length_89786_cov_21.7221_ID_83-processed-gene-0.92&CDS=1-870
OG0001011	YDR117C	snap_masked-NODE_42_length_89786_cov_21.7221_ID_83-processed-gene-0.93-mRNA-1_1&gene=snap_masked-NODE_42_length_89786_cov_21.7221_ID_83-processed-gene-0.93&CDS=1-1707
OG0001012	YDR118W	snap_masked-NODE_42_length_89786_cov_21.7221_ID_83-processed-gene-0.65-mRNA-1_1&gene=snap_masked-NODE_42_length_89786_cov_21.7221_ID_83-processed-gene-0.65&CDS=1-1836
OG0001013	YDR120C	snap_masked-NODE_42_length_89786_cov_21.7221_ID_83-processed-gene-0.94-mRNA-1_1&gene=snap_masked-NODE_42_length_89786_cov_21.7221_ID_83-processed-gene-0.94&CDS=1-1632
OG0001014	YDR121W	snap_masked-NODE_42_length_89786_cov_21.7221_ID_83-processed-gene-0.67-mRNA-1_1&gene=snap_masked-NODE_42_length_89786_cov_21.7221_ID_83-processed-gene-0.67&CDS=1-696
OG0001015	YDR123C	snap_masked-NODE_42_length_89786_cov_21.7221_ID_83-processed-gene-0.95-mRNA-1_1&gene=snap_masked-NODE_42_length_89786_cov_21.7221_ID_83-processed-gene-0.95&CDS=1-900
OG0001016	YDR124W	snap_masked-NODE_42_length_89786_cov_21.7221_ID_83-processed-gene-0.69-mRNA-1_1&gene=snap_masked-NODE_42_length_89786_cov_21.7221_ID_83-processed-gene-0.69&CDS=1-579
OG0001017	YDR126W	snap_masked-NODE_42_length_89786_cov_21.7221_ID_83-processed-gene-0.71-mRNA-1_1&gene=snap_masked-NODE_42_length_89786_cov_21.7221_ID_83-processed-gene-0.71&CDS=1-669
OG0001018	YDR127W	snap_masked-NODE_5_length_371082_cov_21.955_ID_9-processed-gene-1.75-mRNA-1_1&gene=snap_masked-NODE_5_length_371082_cov_21.955_ID_9-processed-gene-1.75&CDS=1-4758
OG0001019	YDR128W	genemark-NODE_2_length_515064_cov_21.8181_ID_3-processed-gene-3.11-mRNA-1_1&gene=genemark-NODE_2_length_515064_cov_21.8181_ID_3-processed-gene-3.11&CDS=1-4392
OG0001020	YDR129C	snap_masked-NODE_5_length_371082_cov_21.955_ID_9-processed-gene-1.70-mRNA-1_1&gene=snap_masked-NODE_5_length_371082_cov_21.955_ID_9-processed-gene-1.70&CDS=1-1944
OG0001021	YDR131C	augustus_masked-NODE_2_length_515064_cov_21.8181_ID_3-processed-gene-3.113-mRNA-1_1&gene=augustus_masked-NODE_2_length_515064_cov_21.8181_ID_3-processed-gene-3.113&CDS=1-1581
OG0001022	YDR132C	snap_masked-NODE_2_length_515064_cov_21.8181_ID_3-processed-gene-3.74-mRNA-1_1&gene=snap_masked-NODE_2_length_515064_cov_21.8181_ID_3-processed-gene-3.74&CDS=1-1581
OG0001023	YDR137W	augustus_masked-NODE_2_length_515064_cov_21.8181_ID_3-processed-gene-3.100-mRNA-1_1&gene=augustus_masked-NODE_2_length_515064_cov_21.8181_ID_3-processed-gene-3.100&CDS=1-1896
OG0001024	YDR138W	snap_masked-NODE_2_length_515064_cov_21.8181_ID_3-processed-gene-3.59-mRNA-1_1&gene=snap_masked-NODE_2_length_515064_cov_21.8181_ID_3-processed-gene-3.59&CDS=1-2208
OG0001025	YDR140W	augustus_masked-NODE_2_length_515064_cov_21.8181_ID_3-processed-gene-3.102-mRNA-1_1&gene=augustus_masked-NODE_2_length_515064_cov_21.8181_ID_3-processed-gene-3.102&CDS=1-675
OG0001026	YDR141C	maker-NODE_2_length_515064_cov_21.8181_ID_3-augustus-gene-3.132-mRNA-1_1&gene=maker-NODE_2_length_515064_cov_21.8181_ID_3-augustus-gene-3.132&CDS=1-7854
OG0001027	YDR143C	snap_masked-NODE_5_length_371082_cov_21.955_ID_9-processed-gene-0.92-mRNA-1_1&gene=snap_masked-NODE_5_length_371082_cov_21.955_ID_9-processed-gene-0.92&CDS=1-1947
OG0001028	YDR145W	snap_masked-NODE_2_length_515064_cov_21.8181_ID_3-processed-gene-3.60-mRNA-1_1&gene=snap_masked-NODE_2_length_515064_cov_21.8181_ID_3-processed-gene-3.60&CDS=1-1491
OG0001029	YDR146C	snap_masked-NODE_15_length_201512_cov_20.2718_ID_29-processed-gene-1.27-mRNA-1_1&gene=snap_masked-NODE_15_length_201512_cov_20.2718_ID_29-processed-gene-1.27&CDS=1-1875
OG0001030	YDR148C	snap_masked-NODE_15_length_201512_cov_20.2718_ID_29-processed-gene-1.26-mRNA-1_1&gene=snap_masked-NODE_15_length_201512_cov_20.2718_ID_29-processed-gene-1.26&CDS=1-1335
OG0001031	YDR150W	maker-NODE_15_length_201512_cov_20.2718_ID_29-snap-gene-1.119-mRNA-1_1&gene=maker-NODE_15_length_201512_cov_20.2718_ID_29-snap-gene-1.119&CDS=1-7419
OG0001032	YDR151C	snap_masked-NODE_15_length_201512_cov_20.2718_ID_29-processed-gene-1.25-mRNA-1_1&gene=snap_masked-NODE_15_length_201512_cov_20.2718_ID_29-processed-gene-1.25&CDS=1-780
OG0001033	YDR152W	augustus_masked-NODE_15_length_201512_cov_20.2718_ID_29-processed-gene-1.108-mRNA-1_1&gene=augustus_masked-NODE_15_length_201512_cov_20.2718_ID_29-processed-gene-1.108&CDS=1-765
OG0001034	YDR153C	augustus_masked-NODE_15_length_201512_cov_20.2718_ID_29-processed-gene-1.83-mRNA-1_1&gene=augustus_masked-NODE_15_length_201512_cov_20.2718_ID_29-processed-gene-1.83&CDS=1-1125
OG0001035	YDR155C	snap_masked-NODE_15_length_201512_cov_20.2718_ID_29-processed-gene-1.24-mRNA-1_1&gene=snap_masked-NODE_15_length_201512_cov_20.2718_ID_29-processed-gene-1.24&CDS=1-486
OG0001036	YDR156W	snap_masked-NODE_15_length_201512_cov_20.2718_ID_29-processed-gene-1.51-mRNA-1_1&gene=snap_masked-NODE_15_length_201512_cov_20.2718_ID_29-processed-gene-1.51&CDS=1-348
OG0001037	YDR158W	augustus_masked-NODE_15_length_201512_cov_20.2718_ID_29-processed-gene-1.106-mRNA-1_1&gene=augustus_masked-NODE_15_length_201512_cov_20.2718_ID_29-processed-gene-1.106&CDS=1-1098
OG0001038	YDR160W	augustus_masked-NODE_15_length_201512_cov_20.2718_ID_29-processed-gene-1.105-mRNA-1_1&gene=augustus_masked-NODE_15_length_201512_cov_20.2718_ID_29-processed-gene-1.105&CDS=1-6012
OG0001039	YDR161W	snap_masked-NODE_15_length_201512_cov_20.2718_ID_29-processed-gene-1.48-mRNA-1_1&gene=snap_masked-NODE_15_length_201512_cov_20.2718_ID_29-processed-gene-1.48&CDS=1-1149
OG0001040	YDR162C	snap_masked-NODE_15_length_201512_cov_20.2718_ID_29-processed-gene-1.23-mRNA-1_1&gene=snap_masked-NODE_15_length_201512_cov_20.2718_ID_29-processed-gene-1.23&CDS=1-723
OG0001041	YDR163W	snap_masked-NODE_15_length_201512_cov_20.2718_ID_29-processed-gene-1.47-mRNA-1_1&gene=snap_masked-NODE_15_length_201512_cov_20.2718_ID_29-processed-gene-1.47&CDS=1-558
OG0001042	YDR164C	snap_masked-NODE_15_length_201512_cov_20.2718_ID_29-processed-gene-1.22-mRNA-1_1&gene=snap_masked-NODE_15_length_201512_cov_20.2718_ID_29-processed-gene-1.22&CDS=1-2115
OG0001043	YDR165W	snap_masked-NODE_15_length_201512_cov_20.2718_ID_29-processed-gene-1.46-mRNA-1_1&gene=snap_masked-NODE_15_length_201512_cov_20.2718_ID_29-processed-gene-1.46&CDS=1-1299
OG0001044	YDR166C	snap_masked-NODE_15_length_201512_cov_20.2718_ID_29-processed-gene-1.21-mRNA-1_1&gene=snap_masked-NODE_15_length_201512_cov_20.2718_ID_29-processed-gene-1.21&CDS=1-2829
OG0001045	YDR167W	snap_masked-NODE_15_length_201512_cov_20.2718_ID_29-processed-gene-1.45-mRNA-1_1&gene=snap_masked-NODE_15_length_201512_cov_20.2718_ID_29-processed-gene-1.45&CDS=1-636
OG0001046	YDR168W	snap_masked-NODE_15_length_201512_cov_20.2718_ID_29-processed-gene-1.44-mRNA-1_1&gene=snap_masked-NODE_15_length_201512_cov_20.2718_ID_29-processed-gene-1.44&CDS=1-1518
OG0001047	YDR170C	augustus_masked-NODE_15_length_201512_cov_20.2718_ID_29-processed-gene-1.75-mRNA-1_1&gene=augustus_masked-NODE_15_length_201512_cov_20.2718_ID_29-processed-gene-1.75&CDS=1-5589
OG0001048	YDR171W	snap_masked-NODE_15_length_201512_cov_20.2718_ID_29-processed-gene-1.41-mRNA-1_1&gene=snap_masked-NODE_15_length_201512_cov_20.2718_ID_29-processed-gene-1.41&CDS=1-1185
OG0001049	YDR172W	snap_masked-NODE_15_length_201512_cov_20.2718_ID_29-processed-gene-1.40-mRNA-1_1&gene=snap_masked-NODE_15_length_201512_cov_20.2718_ID_29-processed-gene-1.40&CDS=1-2037
OG0001050	YDR173C	augustus_masked-NODE_15_length_201512_cov_20.2718_ID_29-processed-gene-1.73-mRNA-1_1&gene=augustus_masked-NODE_15_length_201512_cov_20.2718_ID_29-processed-gene-1.73&CDS=1-993
OG0001051	YDR174W	genemark-NODE_15_length_201512_cov_20.2718_ID_29-processed-gene-1.160-mRNA-1_1&gene=genemark-NODE_15_length_201512_cov_20.2718_ID_29-processed-gene-1.160&CDS=1-780
OG0001052	YDR175C	snap_masked-NODE_15_length_201512_cov_20.2718_ID_29-processed-gene-1.15-mRNA-1_1&gene=snap_masked-NODE_15_length_201512_cov_20.2718_ID_29-processed-gene-1.15&CDS=1-840
OG0001053	YDR176W	augustus_masked-NODE_15_length_201512_cov_20.2718_ID_29-processed-gene-1.94-mRNA-1_1&gene=augustus_masked-NODE_15_length_201512_cov_20.2718_ID_29-processed-gene-1.94&CDS=1-2160
OG0001054	YDR177W	snap_masked-NODE_15_length_201512_cov_20.2718_ID_29-processed-gene-1.37-mRNA-1_1&gene=snap_masked-NODE_15_length_201512_cov_20.2718_ID_29-processed-gene-1.37&CDS=1-639
OG0001055	YDR178W	snap_masked-NODE_15_length_201512_cov_20.2718_ID_29-processed-gene-1.36-mRNA-1_1&gene=snap_masked-NODE_15_length_201512_cov_20.2718_ID_29-processed-gene-1.36&CDS=1-549
OG0001056	YDR179C	augustus_masked-NODE_15_length_201512_cov_20.2718_ID_29-processed-gene-1.71-mRNA-1_1&gene=augustus_masked-NODE_15_length_201512_cov_20.2718_ID_29-processed-gene-1.71&CDS=1-486
OG0001057	YDR179W-A	augustus_masked-NODE_15_length_201512_cov_20.2718_ID_29-processed-gene-1.91-mRNA-1_1&gene=augustus_masked-NODE_15_length_201512_cov_20.2718_ID_29-processed-gene-1.91&CDS=1-1350
OG0001058	YDR180W	snap_masked-NODE_15_length_201512_cov_20.2718_ID_29-processed-gene-1.34-mRNA-1_1&gene=snap_masked-NODE_15_length_201512_cov_20.2718_ID_29-processed-gene-1.34&CDS=1-4470
OG0001059	YDR181C	snap_masked-NODE_15_length_201512_cov_20.2718_ID_29-processed-gene-1.13-mRNA-1_1&gene=snap_masked-NODE_15_length_201512_cov_20.2718_ID_29-processed-gene-1.13&CDS=1-1731
OG0001060	YDR182W	maker-NODE_15_length_201512_cov_20.2718_ID_29-augustus-gene-1.113-mRNA-1_1&gene=maker-NODE_15_length_201512_cov_20.2718_ID_29-augustus-gene-1.113&CDS=1-2019
OG0001061	YDR184C	augustus_masked-NODE_15_length_201512_cov_20.2718_ID_29-processed-gene-1.69-mRNA-1_1&gene=augustus_masked-NODE_15_length_201512_cov_20.2718_ID_29-processed-gene-1.69&CDS=1-1041
OG0001062	YDR186C	augustus_masked-NODE_15_length_201512_cov_20.2718_ID_29-processed-gene-1.68-mRNA-1_1&gene=augustus_masked-NODE_15_length_201512_cov_20.2718_ID_29-processed-gene-1.68&CDS=1-2172
OG0001063	YDR188W	augustus_masked-NODE_52_length_67019_cov_23.3557_ID_103-processed-gene-0.90-mRNA-1_1&gene=augustus_masked-NODE_52_length_67019_cov_23.3557_ID_103-processed-gene-0.90&CDS=1-4689
OG0001064	YDR190C	snap_masked-NODE_52_length_67019_cov_23.3557_ID_103-processed-gene-0.49-mRNA-1_1&gene=snap_masked-NODE_52_length_67019_cov_23.3557_ID_103-processed-gene-0.49&CDS=1-1386
OG0001065	YDR191W	snap_masked-NODE_15_length_201512_cov_20.2718_ID_29-processed-gene-1.31-mRNA-1_1&gene=snap_masked-NODE_15_length_201512_cov_20.2718_ID_29-processed-gene-1.31&CDS=1-1110
OG0001066	YDR194C	snap_masked-NODE_15_length_201512_cov_20.2718_ID_29-processed-gene-1.8-mRNA-1_1&gene=snap_masked-NODE_15_length_201512_cov_20.2718_ID_29-processed-gene-1.8&CDS=1-2013
OG0001067	YDR195W	snap_masked-NODE_15_length_201512_cov_20.2718_ID_29-processed-gene-1.6-mRNA-1_1&gene=snap_masked-NODE_15_length_201512_cov_20.2718_ID_29-processed-gene-1.6&CDS=1-1683
OG0001068	YDR196C	snap_masked-NODE_15_length_201512_cov_20.2718_ID_29-processed-gene-1.2-mRNA-1_1&gene=snap_masked-NODE_15_length_201512_cov_20.2718_ID_29-processed-gene-1.2&CDS=1-708
OG0001069	YDR197W	augustus_masked-NODE_15_length_201512_cov_20.2718_ID_29-processed-gene-1.63-mRNA-1_1&gene=augustus_masked-NODE_15_length_201512_cov_20.2718_ID_29-processed-gene-1.63&CDS=1-1134
OG0001070	YDR198C	snap_masked-NODE_15_length_201512_cov_20.2718_ID_29-processed-gene-1.1-mRNA-1_1&gene=snap_masked-NODE_15_length_201512_cov_20.2718_ID_29-processed-gene-1.1&CDS=1-1389
OG0001071	YDR200C	snap_masked-NODE_15_length_201512_cov_20.2718_ID_29-processed-gene-1.0-mRNA-1_1&gene=snap_masked-NODE_15_length_201512_cov_20.2718_ID_29-processed-gene-1.0&CDS=1-1731
OG0001072	YDR201W	augustus_masked-NODE_15_length_201512_cov_20.2718_ID_29-processed-gene-1.62-mRNA-1_1&gene=augustus_masked-NODE_15_length_201512_cov_20.2718_ID_29-processed-gene-1.62&CDS=1-462
OG0001073	YDR205W	snap_masked-NODE_15_length_201512_cov_20.2718_ID_29-processed-gene-0.80-mRNA-1_1&gene=snap_masked-NODE_15_length_201512_cov_20.2718_ID_29-processed-gene-0.80&CDS=1-1929
OG0001074	YDR206W	snap_masked-NODE_15_length_201512_cov_20.2718_ID_29-processed-gene-0.79-mRNA-1_1&gene=snap_masked-NODE_15_length_201512_cov_20.2718_ID_29-processed-gene-0.79&CDS=1-2577
OG0001075	YDR207C	snap_masked-NODE_15_length_201512_cov_20.2718_ID_29-processed-gene-0.57-mRNA-1_1&gene=snap_masked-NODE_15_length_201512_cov_20.2718_ID_29-processed-gene-0.57&CDS=1-2124
OG0001076	YDR208W	snap_masked-NODE_15_length_201512_cov_20.2718_ID_29-processed-gene-0.78-mRNA-1_1&gene=snap_masked-NODE_15_length_201512_cov_20.2718_ID_29-processed-gene-0.78&CDS=1-2094
OG0001077	YDR211W	snap_masked-NODE_15_length_201512_cov_20.2718_ID_29-processed-gene-0.73-mRNA-1_1&gene=snap_masked-NODE_15_length_201512_cov_20.2718_ID_29-processed-gene-0.73&CDS=1-2169
OG0001078	YDR212W	snap_masked-NODE_15_length_201512_cov_20.2718_ID_29-processed-gene-0.71-mRNA-1_1&gene=snap_masked-NODE_15_length_201512_cov_20.2718_ID_29-processed-gene-0.71&CDS=1-1680
OG0001079	YDR214W	augustus_masked-NODE_15_length_201512_cov_20.2718_ID_29-processed-gene-0.108-mRNA-1_1&gene=augustus_masked-NODE_15_length_201512_cov_20.2718_ID_29-processed-gene-0.108&CDS=1-1059
OG0001080	YDR216W	genemark-NODE_15_length_201512_cov_20.2718_ID_29-processed-gene-0.27-mRNA-1_1&gene=genemark-NODE_15_length_201512_cov_20.2718_ID_29-processed-gene-0.27&CDS=1-3528
OG0001081	YDR217C	augustus_masked-NODE_15_length_201512_cov_20.2718_ID_29-processed-gene-0.94-mRNA-1_1&gene=augustus_masked-NODE_15_length_201512_cov_20.2718_ID_29-processed-gene-0.94&CDS=1-3696
OG0001082	YDR219C	augustus_masked-NODE_15_length_201512_cov_20.2718_ID_29-processed-gene-0.92-mRNA-1_1&gene=augustus_masked-NODE_15_length_201512_cov_20.2718_ID_29-processed-gene-0.92&CDS=1-912
OG0001083	YDR221W	snap_masked-NODE_15_length_201512_cov_20.2718_ID_29-processed-gene-0.68-mRNA-1_1&gene=snap_masked-NODE_15_length_201512_cov_20.2718_ID_29-processed-gene-0.68&CDS=1-1986
OG0001084	YDR226W	snap_masked-NODE_15_length_201512_cov_20.2718_ID_29-processed-gene-0.65-mRNA-1_1&gene=snap_masked-NODE_15_length_201512_cov_20.2718_ID_29-processed-gene-0.65&CDS=1-666
OG0001085	YDR228C	snap_masked-NODE_15_length_201512_cov_20.2718_ID_29-processed-gene-0.50-mRNA-1_1&gene=snap_masked-NODE_15_length_201512_cov_20.2718_ID_29-processed-gene-0.50&CDS=1-1842
OG0001086	YDR229W	snap_masked-NODE_15_length_201512_cov_20.2718_ID_29-processed-gene-0.63-mRNA-1_1&gene=snap_masked-NODE_15_length_201512_cov_20.2718_ID_29-processed-gene-0.63&CDS=1-1272
OG0001087	YDR231C	snap_masked-NODE_15_length_201512_cov_20.2718_ID_29-processed-gene-0.48-mRNA-1_1&gene=snap_masked-NODE_15_length_201512_cov_20.2718_ID_29-processed-gene-0.48&CDS=1-516
OG0001088	YDR232W	augustus_masked-NODE_15_length_201512_cov_20.2718_ID_29-processed-gene-0.100-mRNA-1_1&gene=augustus_masked-NODE_15_length_201512_cov_20.2718_ID_29-processed-gene-0.100&CDS=1-1539
OG0001089	YDR233C	augustus_masked-NODE_15_length_201512_cov_20.2718_ID_29-processed-gene-0.86-mRNA-1_1&gene=augustus_masked-NODE_15_length_201512_cov_20.2718_ID_29-processed-gene-0.86&CDS=1-825
OG0001090	YDR234W	augustus_masked-NODE_15_length_201512_cov_20.2718_ID_29-processed-gene-0.99-mRNA-1_1&gene=augustus_masked-NODE_15_length_201512_cov_20.2718_ID_29-processed-gene-0.99&CDS=1-2049
OG0001091	YDR235W	augustus_masked-NODE_15_length_201512_cov_20.2718_ID_29-processed-gene-0.98-mRNA-1_1&gene=augustus_masked-NODE_15_length_201512_cov_20.2718_ID_29-processed-gene-0.98&CDS=1-1620
OG0001092	YDR236C	snap_masked-NODE_15_length_201512_cov_20.2718_ID_29-processed-gene-0.47-mRNA-1_1&gene=snap_masked-NODE_15_length_201512_cov_20.2718_ID_29-processed-gene-0.47&CDS=1-570
OG0001093	YDR237W	snap_masked-NODE_15_length_201512_cov_20.2718_ID_29-processed-gene-0.59-mRNA-1_1&gene=snap_masked-NODE_15_length_201512_cov_20.2718_ID_29-processed-gene-0.59&CDS=1-891
OG0001094	YDR238C	snap_masked-NODE_15_length_201512_cov_20.2718_ID_29-processed-gene-0.46-mRNA-1_1&gene=snap_masked-NODE_15_length_201512_cov_20.2718_ID_29-processed-gene-0.46&CDS=1-2916
OG0001095	YDR240C	augustus_masked-NODE_15_length_201512_cov_20.2718_ID_29-processed-gene-0.83-mRNA-1_1&gene=augustus_masked-NODE_15_length_201512_cov_20.2718_ID_29-processed-gene-0.83&CDS=1-3627
OG0001096	YDR242W	snap_masked-NODE_13_length_242978_cov_21.7015_ID_25-processed-gene-0.18-mRNA-1_1&gene=snap_masked-NODE_13_length_242978_cov_21.7015_ID_25-processed-gene-0.18&CDS=1-1749
OG0001097	YDR243C	snap_masked-NODE_26_length_129937_cov_20.3153_ID_51-processed-gene-0.51-mRNA-1_1&gene=snap_masked-NODE_26_length_129937_cov_20.3153_ID_51-processed-gene-0.51&CDS=1-1767
OG0001098	YDR244W	augustus_masked-NODE_26_length_129937_cov_20.3153_ID_51-processed-gene-0.80-mRNA-1_1&gene=augustus_masked-NODE_26_length_129937_cov_20.3153_ID_51-processed-gene-0.80&CDS=1-1761
OG0001099	YDR245W	snap_masked-NODE_26_length_129937_cov_20.3153_ID_51-processed-gene-0.11-mRNA-1_1&gene=snap_masked-NODE_26_length_129937_cov_20.3153_ID_51-processed-gene-0.11&CDS=1-1098
OG0001100	YDR246W	snap_masked-NODE_26_length_129937_cov_20.3153_ID_51-processed-gene-0.12-mRNA-1_1&gene=snap_masked-NODE_26_length_129937_cov_20.3153_ID_51-processed-gene-0.12&CDS=1-627
OG0001101	YDR248C	snap_masked-NODE_26_length_129937_cov_20.3153_ID_51-processed-gene-0.52-mRNA-1_1&gene=snap_masked-NODE_26_length_129937_cov_20.3153_ID_51-processed-gene-0.52&CDS=1-543
OG0001102	YDR249C	augustus_masked-NODE_26_length_129937_cov_20.3153_ID_51-processed-gene-0.121-mRNA-1_1&gene=augustus_masked-NODE_26_length_129937_cov_20.3153_ID_51-processed-gene-0.121&CDS=1-918
OG0001103	YDR254W	augustus_masked-NODE_26_length_129937_cov_20.3153_ID_51-processed-gene-0.86-mRNA-1_1&gene=augustus_masked-NODE_26_length_129937_cov_20.3153_ID_51-processed-gene-0.86&CDS=1-1131
OG0001104	YDR255C	snap_masked-NODE_26_length_129937_cov_20.3153_ID_51-processed-gene-0.54-mRNA-1_1&gene=snap_masked-NODE_26_length_129937_cov_20.3153_ID_51-processed-gene-0.54&CDS=1-1128
OG0001105	YDR256C	augustus_masked-NODE_26_length_129937_cov_20.3153_ID_51-processed-gene-0.124-mRNA-1_1&gene=augustus_masked-NODE_26_length_129937_cov_20.3153_ID_51-processed-gene-0.124&CDS=1-3006
OG0001106	YDR258C	snap_masked-NODE_10_length_278180_cov_22.5073_ID_19-processed-gene-0.36-mRNA-1_1&gene=snap_masked-NODE_10_length_278180_cov_22.5073_ID_19-processed-gene-0.36&CDS=1-2262
OG0001107	YDR260C	snap_masked-NODE_10_length_278180_cov_22.5073_ID_19-processed-gene-0.38-mRNA-1_1&gene=snap_masked-NODE_10_length_278180_cov_22.5073_ID_19-processed-gene-0.38&CDS=1-597
OG0001108	YDR261C	augustus_masked-NODE_14_length_224486_cov_20.7905_ID_27-processed-gene-1.232-mRNA-1_1&gene=augustus_masked-NODE_14_length_224486_cov_20.7905_ID_27-processed-gene-1.232&CDS=1-1179
OG0001109	YDR264C	augustus_masked-NODE_10_length_278180_cov_22.5073_ID_19-processed-gene-0.83-mRNA-1_1&gene=augustus_masked-NODE_10_length_278180_cov_22.5073_ID_19-processed-gene-0.83&CDS=1-2268
OG0001110	YDR265W	snap_masked-NODE_10_length_278180_cov_22.5073_ID_19-processed-gene-0.13-mRNA-1_1&gene=snap_masked-NODE_10_length_278180_cov_22.5073_ID_19-processed-gene-0.13&CDS=1-948
OG0001111	YDR266C	augustus_masked-NODE_14_length_224486_cov_20.7905_ID_27-processed-gene-1.235-mRNA-1_1&gene=augustus_masked-NODE_14_length_224486_cov_20.7905_ID_27-processed-gene-1.235&CDS=1-4137
OG0001112	YDR267C	snap_masked-NODE_10_length_278180_cov_22.5073_ID_19-processed-gene-0.40-mRNA-1_1&gene=snap_masked-NODE_10_length_278180_cov_22.5073_ID_19-processed-gene-0.40&CDS=1-1038
OG0001113	YDR270W	augustus_masked-NODE_10_length_278180_cov_22.5073_ID_19-processed-gene-0.60-mRNA-1_1&gene=augustus_masked-NODE_10_length_278180_cov_22.5073_ID_19-processed-gene-0.60&CDS=1-3771
OG0001114	YDR272W	snap_masked-NODE_14_length_224486_cov_20.7905_ID_27-processed-gene-1.126-mRNA-1_1&gene=snap_masked-NODE_14_length_224486_cov_20.7905_ID_27-processed-gene-1.126&CDS=1-828
OG0001115	YDR276C	maker-NODE_10_length_278180_cov_22.5073_ID_19-augustus-gene-0.4-mRNA-1_1&gene=maker-NODE_10_length_278180_cov_22.5073_ID_19-augustus-gene-0.4&CDS=1-180
OG0001116	YDR279W	snap_masked-NODE_45_length_86374_cov_21.9482_ID_89-processed-gene-0.107-mRNA-1_1&gene=snap_masked-NODE_45_length_86374_cov_21.9482_ID_89-processed-gene-0.107&CDS=1-981
OG0001117	YDR280W	snap_masked-NODE_48_length_80761_cov_21.8578_ID_95-processed-gene-0.64-mRNA-1_1&gene=snap_masked-NODE_48_length_80761_cov_21.8578_ID_95-processed-gene-0.64&CDS=1-921
OG0001118	YDR283C	snap_masked-NODE_45_length_86374_cov_21.9482_ID_89-processed-gene-0.104-mRNA-1_1&gene=snap_masked-NODE_45_length_86374_cov_21.9482_ID_89-processed-gene-0.104&CDS=1-6726
OG0001119	YDR284C	snap_masked-NODE_45_length_86374_cov_21.9482_ID_89-processed-gene-0.105-mRNA-1_1&gene=snap_masked-NODE_45_length_86374_cov_21.9482_ID_89-processed-gene-0.105&CDS=1-906
OG0001120	YDR285W	snap_masked-NODE_45_length_86374_cov_21.9482_ID_89-processed-gene-0.89-mRNA-1_1&gene=snap_masked-NODE_45_length_86374_cov_21.9482_ID_89-processed-gene-0.89&CDS=1-2532
OG0001121	YDR286C	snap_masked-NODE_45_length_86374_cov_21.9482_ID_89-processed-gene-0.106-mRNA-1_1&gene=snap_masked-NODE_45_length_86374_cov_21.9482_ID_89-processed-gene-0.106&CDS=1-339
OG0001122	YDR287W	snap_masked-NODE_45_length_86374_cov_21.9482_ID_89-processed-gene-0.90-mRNA-1_1&gene=snap_masked-NODE_45_length_86374_cov_21.9482_ID_89-processed-gene-0.90&CDS=1-876
OG0001123	YDR289C	snap_masked-NODE_45_length_86374_cov_21.9482_ID_89-processed-gene-0.103-mRNA-1_1&gene=snap_masked-NODE_45_length_86374_cov_21.9482_ID_89-processed-gene-0.103&CDS=1-1050
OG0001124	YDR291W	augustus_masked-NODE_45_length_86374_cov_21.9482_ID_89-processed-gene-0.52-mRNA-1_1&gene=augustus_masked-NODE_45_length_86374_cov_21.9482_ID_89-processed-gene-0.52&CDS=1-3180
OG0001125	YDR293C	maker-NODE_60_length_50222_cov_21.0961_ID_119-augustus-gene-0.26-mRNA-1_1&gene=maker-NODE_60_length_50222_cov_21.0961_ID_119-augustus-gene-0.26&CDS=1-4983
OG0001126	YDR294C	snap_masked-NODE_60_length_50222_cov_21.0961_ID_119-processed-gene-0.40-mRNA-1_1&gene=snap_masked-NODE_60_length_50222_cov_21.0961_ID_119-processed-gene-0.40&CDS=1-1740
OG0001127	YDR295C	snap_masked-NODE_60_length_50222_cov_21.0961_ID_119-processed-gene-0.41-mRNA-1_1&gene=snap_masked-NODE_60_length_50222_cov_21.0961_ID_119-processed-gene-0.41&CDS=1-2004
OG0001128	YDR296W	augustus_masked-NODE_60_length_50222_cov_21.0961_ID_119-processed-gene-0.51-mRNA-1_1&gene=augustus_masked-NODE_60_length_50222_cov_21.0961_ID_119-processed-gene-0.51&CDS=1-633
OG0001129	YDR297W	snap_masked-NODE_48_length_80761_cov_21.8578_ID_95-processed-gene-0.70-mRNA-1_1&gene=snap_masked-NODE_48_length_80761_cov_21.8578_ID_95-processed-gene-0.70&CDS=1-1032
OG0001130	YDR298C	augustus_masked-NODE_60_length_50222_cov_21.0961_ID_119-processed-gene-0.63-mRNA-1_1&gene=augustus_masked-NODE_60_length_50222_cov_21.0961_ID_119-processed-gene-0.63&CDS=1-591
OG0001131	YDR299W	snap_masked-NODE_60_length_50222_cov_21.0961_ID_119-processed-gene-0.29-mRNA-1_1&gene=snap_masked-NODE_60_length_50222_cov_21.0961_ID_119-processed-gene-0.29&CDS=1-1605
OG0001132	YDR300C	snap_masked-NODE_60_length_50222_cov_21.0961_ID_119-processed-gene-0.42-mRNA-1_1&gene=snap_masked-NODE_60_length_50222_cov_21.0961_ID_119-processed-gene-0.42&CDS=1-1281
OG0001133	YDR301W	augustus_masked-NODE_60_length_50222_cov_21.0961_ID_119-processed-gene-0.53-mRNA-1_1&gene=augustus_masked-NODE_60_length_50222_cov_21.0961_ID_119-processed-gene-0.53&CDS=1-4002
OG0001134	YDR302W	snap_masked-NODE_60_length_50222_cov_21.0961_ID_119-processed-gene-0.32-mRNA-1_1&gene=snap_masked-NODE_60_length_50222_cov_21.0961_ID_119-processed-gene-0.32&CDS=1-648
OG0001135	YDR303C	maker-NODE_60_length_50222_cov_21.0961_ID_119-augustus-gene-0.27-mRNA-1_1&gene=maker-NODE_60_length_50222_cov_21.0961_ID_119-augustus-gene-0.27&CDS=1-3003
OG0001136	YDR304C	snap_masked-NODE_48_length_80761_cov_21.8578_ID_95-processed-gene-0.93-mRNA-1_1&gene=snap_masked-NODE_48_length_80761_cov_21.8578_ID_95-processed-gene-0.93&CDS=1-663
OG0001137	YDR305C	snap_masked-NODE_60_length_50222_cov_21.0961_ID_119-processed-gene-0.45-mRNA-1_1&gene=snap_masked-NODE_60_length_50222_cov_21.0961_ID_119-processed-gene-0.45&CDS=1-576
OG0001138	YDR306C	augustus_masked-NODE_60_length_50222_cov_21.0961_ID_119-processed-gene-0.67-mRNA-1_1&gene=augustus_masked-NODE_60_length_50222_cov_21.0961_ID_119-processed-gene-0.67&CDS=1-1218
OG0001139	YDR307W	snap_masked-NODE_45_length_86374_cov_21.9482_ID_89-processed-gene-0.85-mRNA-1_1&gene=snap_masked-NODE_45_length_86374_cov_21.9482_ID_89-processed-gene-0.85&CDS=1-2277
OG0001140	YDR308C	augustus_masked-NODE_45_length_86374_cov_21.9482_ID_89-processed-gene-0.64-mRNA-1_1&gene=augustus_masked-NODE_45_length_86374_cov_21.9482_ID_89-processed-gene-0.64&CDS=1-432
OG0001141	YDR309C	augustus_masked-NODE_48_length_80761_cov_21.8578_ID_95-processed-gene-0.139-mRNA-1_1&gene=augustus_masked-NODE_48_length_80761_cov_21.8578_ID_95-processed-gene-0.139&CDS=1-1095
OG0001142	YDR310C	snap_masked-NODE_6_length_297843_cov_20.8202_ID_11-processed-gene-1.181-mRNA-1_1&gene=snap_masked-NODE_6_length_297843_cov_20.8202_ID_11-processed-gene-1.181&CDS=1-2790
OG0001143	YDR311W	snap_masked-NODE_48_length_80761_cov_21.8578_ID_95-processed-gene-0.74-mRNA-1_1&gene=snap_masked-NODE_48_length_80761_cov_21.8578_ID_95-processed-gene-0.74&CDS=1-1824
OG0001144	YDR313C	snap_masked-NODE_48_length_80761_cov_21.8578_ID_95-processed-gene-0.103-mRNA-1_1&gene=snap_masked-NODE_48_length_80761_cov_21.8578_ID_95-processed-gene-0.103&CDS=1-903
OG0001145	YDR314C	snap_masked-NODE_6_length_297843_cov_20.8202_ID_11-processed-gene-1.182-mRNA-1_1&gene=snap_masked-NODE_6_length_297843_cov_20.8202_ID_11-processed-gene-1.182&CDS=1-1986
OG0001146	YDR315C	augustus_masked-NODE_6_length_297843_cov_20.8202_ID_11-processed-gene-1.87-mRNA-1_1&gene=augustus_masked-NODE_6_length_297843_cov_20.8202_ID_11-processed-gene-1.87&CDS=1-930
OG0001147	YDR316W	maker-NODE_6_length_297843_cov_20.8202_ID_11-snap-gene-1.8-mRNA-1_1&gene=maker-NODE_6_length_297843_cov_20.8202_ID_11-snap-gene-1.8&CDS=1-1284
OG0001148	YDR318W	snap_masked-NODE_4_length_372424_cov_21.2575_ID_7-processed-gene-2.252-mRNA-1_1&gene=snap_masked-NODE_4_length_372424_cov_21.2575_ID_7-processed-gene-2.252&CDS=1-1104
OG0001149	YDR320C	snap_masked-NODE_4_length_372424_cov_21.2575_ID_7-processed-gene-2.212-mRNA-1_1&gene=snap_masked-NODE_4_length_372424_cov_21.2575_ID_7-processed-gene-2.212&CDS=1-1827
OG0001150	YDR320C-A	augustus_masked-NODE_4_length_372424_cov_21.2575_ID_7-processed-gene-2.126-mRNA-1_1&gene=augustus_masked-NODE_4_length_372424_cov_21.2575_ID_7-processed-gene-2.126&CDS=1-219
OG0001151	YDR321W	snap_masked-NODE_4_length_372424_cov_21.2575_ID_7-processed-gene-2.250-mRNA-1_1&gene=snap_masked-NODE_4_length_372424_cov_21.2575_ID_7-processed-gene-2.250&CDS=1-1125
OG0001152	YDR322W	augustus_masked-NODE_4_length_372424_cov_21.2575_ID_7-processed-gene-2.161-mRNA-1_1&gene=augustus_masked-NODE_4_length_372424_cov_21.2575_ID_7-processed-gene-2.161&CDS=1-1104
OG0001153	YDR323C	augustus_masked-NODE_4_length_372424_cov_21.2575_ID_7-processed-gene-2.125-mRNA-1_1&gene=augustus_masked-NODE_4_length_372424_cov_21.2575_ID_7-processed-gene-2.125&CDS=1-1806
OG0001154	YDR324C	snap_masked-NODE_4_length_372424_cov_21.2575_ID_7-processed-gene-2.210-mRNA-1_1&gene=snap_masked-NODE_4_length_372424_cov_21.2575_ID_7-processed-gene-2.210&CDS=1-2268
OG0001155	YDR325W	snap_masked-NODE_4_length_372424_cov_21.2575_ID_7-processed-gene-2.248-mRNA-1_1&gene=snap_masked-NODE_4_length_372424_cov_21.2575_ID_7-processed-gene-2.248&CDS=1-3057
OG0001156	YDR328C	snap_masked-NODE_4_length_372424_cov_21.2575_ID_7-processed-gene-2.208-mRNA-1_1&gene=snap_masked-NODE_4_length_372424_cov_21.2575_ID_7-processed-gene-2.208&CDS=1-546
OG0001157	YDR329C	snap_masked-NODE_4_length_372424_cov_21.2575_ID_7-processed-gene-2.207-mRNA-1_1&gene=snap_masked-NODE_4_length_372424_cov_21.2575_ID_7-processed-gene-2.207&CDS=1-1236
OG0001158	YDR330W	snap_masked-NODE_4_length_372424_cov_21.2575_ID_7-processed-gene-2.247-mRNA-1_1&gene=snap_masked-NODE_4_length_372424_cov_21.2575_ID_7-processed-gene-2.247&CDS=1-1461
OG0001159	YDR333C	snap_masked-NODE_4_length_372424_cov_21.2575_ID_7-processed-gene-2.206-mRNA-1_1&gene=snap_masked-NODE_4_length_372424_cov_21.2575_ID_7-processed-gene-2.206&CDS=1-2160
OG0001160	YDR334W	augustus_masked-NODE_4_length_372424_cov_21.2575_ID_7-processed-gene-2.156-mRNA-1_1&gene=augustus_masked-NODE_4_length_372424_cov_21.2575_ID_7-processed-gene-2.156&CDS=1-4380
OG0001161	YDR335W	snap_masked-NODE_43_length_88681_cov_21.4846_ID_85-processed-gene-0.51-mRNA-1_1&gene=snap_masked-NODE_43_length_88681_cov_21.4846_ID_85-processed-gene-0.51&CDS=1-3669
OG0001162	YDR337W	augustus_masked-NODE_4_length_372424_cov_21.2575_ID_7-processed-gene-2.155-mRNA-1_1&gene=augustus_masked-NODE_4_length_372424_cov_21.2575_ID_7-processed-gene-2.155&CDS=1-1731
OG0001163	YDR338C	snap_masked-NODE_4_length_372424_cov_21.2575_ID_7-processed-gene-2.204-mRNA-1_1&gene=snap_masked-NODE_4_length_372424_cov_21.2575_ID_7-processed-gene-2.204&CDS=1-2649
OG0001164	YDR341C	snap_masked-NODE_4_length_372424_cov_21.2575_ID_7-processed-gene-2.203-mRNA-1_1&gene=snap_masked-NODE_4_length_372424_cov_21.2575_ID_7-processed-gene-2.203&CDS=1-1818
OG0001165	YDR346C	snap_masked-NODE_4_length_372424_cov_21.2575_ID_7-processed-gene-2.200-mRNA-1_1&gene=snap_masked-NODE_4_length_372424_cov_21.2575_ID_7-processed-gene-2.200&CDS=1-1371
OG0001166	YDR347W	snap_masked-NODE_4_length_372424_cov_21.2575_ID_7-processed-gene-2.240-mRNA-1_1&gene=snap_masked-NODE_4_length_372424_cov_21.2575_ID_7-processed-gene-2.240&CDS=1-954
OG0001167	YDR348C	snap_masked-NODE_4_length_372424_cov_21.2575_ID_7-processed-gene-2.199-mRNA-1_1&gene=snap_masked-NODE_4_length_372424_cov_21.2575_ID_7-processed-gene-2.199&CDS=1-1320
OG0001168	YDR349C	snap_masked-NODE_4_length_372424_cov_21.2575_ID_7-processed-gene-2.198-mRNA-1_1&gene=snap_masked-NODE_4_length_372424_cov_21.2575_ID_7-processed-gene-2.198&CDS=1-1584
OG0001169	YDR350C	snap_masked-NODE_4_length_372424_cov_21.2575_ID_7-processed-gene-2.197-mRNA-1_1&gene=snap_masked-NODE_4_length_372424_cov_21.2575_ID_7-processed-gene-2.197&CDS=1-2064
OG0001170	YDR354W	snap_masked-NODE_4_length_372424_cov_21.2575_ID_7-processed-gene-2.238-mRNA-1_1&gene=snap_masked-NODE_4_length_372424_cov_21.2575_ID_7-processed-gene-2.238&CDS=1-1161
OG0001171	YDR356W	snap_masked-NODE_4_length_372424_cov_21.2575_ID_7-processed-gene-2.237-mRNA-1_1&gene=snap_masked-NODE_4_length_372424_cov_21.2575_ID_7-processed-gene-2.237&CDS=1-2934
OG0001172	YDR357C	snap_masked-NODE_4_length_372424_cov_21.2575_ID_7-processed-gene-2.194-mRNA-1_1&gene=snap_masked-NODE_4_length_372424_cov_21.2575_ID_7-processed-gene-2.194&CDS=1-330
OG0001173	YDR359C	snap_masked-NODE_4_length_372424_cov_21.2575_ID_7-processed-gene-2.193-mRNA-1_1&gene=snap_masked-NODE_4_length_372424_cov_21.2575_ID_7-processed-gene-2.193&CDS=1-3033
OG0001174	YDR361C	snap_masked-NODE_4_length_372424_cov_21.2575_ID_7-processed-gene-2.192-mRNA-1_1&gene=snap_masked-NODE_4_length_372424_cov_21.2575_ID_7-processed-gene-2.192&CDS=1-837
OG0001175	YDR362C	snap_masked-NODE_4_length_372424_cov_21.2575_ID_7-processed-gene-2.191-mRNA-1_1&gene=snap_masked-NODE_4_length_372424_cov_21.2575_ID_7-processed-gene-2.191&CDS=1-1965
OG0001176	YDR363W	augustus_masked-NODE_4_length_372424_cov_21.2575_ID_7-processed-gene-2.147-mRNA-1_1&gene=augustus_masked-NODE_4_length_372424_cov_21.2575_ID_7-processed-gene-2.147&CDS=1-1200
OG0001177	YDR364C	snap_masked-NODE_4_length_372424_cov_21.2575_ID_7-processed-gene-2.189-mRNA-1_1&gene=snap_masked-NODE_4_length_372424_cov_21.2575_ID_7-processed-gene-2.189&CDS=1-1290
OG0001178	YDR365C	snap_masked-NODE_4_length_372424_cov_21.2575_ID_7-processed-gene-2.188-mRNA-1_1&gene=snap_masked-NODE_4_length_372424_cov_21.2575_ID_7-processed-gene-2.188&CDS=1-1902
OG0001179	YDR367W	genemark-NODE_4_length_372424_cov_21.2575_ID_7-processed-gene-2.56-mRNA-1_1&gene=genemark-NODE_4_length_372424_cov_21.2575_ID_7-processed-gene-2.56&CDS=1-579
OG0001180	YDR369C	augustus_masked-NODE_4_length_372424_cov_21.2575_ID_7-processed-gene-2.103-mRNA-1_1&gene=augustus_masked-NODE_4_length_372424_cov_21.2575_ID_7-processed-gene-2.103&CDS=1-2289
OG0001181	YDR370C	augustus_masked-NODE_4_length_372424_cov_21.2575_ID_7-processed-gene-2.102-mRNA-1_1&gene=augustus_masked-NODE_4_length_372424_cov_21.2575_ID_7-processed-gene-2.102&CDS=1-1197
OG0001182	YDR371W	maker-NODE_4_length_372424_cov_21.2575_ID_7-augustus-gene-2.276-mRNA-1_1&gene=maker-NODE_4_length_372424_cov_21.2575_ID_7-augustus-gene-2.276&CDS=1-1662
OG0001183	YDR372C	snap_masked-NODE_64_length_46853_cov_20.8585_ID_127-processed-gene-0.33-mRNA-1_1&gene=snap_masked-NODE_64_length_46853_cov_20.8585_ID_127-processed-gene-0.33&CDS=1-987
OG0001184	YDR373W	snap_masked-NODE_4_length_372424_cov_21.2575_ID_7-processed-gene-2.228-mRNA-1_1&gene=snap_masked-NODE_4_length_372424_cov_21.2575_ID_7-processed-gene-2.228&CDS=1-570
OG0001185	YDR374C	genemark-NODE_4_length_372424_cov_21.2575_ID_7-processed-gene-2.9-mRNA-1_1&gene=genemark-NODE_4_length_372424_cov_21.2575_ID_7-processed-gene-2.9&CDS=1-945
OG0001186	YDR375C	snap_masked-NODE_64_length_46853_cov_20.8585_ID_127-processed-gene-0.36-mRNA-1_1&gene=snap_masked-NODE_64_length_46853_cov_20.8585_ID_127-processed-gene-0.36&CDS=1-1383
OG0001187	YDR376W	maker-NODE_4_length_372424_cov_21.2575_ID_7-augustus-gene-2.275-mRNA-1_1&gene=maker-NODE_4_length_372424_cov_21.2575_ID_7-augustus-gene-2.275&CDS=1-1713
OG0001188	YDR378C	snap_masked-NODE_4_length_372424_cov_21.2575_ID_7-processed-gene-2.183-mRNA-1_1&gene=snap_masked-NODE_4_length_372424_cov_21.2575_ID_7-processed-gene-2.183&CDS=1-252
OG0001189	YDR379C-A	snap_masked-NODE_4_length_372424_cov_21.2575_ID_7-processed-gene-2.182-mRNA-1_1&gene=snap_masked-NODE_4_length_372424_cov_21.2575_ID_7-processed-gene-2.182&CDS=1-234
OG0001190	YDR380W	augustus_masked-NODE_4_length_372424_cov_21.2575_ID_7-processed-gene-2.139-mRNA-1_1&gene=augustus_masked-NODE_4_length_372424_cov_21.2575_ID_7-processed-gene-2.139&CDS=1-1911
OG0001191	YDR381W	maker-NODE_4_length_372424_cov_21.2575_ID_7-snap-gene-2.267-mRNA-1_1&gene=maker-NODE_4_length_372424_cov_21.2575_ID_7-snap-gene-2.267&CDS=1-705
OG0001192	YDR382W	augustus_masked-NODE_4_length_372424_cov_21.2575_ID_7-processed-gene-2.137-mRNA-1_1&gene=augustus_masked-NODE_4_length_372424_cov_21.2575_ID_7-processed-gene-2.137&CDS=1-330
OG0001193	YDR383C	snap_masked-NODE_4_length_372424_cov_21.2575_ID_7-processed-gene-2.179-mRNA-1_1&gene=snap_masked-NODE_4_length_372424_cov_21.2575_ID_7-processed-gene-2.179&CDS=1-927
OG0001194	YDR384C	augustus_masked-NODE_4_length_372424_cov_21.2575_ID_7-processed-gene-2.97-mRNA-1_1&gene=augustus_masked-NODE_4_length_372424_cov_21.2575_ID_7-processed-gene-2.97&CDS=1-792
OG0001195	YDR387C	snap_masked-NODE_4_length_372424_cov_21.2575_ID_7-processed-gene-2.176-mRNA-1_1&gene=snap_masked-NODE_4_length_372424_cov_21.2575_ID_7-processed-gene-2.176&CDS=1-1641
OG0001196	YDR388W	snap_masked-NODE_4_length_372424_cov_21.2575_ID_7-processed-gene-2.174-mRNA-1_1&gene=snap_masked-NODE_4_length_372424_cov_21.2575_ID_7-processed-gene-2.174&CDS=1-1443
OG0001197	YDR389W	snap_masked-NODE_4_length_372424_cov_21.2575_ID_7-processed-gene-2.175-mRNA-1_1&gene=snap_masked-NODE_4_length_372424_cov_21.2575_ID_7-processed-gene-2.175&CDS=1-1965
OG0001198	YDR390C	snap_masked-NODE_4_length_372424_cov_21.2575_ID_7-processed-gene-2.177-mRNA-1_1&gene=snap_masked-NODE_4_length_372424_cov_21.2575_ID_7-processed-gene-2.177&CDS=1-1857
OG0001199	YDR391C	snap_masked-NODE_13_length_242978_cov_21.7015_ID_25-processed-gene-1.116-mRNA-1_1&gene=snap_masked-NODE_13_length_242978_cov_21.7015_ID_25-processed-gene-1.116&CDS=1-825
OG0001200	YDR392W	snap_masked-NODE_61_length_49157_cov_21.7454_ID_121-processed-gene-0.13-mRNA-1_1&gene=snap_masked-NODE_61_length_49157_cov_21.7454_ID_121-processed-gene-0.13&CDS=1-999
OG0001201	YDR394W	snap_masked-NODE_4_length_372424_cov_21.2575_ID_7-processed-gene-1.44-mRNA-1_1&gene=snap_masked-NODE_4_length_372424_cov_21.2575_ID_7-processed-gene-1.44&CDS=1-2502
OG0001202	YDR395W	snap_masked-NODE_4_length_372424_cov_21.2575_ID_7-processed-gene-1.43-mRNA-1_1&gene=snap_masked-NODE_4_length_372424_cov_21.2575_ID_7-processed-gene-1.43&CDS=1-2898
OG0001203	YDR397C	snap_masked-NODE_4_length_372424_cov_21.2575_ID_7-processed-gene-1.17-mRNA-1_1&gene=snap_masked-NODE_4_length_372424_cov_21.2575_ID_7-processed-gene-1.17&CDS=1-498
OG0001204	YDR398W	snap_masked-NODE_39_length_94383_cov_19.9911_ID_77-processed-gene-0.47-mRNA-1_1&gene=snap_masked-NODE_39_length_94383_cov_19.9911_ID_77-processed-gene-0.47&CDS=1-1860
OG0001205	YDR399W	snap_masked-NODE_4_length_372424_cov_21.2575_ID_7-processed-gene-1.42-mRNA-1_1&gene=snap_masked-NODE_4_length_372424_cov_21.2575_ID_7-processed-gene-1.42&CDS=1-642
OG0001206	YDR400W	snap_masked-NODE_4_length_372424_cov_21.2575_ID_7-processed-gene-1.41-mRNA-1_1&gene=snap_masked-NODE_4_length_372424_cov_21.2575_ID_7-processed-gene-1.41&CDS=1-1041
OG0001207	YDR402C	augustus_masked-NODE_4_length_372424_cov_21.2575_ID_7-processed-gene-1.62-mRNA-1_1&gene=augustus_masked-NODE_4_length_372424_cov_21.2575_ID_7-processed-gene-1.62&CDS=1-1467
OG0001208	YDR403W	snap_masked-NODE_4_length_372424_cov_21.2575_ID_7-processed-gene-1.40-mRNA-1_1&gene=snap_masked-NODE_4_length_372424_cov_21.2575_ID_7-processed-gene-1.40&CDS=1-1590
OG0001209	YDR404C	augustus_masked-NODE_4_length_372424_cov_21.2575_ID_7-processed-gene-1.61-mRNA-1_1&gene=augustus_masked-NODE_4_length_372424_cov_21.2575_ID_7-processed-gene-1.61&CDS=1-513
OG0001210	YDR407C	snap_masked-NODE_4_length_372424_cov_21.2575_ID_7-processed-gene-1.15-mRNA-1_1&gene=snap_masked-NODE_4_length_372424_cov_21.2575_ID_7-processed-gene-1.15&CDS=1-3744
OG0001211	YDR408C	snap_masked-NODE_4_length_372424_cov_21.2575_ID_7-processed-gene-1.14-mRNA-1_1&gene=snap_masked-NODE_4_length_372424_cov_21.2575_ID_7-processed-gene-1.14&CDS=1-633
OG0001212	YDR410C	snap_masked-NODE_4_length_372424_cov_21.2575_ID_7-processed-gene-1.13-mRNA-1_1&gene=snap_masked-NODE_4_length_372424_cov_21.2575_ID_7-processed-gene-1.13&CDS=1-705
OG0001213	YDR411C	augustus_masked-NODE_4_length_372424_cov_21.2575_ID_7-processed-gene-1.57-mRNA-1_1&gene=augustus_masked-NODE_4_length_372424_cov_21.2575_ID_7-processed-gene-1.57&CDS=1-1014
OG0001214	YDR412W	snap_masked-NODE_4_length_372424_cov_21.2575_ID_7-processed-gene-1.37-mRNA-1_1&gene=snap_masked-NODE_4_length_372424_cov_21.2575_ID_7-processed-gene-1.37&CDS=1-708
OG0001215	YDR415C	augustus_masked-NODE_4_length_372424_cov_21.2575_ID_7-processed-gene-1.56-mRNA-1_1&gene=augustus_masked-NODE_4_length_372424_cov_21.2575_ID_7-processed-gene-1.56&CDS=1-2151
OG0001216	YDR416W	snap_masked-NODE_4_length_372424_cov_21.2575_ID_7-processed-gene-1.36-mRNA-1_1&gene=snap_masked-NODE_4_length_372424_cov_21.2575_ID_7-processed-gene-1.36&CDS=1-2511
OG0001217	YDR419W	snap_masked-NODE_4_length_372424_cov_21.2575_ID_7-processed-gene-1.34-mRNA-1_1&gene=snap_masked-NODE_4_length_372424_cov_21.2575_ID_7-processed-gene-1.34&CDS=1-1896
OG0001218	YDR421W	snap_masked-NODE_38_length_96637_cov_19.6807_ID_75-processed-gene-0.115-mRNA-1_1&gene=snap_masked-NODE_38_length_96637_cov_19.6807_ID_75-processed-gene-0.115&CDS=1-2757
OG0001219	YDR424C	snap_masked-NODE_38_length_96637_cov_19.6807_ID_75-processed-gene-0.90-mRNA-1_1&gene=snap_masked-NODE_38_length_96637_cov_19.6807_ID_75-processed-gene-0.90&CDS=1-270
OG0001220	YDR425W	snap_masked-NODE_14_length_224486_cov_20.7905_ID_27-processed-gene-1.99-mRNA-1_1&gene=snap_masked-NODE_14_length_224486_cov_20.7905_ID_27-processed-gene-1.99&CDS=1-1788
OG0001221	YDR427W	snap_masked-NODE_38_length_96637_cov_19.6807_ID_75-processed-gene-0.113-mRNA-1_1&gene=snap_masked-NODE_38_length_96637_cov_19.6807_ID_75-processed-gene-0.113&CDS=1-1191
OG0001222	YDR429C	snap_masked-NODE_14_length_224486_cov_20.7905_ID_27-processed-gene-1.137-mRNA-1_1&gene=snap_masked-NODE_14_length_224486_cov_20.7905_ID_27-processed-gene-1.137&CDS=1-819
OG0001223	YDR430C	maker-NODE_38_length_96637_cov_19.6807_ID_75-augustus-gene-0.47-mRNA-1_1&gene=maker-NODE_38_length_96637_cov_19.6807_ID_75-augustus-gene-0.47&CDS=1-3612
OG0001224	YDR432W	genemark-NODE_38_length_96637_cov_19.6807_ID_75-processed-gene-0.26-mRNA-1_1&gene=genemark-NODE_38_length_96637_cov_19.6807_ID_75-processed-gene-0.26&CDS=1-1218
OG0001225	YDR434W	snap_masked-NODE_81_length_24228_cov_22.1613_ID_161-processed-gene-0.15-mRNA-1_1&gene=snap_masked-NODE_81_length_24228_cov_22.1613_ID_161-processed-gene-0.15&CDS=1-1545
OG0001226	YDR435C	snap_masked-NODE_81_length_24228_cov_22.1613_ID_161-processed-gene-0.6-mRNA-1_1&gene=snap_masked-NODE_81_length_24228_cov_22.1613_ID_161-processed-gene-0.6&CDS=1-957
OG0001227	YDR437W	augustus_masked-NODE_81_length_24228_cov_22.1613_ID_161-processed-gene-0.27-mRNA-1_1&gene=augustus_masked-NODE_81_length_24228_cov_22.1613_ID_161-processed-gene-0.27&CDS=1-387
OG0001228	YDR440W	snap_masked-NODE_81_length_24228_cov_22.1613_ID_161-processed-gene-0.10-mRNA-1_1&gene=snap_masked-NODE_81_length_24228_cov_22.1613_ID_161-processed-gene-0.10&CDS=1-1704
OG0001229	YDR443C	snap_masked-NODE_81_length_24228_cov_22.1613_ID_161-processed-gene-0.5-mRNA-1_1&gene=snap_masked-NODE_81_length_24228_cov_22.1613_ID_161-processed-gene-0.5&CDS=1-4068
OG0001230	YDR444W	snap_masked-NODE_81_length_24228_cov_22.1613_ID_161-processed-gene-0.8-mRNA-1_1&gene=snap_masked-NODE_81_length_24228_cov_22.1613_ID_161-processed-gene-0.8&CDS=1-1917
OG0001231	YDR446W	augustus_masked-NODE_23_length_135800_cov_19.7169_ID_45-processed-gene-0.102-mRNA-1_1&gene=augustus_masked-NODE_23_length_135800_cov_19.7169_ID_45-processed-gene-0.102&CDS=1-864
OG0001232	YDR448W	snap_masked-NODE_23_length_135800_cov_19.7169_ID_45-processed-gene-0.48-mRNA-1_1&gene=snap_masked-NODE_23_length_135800_cov_19.7169_ID_45-processed-gene-0.48&CDS=1-1314
OG0001233	YDR449C	augustus_masked-NODE_23_length_135800_cov_19.7169_ID_45-processed-gene-0.70-mRNA-1_1&gene=augustus_masked-NODE_23_length_135800_cov_19.7169_ID_45-processed-gene-0.70&CDS=1-1320
OG0001234	YDR452W	augustus_masked-NODE_23_length_135800_cov_19.7169_ID_45-processed-gene-0.99-mRNA-1_1&gene=augustus_masked-NODE_23_length_135800_cov_19.7169_ID_45-processed-gene-0.99&CDS=1-1485
OG0001235	YDR454C	snap_masked-NODE_23_length_135800_cov_19.7169_ID_45-processed-gene-0.15-mRNA-1_1&gene=snap_masked-NODE_23_length_135800_cov_19.7169_ID_45-processed-gene-0.15&CDS=1-555
OG0001236	YDR456W	snap_masked-NODE_23_length_135800_cov_19.7169_ID_45-processed-gene-0.46-mRNA-1_1&gene=snap_masked-NODE_23_length_135800_cov_19.7169_ID_45-processed-gene-0.46&CDS=1-1965
OG0001237	YDR457W	snap_masked-NODE_23_length_135800_cov_19.7169_ID_45-processed-gene-0.45-mRNA-1_1&gene=snap_masked-NODE_23_length_135800_cov_19.7169_ID_45-processed-gene-0.45&CDS=1-9834
OG0001238	YDR459C	snap_masked-NODE_23_length_135800_cov_19.7169_ID_45-processed-gene-0.13-mRNA-1_1&gene=snap_masked-NODE_23_length_135800_cov_19.7169_ID_45-processed-gene-0.13&CDS=1-555
OG0001239	YDR460W	snap_masked-NODE_23_length_135800_cov_19.7169_ID_45-processed-gene-0.44-mRNA-1_1&gene=snap_masked-NODE_23_length_135800_cov_19.7169_ID_45-processed-gene-0.44&CDS=1-972
OG0001240	YDR462W	snap_masked-NODE_23_length_135800_cov_19.7169_ID_45-processed-gene-0.43-mRNA-1_1&gene=snap_masked-NODE_23_length_135800_cov_19.7169_ID_45-processed-gene-0.43&CDS=1-471
OG0001241	YDR463W	snap_masked-NODE_86_length_18699_cov_27.4731_ID_171-processed-gene-0.18-mRNA-1_1&gene=snap_masked-NODE_86_length_18699_cov_27.4731_ID_171-processed-gene-0.18&CDS=1-1032
OG0001242	YDR464W	snap_masked-NODE_86_length_18699_cov_27.4731_ID_171-processed-gene-0.17-mRNA-1_1&gene=snap_masked-NODE_86_length_18699_cov_27.4731_ID_171-processed-gene-0.17&CDS=1-4044
OG0001243	YDR465C	snap_masked-NODE_86_length_18699_cov_27.4731_ID_171-processed-gene-0.14-mRNA-1_1&gene=snap_masked-NODE_86_length_18699_cov_27.4731_ID_171-processed-gene-0.14&CDS=1-1179
OG0001244	YDR466W	augustus_masked-NODE_86_length_18699_cov_27.4731_ID_171-processed-gene-0.9-mRNA-1_1&gene=augustus_masked-NODE_86_length_18699_cov_27.4731_ID_171-processed-gene-0.9&CDS=1-2232
OG0001245	YDR468C	snap_masked-NODE_86_length_18699_cov_27.4731_ID_171-processed-gene-0.13-mRNA-1_1&gene=snap_masked-NODE_86_length_18699_cov_27.4731_ID_171-processed-gene-0.13&CDS=1-612
OG0001246	YDR469W	snap_masked-NODE_86_length_18699_cov_27.4731_ID_171-processed-gene-0.15-mRNA-1_1&gene=snap_masked-NODE_86_length_18699_cov_27.4731_ID_171-processed-gene-0.15&CDS=1-210
OG0001247	YDR470C	snap_masked-NODE_10_length_278180_cov_22.5073_ID_19-processed-gene-0.32-mRNA-1_1&gene=snap_masked-NODE_10_length_278180_cov_22.5073_ID_19-processed-gene-0.32&CDS=1-1215
OG0001248	YDR472W	augustus_masked-NODE_10_length_278180_cov_22.5073_ID_19-processed-gene-0.55-mRNA-1_1&gene=augustus_masked-NODE_10_length_278180_cov_22.5073_ID_19-processed-gene-0.55&CDS=1-621
OG0001249	YDR473C	augustus_masked-NODE_10_length_278180_cov_22.5073_ID_19-processed-gene-0.77-mRNA-1_1&gene=augustus_masked-NODE_10_length_278180_cov_22.5073_ID_19-processed-gene-0.77&CDS=1-1266
OG0001250	YDR477W	snap_masked-NODE_14_length_224486_cov_20.7905_ID_27-processed-gene-1.119-mRNA-1_1&gene=snap_masked-NODE_14_length_224486_cov_20.7905_ID_27-processed-gene-1.119&CDS=1-1872
OG0001251	YDR478W	snap_masked-NODE_10_length_278180_cov_22.5073_ID_19-processed-gene-0.12-mRNA-1_1&gene=snap_masked-NODE_10_length_278180_cov_22.5073_ID_19-processed-gene-0.12&CDS=1-531
OG0001252	YDR479C	augustus_masked-NODE_10_length_278180_cov_22.5073_ID_19-processed-gene-0.79-mRNA-1_1&gene=augustus_masked-NODE_10_length_278180_cov_22.5073_ID_19-processed-gene-0.79&CDS=1-3228
OG0001253	YDR482C	snap_masked-NODE_26_length_129937_cov_20.3153_ID_51-processed-gene-0.56-mRNA-1_1&gene=snap_masked-NODE_26_length_129937_cov_20.3153_ID_51-processed-gene-0.56&CDS=1-402
OG0001254	YDR484W	snap_masked-NODE_28_length_123417_cov_23.6155_ID_55-processed-gene-0.67-mRNA-1_1&gene=snap_masked-NODE_28_length_123417_cov_23.6155_ID_55-processed-gene-0.67&CDS=1-1821
OG0001255	YDR485C	snap_masked-NODE_28_length_123417_cov_23.6155_ID_55-processed-gene-0.33-mRNA-1_1&gene=snap_masked-NODE_28_length_123417_cov_23.6155_ID_55-processed-gene-0.33&CDS=1-2187
OG0001256	YDR486C	snap_masked-NODE_28_length_123417_cov_23.6155_ID_55-processed-gene-0.32-mRNA-1_1&gene=snap_masked-NODE_28_length_123417_cov_23.6155_ID_55-processed-gene-0.32&CDS=1-681
OG0001257	YDR487C	snap_masked-NODE_28_length_123417_cov_23.6155_ID_55-processed-gene-0.31-mRNA-1_1&gene=snap_masked-NODE_28_length_123417_cov_23.6155_ID_55-processed-gene-0.31&CDS=1-633
OG0001258	YDR488C	snap_masked-NODE_28_length_123417_cov_23.6155_ID_55-processed-gene-0.30-mRNA-1_1&gene=snap_masked-NODE_28_length_123417_cov_23.6155_ID_55-processed-gene-0.30&CDS=1-1806
OG0001259	YDR489W	snap_masked-NODE_28_length_123417_cov_23.6155_ID_55-processed-gene-0.66-mRNA-1_1&gene=snap_masked-NODE_28_length_123417_cov_23.6155_ID_55-processed-gene-0.66&CDS=1-906
OG0001260	YDR494W	snap_masked-NODE_28_length_123417_cov_23.6155_ID_55-processed-gene-0.61-mRNA-1_1&gene=snap_masked-NODE_28_length_123417_cov_23.6155_ID_55-processed-gene-0.61&CDS=1-1008
OG0001261	YDR495C	snap_masked-NODE_28_length_123417_cov_23.6155_ID_55-processed-gene-0.26-mRNA-1_1&gene=snap_masked-NODE_28_length_123417_cov_23.6155_ID_55-processed-gene-0.26&CDS=1-2442
OG0001262	YDR496C	snap_masked-NODE_28_length_123417_cov_23.6155_ID_55-processed-gene-0.25-mRNA-1_1&gene=snap_masked-NODE_28_length_123417_cov_23.6155_ID_55-processed-gene-0.25&CDS=1-1920
OG0001263	YDR497C	augustus_masked-NODE_8_length_292075_cov_22.5245_ID_15-processed-gene-1.66-mRNA-1_1&gene=augustus_masked-NODE_8_length_292075_cov_22.5245_ID_15-processed-gene-1.66&CDS=1-1767
OG0001264	YDR498C	snap_masked-NODE_28_length_123417_cov_23.6155_ID_55-processed-gene-0.24-mRNA-1_1&gene=snap_masked-NODE_28_length_123417_cov_23.6155_ID_55-processed-gene-0.24&CDS=1-969
OG0001265	YDR499W	snap_masked-NODE_41_length_92102_cov_23.5632_ID_81-processed-gene-0.38-mRNA-1_1&gene=snap_masked-NODE_41_length_92102_cov_23.5632_ID_81-processed-gene-0.38&CDS=1-2151
OG0001266	YDR506C	augustus_masked-NODE_41_length_92102_cov_23.5632_ID_81-processed-gene-0.57-mRNA-1_1&gene=augustus_masked-NODE_41_length_92102_cov_23.5632_ID_81-processed-gene-0.57&CDS=1-1746
OG0001267	YDR507C	snap_masked-NODE_41_length_92102_cov_23.5632_ID_81-processed-gene-0.13-mRNA-1_1&gene=snap_masked-NODE_41_length_92102_cov_23.5632_ID_81-processed-gene-0.13&CDS=1-3366
OG0001268	YDR510W	snap_masked-NODE_41_length_92102_cov_23.5632_ID_81-processed-gene-0.12-mRNA-1_1&gene=snap_masked-NODE_41_length_92102_cov_23.5632_ID_81-processed-gene-0.12&CDS=1-303
OG0001269	YDR511W	snap_masked-NODE_29_length_115528_cov_22.4131_ID_57-processed-gene-0.156-mRNA-1_1&gene=snap_masked-NODE_29_length_115528_cov_22.4131_ID_57-processed-gene-0.156&CDS=1-426
OG0001270	YDR512C	snap_masked-NODE_41_length_92102_cov_23.5632_ID_81-processed-gene-0.11-mRNA-1_1&gene=snap_masked-NODE_41_length_92102_cov_23.5632_ID_81-processed-gene-0.11&CDS=1-258
OG0001271	YDR517W	augustus_masked-NODE_41_length_92102_cov_23.5632_ID_81-processed-gene-0.75-mRNA-1_1&gene=augustus_masked-NODE_41_length_92102_cov_23.5632_ID_81-processed-gene-0.75&CDS=1-1062
OG0001272	YDR519W	snap_masked-NODE_41_length_92102_cov_23.5632_ID_81-processed-gene-0.33-mRNA-1_1&gene=snap_masked-NODE_41_length_92102_cov_23.5632_ID_81-processed-gene-0.33&CDS=1-405
OG0001273	YDR520C	snap_masked-NODE_41_length_92102_cov_23.5632_ID_81-processed-gene-0.8-mRNA-1_1&gene=snap_masked-NODE_41_length_92102_cov_23.5632_ID_81-processed-gene-0.8&CDS=1-2499
OG0001274	YDR523C	snap_masked-NODE_41_length_92102_cov_23.5632_ID_81-processed-gene-0.6-mRNA-1_1&gene=snap_masked-NODE_41_length_92102_cov_23.5632_ID_81-processed-gene-0.6&CDS=1-1488
OG0001275	YDR524C	snap_masked-NODE_41_length_92102_cov_23.5632_ID_81-processed-gene-0.5-mRNA-1_1&gene=snap_masked-NODE_41_length_92102_cov_23.5632_ID_81-processed-gene-0.5&CDS=1-924
OG0001276	YDR525W-A	snap_masked-NODE_41_length_92102_cov_23.5632_ID_81-processed-gene-0.32-mRNA-1_1&gene=snap_masked-NODE_41_length_92102_cov_23.5632_ID_81-processed-gene-0.32&CDS=1-231
OG0001277	YDR527W	snap_masked-NODE_41_length_92102_cov_23.5632_ID_81-processed-gene-0.31-mRNA-1_1&gene=snap_masked-NODE_41_length_92102_cov_23.5632_ID_81-processed-gene-0.31&CDS=1-1299
OG0001278	YDR529C	snap_masked-NODE_41_length_92102_cov_23.5632_ID_81-processed-gene-0.28-mRNA-1_1&gene=snap_masked-NODE_41_length_92102_cov_23.5632_ID_81-processed-gene-0.28&CDS=1-387
OG0001279	YDR531W	snap_masked-NODE_41_length_92102_cov_23.5632_ID_81-processed-gene-0.3-mRNA-1_1&gene=snap_masked-NODE_41_length_92102_cov_23.5632_ID_81-processed-gene-0.3&CDS=1-1110
OG0001280	YDR532C	snap_masked-NODE_41_length_92102_cov_23.5632_ID_81-processed-gene-0.30-mRNA-1_1&gene=snap_masked-NODE_41_length_92102_cov_23.5632_ID_81-processed-gene-0.30&CDS=1-1047
OG0001281	YEL001C	augustus_masked-NODE_18_length_183210_cov_20.8765_ID_35-processed-gene-0.99-mRNA-1_1&gene=augustus_masked-NODE_18_length_183210_cov_20.8765_ID_35-processed-gene-0.99&CDS=1-735
OG0001282	YEL002C	snap_masked-NODE_18_length_183210_cov_20.8765_ID_35-processed-gene-0.138-mRNA-1_1&gene=snap_masked-NODE_18_length_183210_cov_20.8765_ID_35-processed-gene-0.138&CDS=1-1290
OG0001283	YEL003W	augustus_masked-NODE_18_length_183210_cov_20.8765_ID_35-processed-gene-0.93-mRNA-1_1&gene=augustus_masked-NODE_18_length_183210_cov_20.8765_ID_35-processed-gene-0.93&CDS=1-330
OG0001284	YEL004W	augustus_masked-NODE_3_length_402036_cov_21.609_ID_5-processed-gene-0.86-mRNA-1_1&gene=augustus_masked-NODE_3_length_402036_cov_21.609_ID_5-processed-gene-0.86&CDS=1-1071
OG0001285	YEL005C	augustus_masked-NODE_18_length_183210_cov_20.8765_ID_35-processed-gene-0.52-mRNA-1_1&gene=augustus_masked-NODE_18_length_183210_cov_20.8765_ID_35-processed-gene-0.52&CDS=1-795
OG0001286	YEL007W	snap_masked-NODE_18_length_183210_cov_20.8765_ID_35-processed-gene-0.189-mRNA-1_1&gene=snap_masked-NODE_18_length_183210_cov_20.8765_ID_35-processed-gene-0.189&CDS=1-2031
OG0001287	YEL009C	augustus_masked-NODE_18_length_183210_cov_20.8765_ID_35-processed-gene-0.58-mRNA-1_1&gene=augustus_masked-NODE_18_length_183210_cov_20.8765_ID_35-processed-gene-0.58&CDS=1-831
OG0001288	YEL011W	snap_masked-NODE_16_length_197293_cov_20.9529_ID_31-processed-gene-0.182-mRNA-1_1&gene=snap_masked-NODE_16_length_197293_cov_20.9529_ID_31-processed-gene-0.182&CDS=1-2112
OG0001289	YEL012W	snap_masked-NODE_16_length_197293_cov_20.9529_ID_31-processed-gene-0.183-mRNA-1_1&gene=snap_masked-NODE_16_length_197293_cov_20.9529_ID_31-processed-gene-0.183&CDS=1-642
OG0001290	YEL013W	augustus_masked-NODE_16_length_197293_cov_20.9529_ID_31-processed-gene-0.23-mRNA-1_1&gene=augustus_masked-NODE_16_length_197293_cov_20.9529_ID_31-processed-gene-0.23&CDS=1-3525
OG0001291	YEL017W	augustus_masked-NODE_16_length_197293_cov_20.9529_ID_31-processed-gene-0.22-mRNA-1_1&gene=augustus_masked-NODE_16_length_197293_cov_20.9529_ID_31-processed-gene-0.22&CDS=1-912
OG0001292	YEL018W	snap_masked-NODE_16_length_197293_cov_20.9529_ID_31-processed-gene-0.119-mRNA-1_1&gene=snap_masked-NODE_16_length_197293_cov_20.9529_ID_31-processed-gene-0.119&CDS=1-891
OG0001293	YEL019C	snap_masked-NODE_16_length_197293_cov_20.9529_ID_31-processed-gene-0.173-mRNA-1_1&gene=snap_masked-NODE_16_length_197293_cov_20.9529_ID_31-processed-gene-0.173&CDS=1-807
OG0001294	YEL020C	augustus_masked-NODE_16_length_197293_cov_20.9529_ID_31-processed-gene-0.68-mRNA-1_1&gene=augustus_masked-NODE_16_length_197293_cov_20.9529_ID_31-processed-gene-0.68&CDS=1-1656
OG0001295	YEL021W	maker-NODE_16_length_197293_cov_20.9529_ID_31-augustus-gene-0.205-mRNA-1_1&gene=maker-NODE_16_length_197293_cov_20.9529_ID_31-augustus-gene-0.205&CDS=1-1053
OG0001296	YEL022W	snap_masked-NODE_16_length_197293_cov_20.9529_ID_31-processed-gene-0.117-mRNA-1_1&gene=snap_masked-NODE_16_length_197293_cov_20.9529_ID_31-processed-gene-0.117&CDS=1-4548
OG0001297	YEL023C	augustus_masked-NODE_37_length_99903_cov_20.9673_ID_73-processed-gene-0.73-mRNA-1_1&gene=augustus_masked-NODE_37_length_99903_cov_20.9673_ID_73-processed-gene-0.73&CDS=1-1845
OG0001298	YEL024W	augustus_masked-NODE_37_length_99903_cov_20.9673_ID_73-processed-gene-0.51-mRNA-1_1&gene=augustus_masked-NODE_37_length_99903_cov_20.9673_ID_73-processed-gene-0.51&CDS=1-639
OG0001299	YEL025C	snap_masked-NODE_37_length_99903_cov_20.9673_ID_73-processed-gene-0.32-mRNA-1_1&gene=snap_masked-NODE_37_length_99903_cov_20.9673_ID_73-processed-gene-0.32&CDS=1-2013
OG0001300	YEL026W	snap_masked-NODE_2_length_515064_cov_21.8181_ID_3-processed-gene-4.45-mRNA-1_1&gene=snap_masked-NODE_2_length_515064_cov_21.8181_ID_3-processed-gene-4.45&CDS=1-378
OG0001301	YEL029C	snap_masked-NODE_80_length_25299_cov_22.07_ID_159-processed-gene-0.11-mRNA-1_1&gene=snap_masked-NODE_80_length_25299_cov_22.07_ID_159-processed-gene-0.11&CDS=1-960
OG0001302	YEL031W	augustus_masked-NODE_80_length_25299_cov_22.07_ID_159-processed-gene-0.16-mRNA-1_1&gene=augustus_masked-NODE_80_length_25299_cov_22.07_ID_159-processed-gene-0.16&CDS=1-3681
OG0001303	YEL032W	snap_masked-NODE_80_length_25299_cov_22.07_ID_159-processed-gene-0.3-mRNA-1_1&gene=snap_masked-NODE_80_length_25299_cov_22.07_ID_159-processed-gene-0.3&CDS=1-2817
OG0001304	YEL036C	augustus_masked-NODE_2_length_515064_cov_21.8181_ID_3-processed-gene-4.83-mRNA-1_1&gene=augustus_masked-NODE_2_length_515064_cov_21.8181_ID_3-processed-gene-4.83&CDS=1-1302
OG0001305	YEL037C	snap_masked-NODE_89_length_16972_cov_24.5341_ID_177-processed-gene-0.23-mRNA-1_1&gene=snap_masked-NODE_89_length_16972_cov_24.5341_ID_177-processed-gene-0.23&CDS=1-1128
OG0001306	YEL038W	snap_masked-NODE_89_length_16972_cov_24.5341_ID_177-processed-gene-0.19-mRNA-1_1&gene=snap_masked-NODE_89_length_16972_cov_24.5341_ID_177-processed-gene-0.19&CDS=1-648
OG0001307	YEL040W	maker-NODE_89_length_16972_cov_24.5341_ID_177-snap-gene-0.24-mRNA-1_1&gene=maker-NODE_89_length_16972_cov_24.5341_ID_177-snap-gene-0.24&CDS=1-1233
OG0001308	YEL042W	snap_masked-NODE_89_length_16972_cov_24.5341_ID_177-processed-gene-0.16-mRNA-1_1&gene=snap_masked-NODE_89_length_16972_cov_24.5341_ID_177-processed-gene-0.16&CDS=1-1662
OG0001309	YEL043W	snap_masked-NODE_89_length_16972_cov_24.5341_ID_177-processed-gene-0.15-mRNA-1_1&gene=snap_masked-NODE_89_length_16972_cov_24.5341_ID_177-processed-gene-0.15&CDS=1-3273
OG0001310	YEL046C	augustus_masked-NODE_44_length_88190_cov_24.0211_ID_87-processed-gene-0.71-mRNA-1_1&gene=augustus_masked-NODE_44_length_88190_cov_24.0211_ID_87-processed-gene-0.71&CDS=1-1164
OG0001311	YEL048C	augustus_masked-NODE_44_length_88190_cov_24.0211_ID_87-processed-gene-0.69-mRNA-1_1&gene=augustus_masked-NODE_44_length_88190_cov_24.0211_ID_87-processed-gene-0.69&CDS=1-444
OG0001312	YEL050C	snap_masked-NODE_39_length_94383_cov_19.9911_ID_77-processed-gene-0.39-mRNA-1_1&gene=snap_masked-NODE_39_length_94383_cov_19.9911_ID_77-processed-gene-0.39&CDS=1-996
OG0001313	YEL052W	maker-NODE_39_length_94383_cov_19.9911_ID_77-augustus-gene-0.1-mRNA-1_1&gene=maker-NODE_39_length_94383_cov_19.9911_ID_77-augustus-gene-0.1&CDS=1-2283
OG0001314	YEL053C	snap_masked-NODE_39_length_94383_cov_19.9911_ID_77-processed-gene-0.38-mRNA-1_1&gene=snap_masked-NODE_39_length_94383_cov_19.9911_ID_77-processed-gene-0.38&CDS=1-2310
OG0001315	YEL055C	snap_masked-NODE_32_length_114782_cov_21.7396_ID_63-processed-gene-0.93-mRNA-1_1&gene=snap_masked-NODE_32_length_114782_cov_21.7396_ID_63-processed-gene-0.93&CDS=1-2925
OG0001316	YEL056W	snap_masked-NODE_32_length_114782_cov_21.7396_ID_63-processed-gene-0.69-mRNA-1_1&gene=snap_masked-NODE_32_length_114782_cov_21.7396_ID_63-processed-gene-0.69&CDS=1-1221
OG0001317	YEL058W	snap_masked-NODE_32_length_114782_cov_21.7396_ID_63-processed-gene-0.94-mRNA-1_1&gene=snap_masked-NODE_32_length_114782_cov_21.7396_ID_63-processed-gene-0.94&CDS=1-1596
OG0001318	YEL060C	snap_masked-NODE_32_length_114782_cov_21.7396_ID_63-processed-gene-0.71-mRNA-1_1&gene=snap_masked-NODE_32_length_114782_cov_21.7396_ID_63-processed-gene-0.71&CDS=1-1539
OG0001319	YEL061C	augustus_masked-NODE_32_length_114782_cov_21.7396_ID_63-processed-gene-0.147-mRNA-1_1&gene=augustus_masked-NODE_32_length_114782_cov_21.7396_ID_63-processed-gene-0.147&CDS=1-2844
OG0001320	YEL064C	augustus_masked-NODE_29_length_115528_cov_22.4131_ID_57-processed-gene-0.113-mRNA-1_1&gene=augustus_masked-NODE_29_length_115528_cov_22.4131_ID_57-processed-gene-0.113&CDS=1-1407
OG0001321	YEL065W	snap_masked-NODE_32_length_114782_cov_21.7396_ID_63-processed-gene-0.67-mRNA-1_1&gene=snap_masked-NODE_32_length_114782_cov_21.7396_ID_63-processed-gene-0.67&CDS=1-1821
OG0001322	YER002W	snap_masked-NODE_5_length_371082_cov_21.955_ID_9-processed-gene-2.83-mRNA-1_1&gene=snap_masked-NODE_5_length_371082_cov_21.955_ID_9-processed-gene-2.83&CDS=1-699
OG0001323	YER003C	snap_masked-NODE_5_length_371082_cov_21.955_ID_9-processed-gene-2.52-mRNA-1_1&gene=snap_masked-NODE_5_length_371082_cov_21.955_ID_9-processed-gene-2.52&CDS=1-1287
OG0001324	YER004W	snap_masked-NODE_18_length_183210_cov_20.8765_ID_35-processed-gene-0.148-mRNA-1_1&gene=snap_masked-NODE_18_length_183210_cov_20.8765_ID_35-processed-gene-0.148&CDS=1-675
OG0001325	YER006W	augustus_masked-NODE_18_length_183210_cov_20.8765_ID_35-processed-gene-0.54-mRNA-1_1&gene=augustus_masked-NODE_18_length_183210_cov_20.8765_ID_35-processed-gene-0.54&CDS=1-3429
OG0001326	YER007W	augustus_masked-NODE_18_length_183210_cov_20.8765_ID_35-processed-gene-0.55-mRNA-1_1&gene=augustus_masked-NODE_18_length_183210_cov_20.8765_ID_35-processed-gene-0.55&CDS=1-1146
OG0001327	YER008C	augustus_masked-NODE_18_length_183210_cov_20.8765_ID_35-processed-gene-0.96-mRNA-1_1&gene=augustus_masked-NODE_18_length_183210_cov_20.8765_ID_35-processed-gene-0.96&CDS=1-4377
OG0001328	YER009W	augustus_masked-NODE_18_length_183210_cov_20.8765_ID_35-processed-gene-0.56-mRNA-1_1&gene=augustus_masked-NODE_18_length_183210_cov_20.8765_ID_35-processed-gene-0.56&CDS=1-375
OG0001329	YER010C	augustus_masked-NODE_18_length_183210_cov_20.8765_ID_35-processed-gene-0.97-mRNA-1_1&gene=augustus_masked-NODE_18_length_183210_cov_20.8765_ID_35-processed-gene-0.97&CDS=1-708
OG0001330	YER012W	maker-NODE_20_length_173093_cov_21.6662_ID_39-snap-gene-0.287-mRNA-1_1&gene=maker-NODE_20_length_173093_cov_21.6662_ID_39-snap-gene-0.287&CDS=1-867
OG0001331	YER013W	augustus_masked-NODE_18_length_183210_cov_20.8765_ID_35-processed-gene-0.61-mRNA-1_1&gene=augustus_masked-NODE_18_length_183210_cov_20.8765_ID_35-processed-gene-0.61&CDS=1-5049
OG0001332	YER015W	snap_masked-NODE_18_length_183210_cov_20.8765_ID_35-processed-gene-0.152-mRNA-1_1&gene=snap_masked-NODE_18_length_183210_cov_20.8765_ID_35-processed-gene-0.152&CDS=1-2235
OG0001333	YER016W	snap_masked-NODE_18_length_183210_cov_20.8765_ID_35-processed-gene-0.186-mRNA-1_1&gene=snap_masked-NODE_18_length_183210_cov_20.8765_ID_35-processed-gene-0.186&CDS=1-966
OG0001334	YER020W	snap_masked-NODE_17_length_190182_cov_22.7835_ID_33-processed-gene-0.154-mRNA-1_1&gene=snap_masked-NODE_17_length_190182_cov_22.7835_ID_33-processed-gene-0.154&CDS=1-1266
OG0001335	YER021W	snap_masked-NODE_17_length_190182_cov_22.7835_ID_33-processed-gene-0.178-mRNA-1_1&gene=snap_masked-NODE_17_length_190182_cov_22.7835_ID_33-processed-gene-0.178&CDS=1-1491
OG0001336	YER024W	snap_masked-NODE_17_length_190182_cov_22.7835_ID_33-processed-gene-0.158-mRNA-1_1&gene=snap_masked-NODE_17_length_190182_cov_22.7835_ID_33-processed-gene-0.158&CDS=1-2640
OG0001337	YER025W	snap_masked-NODE_17_length_190182_cov_22.7835_ID_33-processed-gene-0.183-mRNA-1_1&gene=snap_masked-NODE_17_length_190182_cov_22.7835_ID_33-processed-gene-0.183&CDS=1-1563
OG0001338	YER026C	snap_masked-NODE_53_length_65259_cov_21.5352_ID_105-processed-gene-0.45-mRNA-1_1&gene=snap_masked-NODE_53_length_65259_cov_21.5352_ID_105-processed-gene-0.45&CDS=1-786
OG0001339	YER027C	genemark-NODE_1_length_611906_cov_21.093_ID_1-processed-gene-1.3-mRNA-1_1&gene=genemark-NODE_1_length_611906_cov_21.093_ID_1-processed-gene-1.3&CDS=1-1308
OG0001340	YER029C	snap_masked-NODE_46_length_84487_cov_23.4918_ID_91-processed-gene-0.53-mRNA-1_1&gene=snap_masked-NODE_46_length_84487_cov_23.4918_ID_91-processed-gene-0.53&CDS=1-519
OG0001341	YER030W	snap_masked-NODE_46_length_84487_cov_23.4918_ID_91-processed-gene-0.37-mRNA-1_1&gene=snap_masked-NODE_46_length_84487_cov_23.4918_ID_91-processed-gene-0.37&CDS=1-450
OG0001342	YER032W	snap_masked-NODE_46_length_84487_cov_23.4918_ID_91-processed-gene-0.39-mRNA-1_1&gene=snap_masked-NODE_46_length_84487_cov_23.4918_ID_91-processed-gene-0.39&CDS=1-2559
OG0001343	YER033C	snap_masked-NODE_46_length_84487_cov_23.4918_ID_91-processed-gene-0.54-mRNA-1_1&gene=snap_masked-NODE_46_length_84487_cov_23.4918_ID_91-processed-gene-0.54&CDS=1-2517
OG0001344	YER034W	snap_masked-NODE_35_length_106366_cov_23.7165_ID_69-processed-gene-0.18-mRNA-1_1&gene=snap_masked-NODE_35_length_106366_cov_23.7165_ID_69-processed-gene-0.18&CDS=1-552
OG0001345	YER036C	snap_masked-NODE_53_length_65259_cov_21.5352_ID_105-processed-gene-0.55-mRNA-1_1&gene=snap_masked-NODE_53_length_65259_cov_21.5352_ID_105-processed-gene-0.55&CDS=1-1821
OG0001346	YER038C	augustus_masked-NODE_35_length_106366_cov_23.7165_ID_69-processed-gene-0.90-mRNA-1_1&gene=augustus_masked-NODE_35_length_106366_cov_23.7165_ID_69-processed-gene-0.90&CDS=1-1164
OG0001347	YER041W	augustus_masked-NODE_35_length_106366_cov_23.7165_ID_69-processed-gene-0.70-mRNA-1_1&gene=augustus_masked-NODE_35_length_106366_cov_23.7165_ID_69-processed-gene-0.70&CDS=1-4164
OG0001348	YER042W	snap_masked-NODE_35_length_106366_cov_23.7165_ID_69-processed-gene-0.21-mRNA-1_1&gene=snap_masked-NODE_35_length_106366_cov_23.7165_ID_69-processed-gene-0.21&CDS=1-552
OG0001349	YER043C	snap_masked-NODE_35_length_106366_cov_23.7165_ID_69-processed-gene-0.43-mRNA-1_1&gene=snap_masked-NODE_35_length_106366_cov_23.7165_ID_69-processed-gene-0.43&CDS=1-1347
OG0001350	YER044C	snap_masked-NODE_18_length_183210_cov_20.8765_ID_35-processed-gene-0.125-mRNA-1_1&gene=snap_masked-NODE_18_length_183210_cov_20.8765_ID_35-processed-gene-0.125&CDS=1-450
OG0001351	YER046W	snap_masked-NODE_18_length_183210_cov_20.8765_ID_35-processed-gene-0.178-mRNA-1_1&gene=snap_masked-NODE_18_length_183210_cov_20.8765_ID_35-processed-gene-0.178&CDS=1-228
OG0001352	YER049W	snap_masked-NODE_18_length_183210_cov_20.8765_ID_35-processed-gene-0.177-mRNA-1_1&gene=snap_masked-NODE_18_length_183210_cov_20.8765_ID_35-processed-gene-0.177&CDS=1-1698
OG0001353	YER050C	snap_masked-NODE_18_length_183210_cov_20.8765_ID_35-processed-gene-0.120-mRNA-1_1&gene=snap_masked-NODE_18_length_183210_cov_20.8765_ID_35-processed-gene-0.120&CDS=1-450
OG0001354	YER052C	augustus_masked-NODE_18_length_183210_cov_20.8765_ID_35-processed-gene-0.33-mRNA-1_1&gene=augustus_masked-NODE_18_length_183210_cov_20.8765_ID_35-processed-gene-0.33&CDS=1-1560
OG0001355	YER053C	augustus_masked-NODE_18_length_183210_cov_20.8765_ID_35-processed-gene-0.32-mRNA-1_1&gene=augustus_masked-NODE_18_length_183210_cov_20.8765_ID_35-processed-gene-0.32&CDS=1-918
OG0001356	YER054C	augustus_masked-NODE_18_length_183210_cov_20.8765_ID_35-processed-gene-0.31-mRNA-1_1&gene=augustus_masked-NODE_18_length_183210_cov_20.8765_ID_35-processed-gene-0.31&CDS=1-1548
OG0001357	YER055C	augustus_masked-NODE_18_length_183210_cov_20.8765_ID_35-processed-gene-0.30-mRNA-1_1&gene=augustus_masked-NODE_18_length_183210_cov_20.8765_ID_35-processed-gene-0.30&CDS=1-891
OG0001358	YER057C	snap_masked-NODE_14_length_224486_cov_20.7905_ID_27-processed-gene-0.37-mRNA-1_1&gene=snap_masked-NODE_14_length_224486_cov_20.7905_ID_27-processed-gene-0.37&CDS=1-384
OG0001359	YER058W	snap_masked-NODE_18_length_183210_cov_20.8765_ID_35-processed-gene-0.174-mRNA-1_1&gene=snap_masked-NODE_18_length_183210_cov_20.8765_ID_35-processed-gene-0.174&CDS=1-339
OG0001360	YER061C	snap_masked-NODE_18_length_183210_cov_20.8765_ID_35-processed-gene-0.113-mRNA-1_1&gene=snap_masked-NODE_18_length_183210_cov_20.8765_ID_35-processed-gene-0.113&CDS=1-1278
OG0001361	YER065C	augustus_masked-NODE_18_length_183210_cov_20.8765_ID_35-processed-gene-0.23-mRNA-1_1&gene=augustus_masked-NODE_18_length_183210_cov_20.8765_ID_35-processed-gene-0.23&CDS=1-1644
OG0001362	YER068W	snap_masked-NODE_18_length_183210_cov_20.8765_ID_35-processed-gene-0.169-mRNA-1_1&gene=snap_masked-NODE_18_length_183210_cov_20.8765_ID_35-processed-gene-0.169&CDS=1-1791
OG0001363	YER069W	snap_masked-NODE_18_length_183210_cov_20.8765_ID_35-processed-gene-0.167-mRNA-1_1&gene=snap_masked-NODE_18_length_183210_cov_20.8765_ID_35-processed-gene-0.167&CDS=1-2592
OG0001364	YER071C	snap_masked-NODE_18_length_183210_cov_20.8765_ID_35-processed-gene-0.109-mRNA-1_1&gene=snap_masked-NODE_18_length_183210_cov_20.8765_ID_35-processed-gene-0.109&CDS=1-357
OG0001365	YER072W	snap_masked-NODE_18_length_183210_cov_20.8765_ID_35-processed-gene-0.163-mRNA-1_1&gene=snap_masked-NODE_18_length_183210_cov_20.8765_ID_35-processed-gene-0.163&CDS=1-372
OG0001366	YER075C	snap_masked-NODE_18_length_183210_cov_20.8765_ID_35-processed-gene-0.108-mRNA-1_1&gene=snap_masked-NODE_18_length_183210_cov_20.8765_ID_35-processed-gene-0.108&CDS=1-2379
OG0001367	YER077C	augustus_masked-NODE_18_length_183210_cov_20.8765_ID_35-processed-gene-0.20-mRNA-1_1&gene=augustus_masked-NODE_18_length_183210_cov_20.8765_ID_35-processed-gene-0.20&CDS=1-1926
OG0001368	YER078C	snap_masked-NODE_18_length_183210_cov_20.8765_ID_35-processed-gene-0.106-mRNA-1_1&gene=snap_masked-NODE_18_length_183210_cov_20.8765_ID_35-processed-gene-0.106&CDS=1-1503
OG0001369	YER079W	augustus_masked-NODE_4_length_372424_cov_21.2575_ID_7-processed-gene-1.67-mRNA-1_1&gene=augustus_masked-NODE_4_length_372424_cov_21.2575_ID_7-processed-gene-1.67&CDS=1-810
OG0001370	YER080W	snap_masked-NODE_18_length_183210_cov_20.8765_ID_35-processed-gene-0.159-mRNA-1_1&gene=snap_masked-NODE_18_length_183210_cov_20.8765_ID_35-processed-gene-0.159&CDS=1-1911
OG0001371	YER082C	snap_masked-NODE_6_length_297843_cov_20.8202_ID_11-processed-gene-0.78-mRNA-1_1&gene=snap_masked-NODE_6_length_297843_cov_20.8202_ID_11-processed-gene-0.78&CDS=1-1659
OG0001372	YER083C	snap_masked-NODE_6_length_297843_cov_20.8202_ID_11-processed-gene-0.79-mRNA-1_1&gene=snap_masked-NODE_6_length_297843_cov_20.8202_ID_11-processed-gene-0.79&CDS=1-837
OG0001373	YER086W	snap_masked-NODE_4_length_372424_cov_21.2575_ID_7-processed-gene-0.31-mRNA-1_1&gene=snap_masked-NODE_4_length_372424_cov_21.2575_ID_7-processed-gene-0.31&CDS=1-1725
OG0001374	YER087W	snap_masked-NODE_16_length_197293_cov_20.9529_ID_31-processed-gene-0.110-mRNA-1_1&gene=snap_masked-NODE_16_length_197293_cov_20.9529_ID_31-processed-gene-0.110&CDS=1-1716
OG0001375	YER090W	snap_masked-NODE_4_length_372424_cov_21.2575_ID_7-processed-gene-0.30-mRNA-1_1&gene=snap_masked-NODE_4_length_372424_cov_21.2575_ID_7-processed-gene-0.30&CDS=1-1521
OG0001376	YER091C	snap_masked-NODE_38_length_96637_cov_19.6807_ID_75-processed-gene-0.111-mRNA-1_1&gene=snap_masked-NODE_38_length_96637_cov_19.6807_ID_75-processed-gene-0.111&CDS=1-2301
OG0001377	YER092W	snap_masked-NODE_38_length_96637_cov_19.6807_ID_75-processed-gene-0.134-mRNA-1_1&gene=snap_masked-NODE_38_length_96637_cov_19.6807_ID_75-processed-gene-0.134&CDS=1-345
OG0001378	YER093C	snap_masked-NODE_38_length_96637_cov_19.6807_ID_75-processed-gene-0.110-mRNA-1_1&gene=snap_masked-NODE_38_length_96637_cov_19.6807_ID_75-processed-gene-0.110&CDS=1-4245
OG0001379	YER094C	snap_masked-NODE_38_length_96637_cov_19.6807_ID_75-processed-gene-0.108-mRNA-1_1&gene=snap_masked-NODE_38_length_96637_cov_19.6807_ID_75-processed-gene-0.108&CDS=1-615
OG0001380	YER095W	snap_masked-NODE_38_length_96637_cov_19.6807_ID_75-processed-gene-0.133-mRNA-1_1&gene=snap_masked-NODE_38_length_96637_cov_19.6807_ID_75-processed-gene-0.133&CDS=1-1182
OG0001381	YER100W	snap_masked-NODE_6_length_297843_cov_20.8202_ID_11-processed-gene-1.122-mRNA-1_1&gene=snap_masked-NODE_6_length_297843_cov_20.8202_ID_11-processed-gene-1.122&CDS=1-762
OG0001382	YER106W	augustus_masked-NODE_38_length_96637_cov_19.6807_ID_75-processed-gene-0.81-mRNA-1_1&gene=augustus_masked-NODE_38_length_96637_cov_19.6807_ID_75-processed-gene-0.81&CDS=1-1506
OG0001383	YER107C	snap_masked-NODE_38_length_96637_cov_19.6807_ID_75-processed-gene-0.105-mRNA-1_1&gene=snap_masked-NODE_38_length_96637_cov_19.6807_ID_75-processed-gene-0.105&CDS=1-1041
OG0001384	YER109C	augustus_masked-NODE_38_length_96637_cov_19.6807_ID_75-processed-gene-0.63-mRNA-1_1&gene=augustus_masked-NODE_38_length_96637_cov_19.6807_ID_75-processed-gene-0.63&CDS=1-2160
OG0001385	YER110C	snap_masked-NODE_38_length_96637_cov_19.6807_ID_75-processed-gene-0.103-mRNA-1_1&gene=snap_masked-NODE_38_length_96637_cov_19.6807_ID_75-processed-gene-0.103&CDS=1-3345
OG0001386	YER112W	snap_masked-NODE_38_length_96637_cov_19.6807_ID_75-processed-gene-0.126-mRNA-1_1&gene=snap_masked-NODE_38_length_96637_cov_19.6807_ID_75-processed-gene-0.126&CDS=1-552
OG0001387	YER113C	snap_masked-NODE_38_length_96637_cov_19.6807_ID_75-processed-gene-0.101-mRNA-1_1&gene=snap_masked-NODE_38_length_96637_cov_19.6807_ID_75-processed-gene-0.101&CDS=1-1815
OG0001388	YER116C	snap_masked-NODE_38_length_96637_cov_19.6807_ID_75-processed-gene-0.99-mRNA-1_1&gene=snap_masked-NODE_38_length_96637_cov_19.6807_ID_75-processed-gene-0.99&CDS=1-753
OG0001389	YER118C	snap_masked-NODE_38_length_96637_cov_19.6807_ID_75-processed-gene-0.98-mRNA-1_1&gene=snap_masked-NODE_38_length_96637_cov_19.6807_ID_75-processed-gene-0.98&CDS=1-987
OG0001390	YER119C	snap_masked-NODE_6_length_297843_cov_20.8202_ID_11-processed-gene-1.173-mRNA-1_1&gene=snap_masked-NODE_6_length_297843_cov_20.8202_ID_11-processed-gene-1.173&CDS=1-1347
OG0001391	YER120W	snap_masked-NODE_38_length_96637_cov_19.6807_ID_75-processed-gene-0.121-mRNA-1_1&gene=snap_masked-NODE_38_length_96637_cov_19.6807_ID_75-processed-gene-0.121&CDS=1-693
OG0001392	YER122C	snap_masked-NODE_38_length_96637_cov_19.6807_ID_75-processed-gene-0.94-mRNA-1_1&gene=snap_masked-NODE_38_length_96637_cov_19.6807_ID_75-processed-gene-0.94&CDS=1-1446
OG0001393	YER124C	snap_masked-NODE_3_length_402036_cov_21.609_ID_5-processed-gene-0.69-mRNA-1_1&gene=snap_masked-NODE_3_length_402036_cov_21.609_ID_5-processed-gene-0.69&CDS=1-1422
OG0001394	YER125W	snap_masked-NODE_3_length_402036_cov_21.609_ID_5-processed-gene-0.52-mRNA-1_1&gene=snap_masked-NODE_3_length_402036_cov_21.609_ID_5-processed-gene-0.52&CDS=1-2436
OG0001395	YER126C	snap_masked-NODE_3_length_402036_cov_21.609_ID_5-processed-gene-0.70-mRNA-1_1&gene=snap_masked-NODE_3_length_402036_cov_21.609_ID_5-processed-gene-0.70&CDS=1-783
OG0001396	YER127W	snap_masked-NODE_3_length_402036_cov_21.609_ID_5-processed-gene-0.53-mRNA-1_1&gene=snap_masked-NODE_3_length_402036_cov_21.609_ID_5-processed-gene-0.53&CDS=1-1041
OG0001397	YER128W	snap_masked-NODE_3_length_402036_cov_21.609_ID_5-processed-gene-0.54-mRNA-1_1&gene=snap_masked-NODE_3_length_402036_cov_21.609_ID_5-processed-gene-0.54&CDS=1-621
OG0001398	YER129W	snap_masked-NODE_3_length_402036_cov_21.609_ID_5-processed-gene-0.55-mRNA-1_1&gene=snap_masked-NODE_3_length_402036_cov_21.609_ID_5-processed-gene-0.55&CDS=1-2478
OG0001399	YER134C	snap_masked-NODE_3_length_402036_cov_21.609_ID_5-processed-gene-0.74-mRNA-1_1&gene=snap_masked-NODE_3_length_402036_cov_21.609_ID_5-processed-gene-0.74&CDS=1-531
OG0001400	YER136W	snap_masked-NODE_5_length_371082_cov_21.955_ID_9-processed-gene-2.28-mRNA-1_1&gene=snap_masked-NODE_5_length_371082_cov_21.955_ID_9-processed-gene-2.28&CDS=1-1356
OG0001401	YER137C	snap_masked-NODE_3_length_402036_cov_21.609_ID_5-processed-gene-0.57-mRNA-1_1&gene=snap_masked-NODE_3_length_402036_cov_21.609_ID_5-processed-gene-0.57&CDS=1-390
OG0001402	YER139C	snap_masked-NODE_5_length_371082_cov_21.955_ID_9-processed-gene-2.26-mRNA-1_1&gene=snap_masked-NODE_5_length_371082_cov_21.955_ID_9-processed-gene-2.26&CDS=1-690
OG0001403	YER141W	maker-NODE_5_length_371082_cov_21.955_ID_9-snap-gene-2.11-mRNA-1_1&gene=maker-NODE_5_length_371082_cov_21.955_ID_9-snap-gene-2.11&CDS=1-3132
OG0001404	YER142C	snap_masked-NODE_5_length_371082_cov_21.955_ID_9-processed-gene-2.25-mRNA-1_1&gene=snap_masked-NODE_5_length_371082_cov_21.955_ID_9-processed-gene-2.25&CDS=1-915
OG0001405	YER143W	snap_masked-NODE_5_length_371082_cov_21.955_ID_9-processed-gene-2.60-mRNA-1_1&gene=snap_masked-NODE_5_length_371082_cov_21.955_ID_9-processed-gene-2.60&CDS=1-1263
OG0001406	YER145C	snap_masked-NODE_5_length_371082_cov_21.955_ID_9-processed-gene-2.23-mRNA-1_1&gene=snap_masked-NODE_5_length_371082_cov_21.955_ID_9-processed-gene-2.23&CDS=1-1230
OG0001407	YER146W	augustus_masked-NODE_5_length_371082_cov_21.955_ID_9-processed-gene-2.131-mRNA-1_1&gene=augustus_masked-NODE_5_length_371082_cov_21.955_ID_9-processed-gene-2.131&CDS=1-258
OG0001408	YER147C	augustus_masked-NODE_5_length_371082_cov_21.955_ID_9-processed-gene-2.95-mRNA-1_1&gene=augustus_masked-NODE_5_length_371082_cov_21.955_ID_9-processed-gene-2.95&CDS=1-1854
OG0001409	YER148W	augustus_masked-NODE_5_length_371082_cov_21.955_ID_9-processed-gene-2.130-mRNA-1_1&gene=augustus_masked-NODE_5_length_371082_cov_21.955_ID_9-processed-gene-2.130&CDS=1-735
OG0001410	YER149C	snap_masked-NODE_5_length_371082_cov_21.955_ID_9-processed-gene-2.21-mRNA-1_1&gene=snap_masked-NODE_5_length_371082_cov_21.955_ID_9-processed-gene-2.21&CDS=1-1155
OG0001411	YER151C	augustus_masked-NODE_5_length_371082_cov_21.955_ID_9-processed-gene-2.93-mRNA-1_1&gene=augustus_masked-NODE_5_length_371082_cov_21.955_ID_9-processed-gene-2.93&CDS=1-4743
OG0001412	YER154W	snap_masked-NODE_5_length_371082_cov_21.955_ID_9-processed-gene-2.58-mRNA-1_1&gene=snap_masked-NODE_5_length_371082_cov_21.955_ID_9-processed-gene-2.58&CDS=1-1161
OG0001413	YER155C	snap_masked-NODE_5_length_371082_cov_21.955_ID_9-processed-gene-2.18-mRNA-1_1&gene=snap_masked-NODE_5_length_371082_cov_21.955_ID_9-processed-gene-2.18&CDS=1-6198
OG0001414	YER156C	augustus_masked-NODE_5_length_371082_cov_21.955_ID_9-processed-gene-2.91-mRNA-1_1&gene=augustus_masked-NODE_5_length_371082_cov_21.955_ID_9-processed-gene-2.91&CDS=1-1002
OG0001415	YER157W	snap_masked-NODE_5_length_371082_cov_21.955_ID_9-processed-gene-2.57-mRNA-1_1&gene=snap_masked-NODE_5_length_371082_cov_21.955_ID_9-processed-gene-2.57&CDS=1-2670
OG0001416	YER159C	augustus_masked-NODE_5_length_371082_cov_21.955_ID_9-processed-gene-2.88-mRNA-1_1&gene=augustus_masked-NODE_5_length_371082_cov_21.955_ID_9-processed-gene-2.88&CDS=1-402
OG0001417	YER161C	snap_masked-NODE_5_length_371082_cov_21.955_ID_9-processed-gene-2.14-mRNA-1_1&gene=snap_masked-NODE_5_length_371082_cov_21.955_ID_9-processed-gene-2.14&CDS=1-1023
OG0001418	YER162C	snap_masked-NODE_5_length_371082_cov_21.955_ID_9-processed-gene-2.13-mRNA-1_1&gene=snap_masked-NODE_5_length_371082_cov_21.955_ID_9-processed-gene-2.13&CDS=1-2340
OG0001419	YER163C	snap_masked-NODE_5_length_371082_cov_21.955_ID_9-processed-gene-2.12-mRNA-1_1&gene=snap_masked-NODE_5_length_371082_cov_21.955_ID_9-processed-gene-2.12&CDS=1-702
OG0001420	YER164W	snap_masked-NODE_5_length_371082_cov_21.955_ID_9-processed-gene-2.16-mRNA-1_1&gene=snap_masked-NODE_5_length_371082_cov_21.955_ID_9-processed-gene-2.16&CDS=1-4380
OG0001421	YER165W	snap_masked-NODE_5_length_371082_cov_21.955_ID_9-processed-gene-1.103-mRNA-1_1&gene=snap_masked-NODE_5_length_371082_cov_21.955_ID_9-processed-gene-1.103&CDS=1-1797
OG0001422	YER167W	augustus_masked-NODE_5_length_371082_cov_21.955_ID_9-processed-gene-1.64-mRNA-1_1&gene=augustus_masked-NODE_5_length_371082_cov_21.955_ID_9-processed-gene-1.64&CDS=1-2271
OG0001423	YER168C	snap_masked-NODE_5_length_371082_cov_21.955_ID_9-processed-gene-1.87-mRNA-1_1&gene=snap_masked-NODE_5_length_371082_cov_21.955_ID_9-processed-gene-1.87&CDS=1-1611
OG0001424	YER171W	augustus_masked-NODE_5_length_371082_cov_21.955_ID_9-processed-gene-1.63-mRNA-1_1&gene=augustus_masked-NODE_5_length_371082_cov_21.955_ID_9-processed-gene-1.63&CDS=1-5535
OG0001425	YER172C	snap_masked-NODE_5_length_371082_cov_21.955_ID_9-processed-gene-1.86-mRNA-1_1&gene=snap_masked-NODE_5_length_371082_cov_21.955_ID_9-processed-gene-1.86&CDS=1-6498
OG0001426	YER173W	snap_masked-NODE_5_length_371082_cov_21.955_ID_9-processed-gene-1.98-mRNA-1_1&gene=snap_masked-NODE_5_length_371082_cov_21.955_ID_9-processed-gene-1.98&CDS=1-1971
OG0001427	YER176W	maker-NODE_5_length_371082_cov_21.955_ID_9-snap-gene-1.107-mRNA-1_1&gene=maker-NODE_5_length_371082_cov_21.955_ID_9-snap-gene-1.107&CDS=1-3393
OG0001428	YER178W	maker-NODE_5_length_371082_cov_21.955_ID_9-augustus-gene-1.110-mRNA-1_1&gene=maker-NODE_5_length_371082_cov_21.955_ID_9-augustus-gene-1.110&CDS=1-2256
OG0001429	YER180C	augustus_masked-NODE_5_length_371082_cov_21.955_ID_9-processed-gene-1.52-mRNA-1_1&gene=augustus_masked-NODE_5_length_371082_cov_21.955_ID_9-processed-gene-1.52&CDS=1-738
OG0001430	YER180C-A	snap_masked-NODE_5_length_371082_cov_21.955_ID_9-processed-gene-1.84-mRNA-1_1&gene=snap_masked-NODE_5_length_371082_cov_21.955_ID_9-processed-gene-1.84&CDS=1-249
OG0001431	YER182W	snap_masked-NODE_10_length_278180_cov_22.5073_ID_19-processed-gene-1.136-mRNA-1_1&gene=snap_masked-NODE_10_length_278180_cov_22.5073_ID_19-processed-gene-1.136&CDS=1-738
OG0001432	YER183C	snap_masked-NODE_10_length_278180_cov_22.5073_ID_19-processed-gene-1.186-mRNA-1_1&gene=snap_masked-NODE_10_length_278180_cov_22.5073_ID_19-processed-gene-1.186&CDS=1-651
OG0001433	YFL001W	snap_masked-NODE_78_length_27166_cov_23.2667_ID_155-processed-gene-0.30-mRNA-1_1&gene=snap_masked-NODE_78_length_27166_cov_23.2667_ID_155-processed-gene-0.30&CDS=1-1317
OG0001434	YFL002C	snap_masked-NODE_13_length_242978_cov_21.7015_ID_25-processed-gene-1.143-mRNA-1_1&gene=snap_masked-NODE_13_length_242978_cov_21.7015_ID_25-processed-gene-1.143&CDS=1-1860
OG0001435	YFL003C	genemark-NODE_58_length_55950_cov_24.9021_ID_115-processed-gene-0.20-mRNA-1_1&gene=genemark-NODE_58_length_55950_cov_24.9021_ID_115-processed-gene-0.20&CDS=1-2097
OG0001436	YFL004W	snap_masked-NODE_58_length_55950_cov_24.9021_ID_115-processed-gene-0.36-mRNA-1_1&gene=snap_masked-NODE_58_length_55950_cov_24.9021_ID_115-processed-gene-0.36&CDS=1-2499
OG0001437	YFL008W	snap_masked-NODE_58_length_55950_cov_24.9021_ID_115-processed-gene-0.33-mRNA-1_1&gene=snap_masked-NODE_58_length_55950_cov_24.9021_ID_115-processed-gene-0.33&CDS=1-3666
OG0001438	YFL009W	snap_masked-NODE_5_length_371082_cov_21.955_ID_9-processed-gene-2.81-mRNA-1_1&gene=snap_masked-NODE_5_length_371082_cov_21.955_ID_9-processed-gene-2.81&CDS=1-2109
OG0001439	YFL010C	augustus_masked-NODE_13_length_242978_cov_21.7015_ID_25-processed-gene-1.176-mRNA-1_1&gene=augustus_masked-NODE_13_length_242978_cov_21.7015_ID_25-processed-gene-1.176&CDS=1-567
OG0001440	YFL013C	augustus_masked-NODE_5_length_371082_cov_21.955_ID_9-processed-gene-2.149-mRNA-1_1&gene=augustus_masked-NODE_5_length_371082_cov_21.955_ID_9-processed-gene-2.149&CDS=1-1767
OG0001441	YFL014W	snap_masked-NODE_5_length_371082_cov_21.955_ID_9-processed-gene-2.46-mRNA-1_1&gene=snap_masked-NODE_5_length_371082_cov_21.955_ID_9-processed-gene-2.46&CDS=1-336
OG0001442	YFL016C	augustus_masked-NODE_5_length_371082_cov_21.955_ID_9-processed-gene-2.148-mRNA-1_1&gene=augustus_masked-NODE_5_length_371082_cov_21.955_ID_9-processed-gene-2.148&CDS=1-1455
OG0001443	YFL017C	genemark-NODE_20_length_173093_cov_21.6662_ID_39-processed-gene-0.70-mRNA-1_1&gene=genemark-NODE_20_length_173093_cov_21.6662_ID_39-processed-gene-0.70&CDS=1-492
OG0001444	YFL017W-A	augustus_masked-NODE_20_length_173093_cov_21.6662_ID_39-processed-gene-0.216-mRNA-1_1&gene=augustus_masked-NODE_20_length_173093_cov_21.6662_ID_39-processed-gene-0.216&CDS=1-228
OG0001445	YFL018C	maker-NODE_13_length_242978_cov_21.7015_ID_25-augustus-gene-1.236-mRNA-1_1&gene=maker-NODE_13_length_242978_cov_21.7015_ID_25-augustus-gene-1.236&CDS=1-1974
OG0001446	YFL022C	snap_masked-NODE_20_length_173093_cov_21.6662_ID_39-processed-gene-0.170-mRNA-1_1&gene=snap_masked-NODE_20_length_173093_cov_21.6662_ID_39-processed-gene-0.170&CDS=1-1494
OG0001447	YFL023W	snap_masked-NODE_20_length_173093_cov_21.6662_ID_39-processed-gene-0.119-mRNA-1_1&gene=snap_masked-NODE_20_length_173093_cov_21.6662_ID_39-processed-gene-0.119&CDS=1-2793
OG0001448	YFL024C	snap_masked-NODE_20_length_173093_cov_21.6662_ID_39-processed-gene-0.169-mRNA-1_1&gene=snap_masked-NODE_20_length_173093_cov_21.6662_ID_39-processed-gene-0.169&CDS=1-2445
OG0001449	YFL025C	augustus_masked-NODE_20_length_173093_cov_21.6662_ID_39-processed-gene-0.257-mRNA-1_1&gene=augustus_masked-NODE_20_length_173093_cov_21.6662_ID_39-processed-gene-0.257&CDS=1-3066
OG0001450	YFL026W	snap_masked-NODE_20_length_173093_cov_21.6662_ID_39-processed-gene-0.118-mRNA-1_1&gene=snap_masked-NODE_20_length_173093_cov_21.6662_ID_39-processed-gene-0.118&CDS=1-1290
OG0001451	YFL027C	snap_masked-NODE_20_length_173093_cov_21.6662_ID_39-processed-gene-0.167-mRNA-1_1&gene=snap_masked-NODE_20_length_173093_cov_21.6662_ID_39-processed-gene-0.167&CDS=1-1512
OG0001452	YFL028C	snap_masked-NODE_20_length_173093_cov_21.6662_ID_39-processed-gene-0.166-mRNA-1_1&gene=snap_masked-NODE_20_length_173093_cov_21.6662_ID_39-processed-gene-0.166&CDS=1-837
OG0001453	YFL029C	snap_masked-NODE_20_length_173093_cov_21.6662_ID_39-processed-gene-0.165-mRNA-1_1&gene=snap_masked-NODE_20_length_173093_cov_21.6662_ID_39-processed-gene-0.165&CDS=1-1104
OG0001454	YFL030W	snap_masked-NODE_20_length_173093_cov_21.6662_ID_39-processed-gene-0.116-mRNA-1_1&gene=snap_masked-NODE_20_length_173093_cov_21.6662_ID_39-processed-gene-0.116&CDS=1-1083
OG0001455	YFL033C	maker-NODE_20_length_173093_cov_21.6662_ID_39-augustus-gene-0.284-mRNA-1_1&gene=maker-NODE_20_length_173093_cov_21.6662_ID_39-augustus-gene-0.284&CDS=1-4422
OG0001456	YFL034C-B	snap_masked-NODE_20_length_173093_cov_21.6662_ID_39-processed-gene-0.157-mRNA-1_1&gene=snap_masked-NODE_20_length_173093_cov_21.6662_ID_39-processed-gene-0.157&CDS=1-885
OG0001457	YFL034W	snap_masked-NODE_20_length_173093_cov_21.6662_ID_39-processed-gene-0.114-mRNA-1_1&gene=snap_masked-NODE_20_length_173093_cov_21.6662_ID_39-processed-gene-0.114&CDS=1-3015
OG0001458	YFL036W	augustus_masked-NODE_20_length_173093_cov_21.6662_ID_39-processed-gene-0.206-mRNA-1_1&gene=augustus_masked-NODE_20_length_173093_cov_21.6662_ID_39-processed-gene-0.206&CDS=1-5151
OG0001459	YFL038C	snap_masked-NODE_20_length_173093_cov_21.6662_ID_39-processed-gene-0.156-mRNA-1_1&gene=snap_masked-NODE_20_length_173093_cov_21.6662_ID_39-processed-gene-0.156&CDS=1-630
OG0001460	YFL040W	snap_masked-NODE_20_length_173093_cov_21.6662_ID_39-processed-gene-0.110-mRNA-1_1&gene=snap_masked-NODE_20_length_173093_cov_21.6662_ID_39-processed-gene-0.110&CDS=1-1524
OG0001461	YFL041W	snap_masked-NODE_20_length_173093_cov_21.6662_ID_39-processed-gene-0.105-mRNA-1_1&gene=snap_masked-NODE_20_length_173093_cov_21.6662_ID_39-processed-gene-0.105&CDS=1-1908
OG0001462	YFL042C	snap_masked-NODE_20_length_173093_cov_21.6662_ID_39-processed-gene-0.154-mRNA-1_1&gene=snap_masked-NODE_20_length_173093_cov_21.6662_ID_39-processed-gene-0.154&CDS=1-2070
OG0001463	YFL044C	genemark-NODE_22_length_167286_cov_23.0006_ID_43-processed-gene-0.254-mRNA-1_1&gene=genemark-NODE_22_length_167286_cov_23.0006_ID_43-processed-gene-0.254&CDS=1-840
OG0001464	YFL045C	snap_masked-NODE_20_length_173093_cov_21.6662_ID_39-processed-gene-0.153-mRNA-1_1&gene=snap_masked-NODE_20_length_173093_cov_21.6662_ID_39-processed-gene-0.153&CDS=1-762
OG0001465	YFL046W	snap_masked-NODE_20_length_173093_cov_21.6662_ID_39-processed-gene-0.103-mRNA-1_1&gene=snap_masked-NODE_20_length_173093_cov_21.6662_ID_39-processed-gene-0.103&CDS=1-630
OG0001466	YFL047W	snap_masked-NODE_20_length_173093_cov_21.6662_ID_39-processed-gene-0.102-mRNA-1_1&gene=snap_masked-NODE_20_length_173093_cov_21.6662_ID_39-processed-gene-0.102&CDS=1-2097
OG0001467	YFL049W	snap_masked-NODE_20_length_173093_cov_21.6662_ID_39-processed-gene-0.101-mRNA-1_1&gene=snap_masked-NODE_20_length_173093_cov_21.6662_ID_39-processed-gene-0.101&CDS=1-1764
OG0001468	YFR001W	snap_masked-NODE_78_length_27166_cov_23.2667_ID_155-processed-gene-0.28-mRNA-1_1&gene=snap_masked-NODE_78_length_27166_cov_23.2667_ID_155-processed-gene-0.28&CDS=1-627
OG0001469	YFR002W	snap_masked-NODE_78_length_27166_cov_23.2667_ID_155-processed-gene-0.25-mRNA-1_1&gene=snap_masked-NODE_78_length_27166_cov_23.2667_ID_155-processed-gene-0.25&CDS=1-2607
OG0001470	YFR004W	snap_masked-NODE_78_length_27166_cov_23.2667_ID_155-processed-gene-0.24-mRNA-1_1&gene=snap_masked-NODE_78_length_27166_cov_23.2667_ID_155-processed-gene-0.24&CDS=1-918
OG0001471	YFR005C	snap_masked-NODE_78_length_27166_cov_23.2667_ID_155-processed-gene-0.18-mRNA-1_1&gene=snap_masked-NODE_78_length_27166_cov_23.2667_ID_155-processed-gene-0.18&CDS=1-1287
OG0001472	YFR006W	augustus_masked-NODE_78_length_27166_cov_23.2667_ID_155-processed-gene-0.8-mRNA-1_1&gene=augustus_masked-NODE_78_length_27166_cov_23.2667_ID_155-processed-gene-0.8&CDS=1-1554
OG0001473	YFR007W	snap_masked-NODE_5_length_371082_cov_21.955_ID_9-processed-gene-2.55-mRNA-1_1&gene=snap_masked-NODE_5_length_371082_cov_21.955_ID_9-processed-gene-2.55&CDS=1-1026
OG0001474	YFR008W	snap_masked-NODE_5_length_371082_cov_21.955_ID_9-processed-gene-2.56-mRNA-1_1&gene=snap_masked-NODE_5_length_371082_cov_21.955_ID_9-processed-gene-2.56&CDS=1-645
OG0001475	YFR009W	snap_masked-NODE_19_length_179553_cov_20.8368_ID_37-processed-gene-0.129-mRNA-1_1&gene=snap_masked-NODE_19_length_179553_cov_20.8368_ID_37-processed-gene-0.129&CDS=1-2256
OG0001476	YFR010W	snap_masked-NODE_56_length_57615_cov_21.2126_ID_111-processed-gene-0.66-mRNA-1_1&gene=snap_masked-NODE_56_length_57615_cov_21.2126_ID_111-processed-gene-0.66&CDS=1-1494
OG0001477	YFR013W	snap_masked-NODE_19_length_179553_cov_20.8368_ID_37-processed-gene-0.161-mRNA-1_1&gene=snap_masked-NODE_19_length_179553_cov_20.8368_ID_37-processed-gene-0.161&CDS=1-2457
OG0001478	YFR016C	snap_masked-NODE_19_length_179553_cov_20.8368_ID_37-processed-gene-0.122-mRNA-1_1&gene=snap_masked-NODE_19_length_179553_cov_20.8368_ID_37-processed-gene-0.122&CDS=1-2580
OG0001479	YFR018C	augustus_masked-NODE_19_length_179553_cov_20.8368_ID_37-processed-gene-0.43-mRNA-1_1&gene=augustus_masked-NODE_19_length_179553_cov_20.8368_ID_37-processed-gene-0.43&CDS=1-1620
OG0001480	YFR019W	snap_masked-NODE_19_length_179553_cov_20.8368_ID_37-processed-gene-0.165-mRNA-1_1&gene=snap_masked-NODE_19_length_179553_cov_20.8368_ID_37-processed-gene-0.165&CDS=1-6579
OG0001481	YFR021W	augustus_masked-NODE_1_length_611906_cov_21.093_ID_1-processed-gene-3.42-mRNA-1_1&gene=augustus_masked-NODE_1_length_611906_cov_21.093_ID_1-processed-gene-3.42&CDS=1-1482
OG0001482	YFR027W	snap_masked-NODE_19_length_179553_cov_20.8368_ID_37-processed-gene-0.162-mRNA-1_1&gene=snap_masked-NODE_19_length_179553_cov_20.8368_ID_37-processed-gene-0.162&CDS=1-759
OG0001483	YFR028C	snap_masked-NODE_1_length_611906_cov_21.093_ID_1-processed-gene-3.63-mRNA-1_1&gene=snap_masked-NODE_1_length_611906_cov_21.093_ID_1-processed-gene-3.63&CDS=1-1587
OG0001484	YFR029W	snap_masked-NODE_56_length_57615_cov_21.2126_ID_111-processed-gene-0.67-mRNA-1_1&gene=snap_masked-NODE_56_length_57615_cov_21.2126_ID_111-processed-gene-0.67&CDS=1-2058
OG0001485	YFR030W	snap_masked-NODE_18_length_183210_cov_20.8765_ID_35-processed-gene-0.182-mRNA-1_1&gene=snap_masked-NODE_18_length_183210_cov_20.8765_ID_35-processed-gene-0.182&CDS=1-3108
OG0001486	YFR031C	snap_masked-NODE_18_length_183210_cov_20.8765_ID_35-processed-gene-0.131-mRNA-1_1&gene=snap_masked-NODE_18_length_183210_cov_20.8765_ID_35-processed-gene-0.131&CDS=1-3510
OG0001487	YFR032C	augustus_masked-NODE_18_length_183210_cov_20.8765_ID_35-processed-gene-0.42-mRNA-1_1&gene=augustus_masked-NODE_18_length_183210_cov_20.8765_ID_35-processed-gene-0.42&CDS=1-747
OG0001488	YFR032C-A	maker-NODE_18_length_183210_cov_20.8765_ID_35-snap-gene-0.11-mRNA-1_1&gene=maker-NODE_18_length_183210_cov_20.8765_ID_35-snap-gene-0.11&CDS=1-486
OG0001489	YFR034C	augustus_masked-NODE_18_length_183210_cov_20.8765_ID_35-processed-gene-0.40-mRNA-1_1&gene=augustus_masked-NODE_18_length_183210_cov_20.8765_ID_35-processed-gene-0.40&CDS=1-1332
OG0001490	YFR038W	snap_masked-NODE_18_length_183210_cov_20.8765_ID_35-processed-gene-0.179-mRNA-1_1&gene=snap_masked-NODE_18_length_183210_cov_20.8765_ID_35-processed-gene-0.179&CDS=1-2514
OG0001491	YFR041C	snap_masked-NODE_35_length_106366_cov_23.7165_ID_69-processed-gene-0.46-mRNA-1_1&gene=snap_masked-NODE_35_length_106366_cov_23.7165_ID_69-processed-gene-0.46&CDS=1-747
OG0001492	YFR042W	snap_masked-NODE_35_length_106366_cov_23.7165_ID_69-processed-gene-0.23-mRNA-1_1&gene=snap_masked-NODE_35_length_106366_cov_23.7165_ID_69-processed-gene-0.23&CDS=1-591
OG0001493	YFR043C	augustus_masked-NODE_35_length_106366_cov_23.7165_ID_69-processed-gene-0.95-mRNA-1_1&gene=augustus_masked-NODE_35_length_106366_cov_23.7165_ID_69-processed-gene-0.95&CDS=1-642
OG0001494	YFR044C	snap_masked-NODE_35_length_106366_cov_23.7165_ID_69-processed-gene-0.48-mRNA-1_1&gene=snap_masked-NODE_35_length_106366_cov_23.7165_ID_69-processed-gene-0.48&CDS=1-1467
OG0001495	YFR045W	snap_masked-NODE_35_length_106366_cov_23.7165_ID_69-processed-gene-0.24-mRNA-1_1&gene=snap_masked-NODE_35_length_106366_cov_23.7165_ID_69-processed-gene-0.24&CDS=1-993
OG0001496	YFR046C	augustus_masked-NODE_35_length_106366_cov_23.7165_ID_69-processed-gene-0.97-mRNA-1_1&gene=augustus_masked-NODE_35_length_106366_cov_23.7165_ID_69-processed-gene-0.97&CDS=1-975
OG0001497	YFR047C	snap_masked-NODE_35_length_106366_cov_23.7165_ID_69-processed-gene-0.50-mRNA-1_1&gene=snap_masked-NODE_35_length_106366_cov_23.7165_ID_69-processed-gene-0.50&CDS=1-885
OG0001498	YFR048W	maker-NODE_35_length_106366_cov_23.7165_ID_69-augustus-gene-0.1-mRNA-1_1&gene=maker-NODE_35_length_106366_cov_23.7165_ID_69-augustus-gene-0.1&CDS=1-2862
OG0001499	YFR049W	snap_masked-NODE_35_length_106366_cov_23.7165_ID_69-processed-gene-0.28-mRNA-1_1&gene=snap_masked-NODE_35_length_106366_cov_23.7165_ID_69-processed-gene-0.28&CDS=1-378
OG0001500	YFR050C	snap_masked-NODE_2_length_515064_cov_21.8181_ID_3-processed-gene-4.57-mRNA-1_1&gene=snap_masked-NODE_2_length_515064_cov_21.8181_ID_3-processed-gene-4.57&CDS=1-1902
OG0001501	YFR051C	snap_masked-NODE_35_length_106366_cov_23.7165_ID_69-processed-gene-0.53-mRNA-1_1&gene=snap_masked-NODE_35_length_106366_cov_23.7165_ID_69-processed-gene-0.53&CDS=1-1617
OG0001502	YFR052W	snap_masked-NODE_35_length_106366_cov_23.7165_ID_69-processed-gene-0.30-mRNA-1_1&gene=snap_masked-NODE_35_length_106366_cov_23.7165_ID_69-processed-gene-0.30&CDS=1-822
OG0001503	YGL001C	snap_masked-NODE_61_length_49157_cov_21.7454_ID_121-processed-gene-0.12-mRNA-1_1&gene=snap_masked-NODE_61_length_49157_cov_21.7454_ID_121-processed-gene-0.12&CDS=1-1047
OG0001504	YGL003C	snap_masked-NODE_119_length_5645_cov_20.08_ID_237-processed-gene-0.4-mRNA-1_1&gene=snap_masked-NODE_119_length_5645_cov_20.08_ID_237-processed-gene-0.4&CDS=1-1707
OG0001505	YGL004C	augustus_masked-NODE_46_length_84487_cov_23.4918_ID_91-processed-gene-0.14-mRNA-1_1&gene=augustus_masked-NODE_46_length_84487_cov_23.4918_ID_91-processed-gene-0.14&CDS=1-2031
OG0001506	YGL006W	augustus_masked-NODE_46_length_84487_cov_23.4918_ID_91-processed-gene-0.0-mRNA-1_1&gene=augustus_masked-NODE_46_length_84487_cov_23.4918_ID_91-processed-gene-0.0&CDS=1-3486
OG0001507	YGL010W	augustus_masked-NODE_76_length_27717_cov_23.7204_ID_151-processed-gene-0.17-mRNA-1_1&gene=augustus_masked-NODE_76_length_27717_cov_23.7204_ID_151-processed-gene-0.17&CDS=1-516
OG0001508	YGL011C	snap_masked-NODE_76_length_27717_cov_23.7204_ID_151-processed-gene-0.34-mRNA-1_1&gene=snap_masked-NODE_76_length_27717_cov_23.7204_ID_151-processed-gene-0.34&CDS=1-756
OG0001509	YGL012W	maker-NODE_76_length_27717_cov_23.7204_ID_151-snap-gene-0.13-mRNA-1_1&gene=maker-NODE_76_length_27717_cov_23.7204_ID_151-snap-gene-0.13&CDS=1-3786
OG0001510	YGL016W	augustus_masked-NODE_61_length_49157_cov_21.7454_ID_121-processed-gene-0.42-mRNA-1_1&gene=augustus_masked-NODE_61_length_49157_cov_21.7454_ID_121-processed-gene-0.42&CDS=1-3234
OG0001511	YGL017W	snap_masked-NODE_61_length_49157_cov_21.7454_ID_121-processed-gene-0.19-mRNA-1_1&gene=snap_masked-NODE_61_length_49157_cov_21.7454_ID_121-processed-gene-0.19&CDS=1-1521
OG0001512	YGL018C	snap_masked-NODE_61_length_49157_cov_21.7454_ID_121-processed-gene-0.26-mRNA-1_1&gene=snap_masked-NODE_61_length_49157_cov_21.7454_ID_121-processed-gene-0.26&CDS=1-618
OG0001513	YGL019W	snap_masked-NODE_61_length_49157_cov_21.7454_ID_121-processed-gene-0.18-mRNA-1_1&gene=snap_masked-NODE_61_length_49157_cov_21.7454_ID_121-processed-gene-0.18&CDS=1-858
OG0001514	YGL020C	snap_masked-NODE_61_length_49157_cov_21.7454_ID_121-processed-gene-0.25-mRNA-1_1&gene=snap_masked-NODE_61_length_49157_cov_21.7454_ID_121-processed-gene-0.25&CDS=1-627
OG0001515	YGL021W	augustus_masked-NODE_23_length_135800_cov_19.7169_ID_45-processed-gene-0.94-mRNA-1_1&gene=augustus_masked-NODE_23_length_135800_cov_19.7169_ID_45-processed-gene-0.94&CDS=1-2373
OG0001516	YGL022W	augustus_masked-NODE_61_length_49157_cov_21.7454_ID_121-processed-gene-0.39-mRNA-1_1&gene=augustus_masked-NODE_61_length_49157_cov_21.7454_ID_121-processed-gene-0.39&CDS=1-3120
OG0001517	YGL023C	snap_masked-NODE_32_length_114782_cov_21.7396_ID_63-processed-gene-0.81-mRNA-1_1&gene=snap_masked-NODE_32_length_114782_cov_21.7396_ID_63-processed-gene-0.81&CDS=1-1746
OG0001518	YGL026C	snap_masked-NODE_23_length_135800_cov_19.7169_ID_45-processed-gene-0.38-mRNA-1_1&gene=snap_masked-NODE_23_length_135800_cov_19.7169_ID_45-processed-gene-0.38&CDS=1-2127
OG0001519	YGL027C	snap_masked-NODE_77_length_27566_cov_26.8711_ID_153-processed-gene-0.5-mRNA-1_1&gene=snap_masked-NODE_77_length_27566_cov_26.8711_ID_153-processed-gene-0.5&CDS=1-3231
OG0001520	YGL028C	snap_masked-NODE_77_length_27566_cov_26.8711_ID_153-processed-gene-0.6-mRNA-1_1&gene=snap_masked-NODE_77_length_27566_cov_26.8711_ID_153-processed-gene-0.6&CDS=1-1404
OG0001521	YGL029W	snap_masked-NODE_81_length_24228_cov_22.1613_ID_161-processed-gene-0.7-mRNA-1_1&gene=snap_masked-NODE_81_length_24228_cov_22.1613_ID_161-processed-gene-0.7&CDS=1-357
OG0001522	YGL030W	augustus_masked-NODE_77_length_27566_cov_26.8711_ID_153-processed-gene-0.24-mRNA-1_1&gene=augustus_masked-NODE_77_length_27566_cov_26.8711_ID_153-processed-gene-0.24&CDS=1-321
OG0001523	YGL032C	snap_masked-NODE_77_length_27566_cov_26.8711_ID_153-processed-gene-0.8-mRNA-1_1&gene=snap_masked-NODE_77_length_27566_cov_26.8711_ID_153-processed-gene-0.8&CDS=1-270
OG0001524	YGL033W	snap_masked-NODE_77_length_27566_cov_26.8711_ID_153-processed-gene-0.4-mRNA-1_1&gene=snap_masked-NODE_77_length_27566_cov_26.8711_ID_153-processed-gene-0.4&CDS=1-618
OG0001525	YGL035C	snap_masked-NODE_77_length_27566_cov_26.8711_ID_153-processed-gene-0.11-mRNA-1_1&gene=snap_masked-NODE_77_length_27566_cov_26.8711_ID_153-processed-gene-0.11&CDS=1-1212
OG0001526	YGL036W	snap_masked-NODE_77_length_27566_cov_26.8711_ID_153-processed-gene-0.1-mRNA-1_1&gene=snap_masked-NODE_77_length_27566_cov_26.8711_ID_153-processed-gene-0.1&CDS=1-2451
OG0001527	YGL043W	snap_masked-NODE_32_length_114782_cov_21.7396_ID_63-processed-gene-0.55-mRNA-1_1&gene=snap_masked-NODE_32_length_114782_cov_21.7396_ID_63-processed-gene-0.55&CDS=1-921
OG0001528	YGL044C	augustus_masked-NODE_32_length_114782_cov_21.7396_ID_63-processed-gene-0.128-mRNA-1_1&gene=augustus_masked-NODE_32_length_114782_cov_21.7396_ID_63-processed-gene-0.128&CDS=1-834
OG0001529	YGL045W	snap_masked-NODE_32_length_114782_cov_21.7396_ID_63-processed-gene-0.54-mRNA-1_1&gene=snap_masked-NODE_32_length_114782_cov_21.7396_ID_63-processed-gene-0.54&CDS=1-1563
OG0001530	YGL047W	augustus_masked-NODE_32_length_114782_cov_21.7396_ID_63-processed-gene-0.108-mRNA-1_1&gene=augustus_masked-NODE_32_length_114782_cov_21.7396_ID_63-processed-gene-0.108&CDS=1-576
OG0001531	YGL050W	snap_masked-NODE_32_length_114782_cov_21.7396_ID_63-processed-gene-0.56-mRNA-1_1&gene=snap_masked-NODE_32_length_114782_cov_21.7396_ID_63-processed-gene-0.56&CDS=1-792
OG0001532	YGL054C	snap_masked-NODE_12_length_246126_cov_21.8889_ID_23-processed-gene-0.111-mRNA-1_1&gene=snap_masked-NODE_12_length_246126_cov_21.8889_ID_23-processed-gene-0.111&CDS=1-441
OG0001533	YGL055W	augustus_masked-NODE_12_length_246126_cov_21.8889_ID_23-processed-gene-0.90-mRNA-1_1&gene=augustus_masked-NODE_12_length_246126_cov_21.8889_ID_23-processed-gene-0.90&CDS=1-1422
OG0001534	YGL057C	augustus_masked-NODE_12_length_246126_cov_21.8889_ID_23-processed-gene-0.65-mRNA-1_1&gene=augustus_masked-NODE_12_length_246126_cov_21.8889_ID_23-processed-gene-0.65&CDS=1-588
OG0001535	YGL058W	snap_masked-NODE_12_length_246126_cov_21.8889_ID_23-processed-gene-0.138-mRNA-1_1&gene=snap_masked-NODE_12_length_246126_cov_21.8889_ID_23-processed-gene-0.138&CDS=1-495
OG0001536	YGL059W	snap_masked-NODE_12_length_246126_cov_21.8889_ID_23-processed-gene-0.139-mRNA-1_1&gene=snap_masked-NODE_12_length_246126_cov_21.8889_ID_23-processed-gene-0.139&CDS=1-1479
OG0001537	YGL061C	augustus_masked-NODE_12_length_246126_cov_21.8889_ID_23-processed-gene-0.66-mRNA-1_1&gene=augustus_masked-NODE_12_length_246126_cov_21.8889_ID_23-processed-gene-0.66&CDS=1-615
OG0001538	YGL064C	snap_masked-NODE_7_length_294517_cov_21.9556_ID_13-processed-gene-1.235-mRNA-1_1&gene=snap_masked-NODE_7_length_294517_cov_21.9556_ID_13-processed-gene-1.235&CDS=1-1638
OG0001539	YGL065C	augustus_masked-NODE_7_length_294517_cov_21.9556_ID_13-processed-gene-1.136-mRNA-1_1&gene=augustus_masked-NODE_7_length_294517_cov_21.9556_ID_13-processed-gene-1.136&CDS=1-1500
OG0001540	YGL066W	snap_masked-NODE_7_length_294517_cov_21.9556_ID_13-processed-gene-1.284-mRNA-1_1&gene=snap_masked-NODE_7_length_294517_cov_21.9556_ID_13-processed-gene-1.284&CDS=1-1959
OG0001541	YGL067W	snap_masked-NODE_7_length_294517_cov_21.9556_ID_13-processed-gene-1.285-mRNA-1_1&gene=snap_masked-NODE_7_length_294517_cov_21.9556_ID_13-processed-gene-1.285&CDS=1-1098
OG0001542	YGL068W	augustus_masked-NODE_7_length_294517_cov_21.9556_ID_13-processed-gene-1.184-mRNA-1_1&gene=augustus_masked-NODE_7_length_294517_cov_21.9556_ID_13-processed-gene-1.184&CDS=1-543
OG0001543	YGL073W	snap_masked-NODE_7_length_294517_cov_21.9556_ID_13-processed-gene-1.287-mRNA-1_1&gene=snap_masked-NODE_7_length_294517_cov_21.9556_ID_13-processed-gene-1.287&CDS=1-1743
OG0001544	YGL077C	snap_masked-NODE_17_length_190182_cov_22.7835_ID_33-processed-gene-0.221-mRNA-1_1&gene=snap_masked-NODE_17_length_190182_cov_22.7835_ID_33-processed-gene-0.221&CDS=1-1629
OG0001545	YGL078C	snap_masked-NODE_7_length_294517_cov_21.9556_ID_13-processed-gene-1.241-mRNA-1_1&gene=snap_masked-NODE_7_length_294517_cov_21.9556_ID_13-processed-gene-1.241&CDS=1-1533
OG0001546	YGL079W	snap_masked-NODE_7_length_294517_cov_21.9556_ID_13-processed-gene-1.288-mRNA-1_1&gene=snap_masked-NODE_7_length_294517_cov_21.9556_ID_13-processed-gene-1.288&CDS=1-600
OG0001547	YGL083W	augustus_masked-NODE_7_length_294517_cov_21.9556_ID_13-processed-gene-1.190-mRNA-1_1&gene=augustus_masked-NODE_7_length_294517_cov_21.9556_ID_13-processed-gene-1.190&CDS=1-2466
OG0001548	YGL085W	snap_masked-NODE_7_length_294517_cov_21.9556_ID_13-processed-gene-1.293-mRNA-1_1&gene=snap_masked-NODE_7_length_294517_cov_21.9556_ID_13-processed-gene-1.293&CDS=1-783
OG0001549	YGL086W	snap_masked-NODE_12_length_246126_cov_21.8889_ID_23-processed-gene-1.21-mRNA-1_1&gene=snap_masked-NODE_12_length_246126_cov_21.8889_ID_23-processed-gene-1.21&CDS=1-2124
OG0001550	YGL087C	snap_masked-NODE_12_length_246126_cov_21.8889_ID_23-processed-gene-1.56-mRNA-1_1&gene=snap_masked-NODE_12_length_246126_cov_21.8889_ID_23-processed-gene-1.56&CDS=1-414
OG0001551	YGL090W	augustus_masked-NODE_12_length_246126_cov_21.8889_ID_23-processed-gene-1.94-mRNA-1_1&gene=augustus_masked-NODE_12_length_246126_cov_21.8889_ID_23-processed-gene-1.94&CDS=1-1146
OG0001552	YGL091C	snap_masked-NODE_12_length_246126_cov_21.8889_ID_23-processed-gene-1.54-mRNA-1_1&gene=snap_masked-NODE_12_length_246126_cov_21.8889_ID_23-processed-gene-1.54&CDS=1-999
OG0001553	YGL092W	snap_masked-NODE_12_length_246126_cov_21.8889_ID_23-processed-gene-1.19-mRNA-1_1&gene=snap_masked-NODE_12_length_246126_cov_21.8889_ID_23-processed-gene-1.19&CDS=1-3846
OG0001554	YGL093W	augustus_masked-NODE_12_length_246126_cov_21.8889_ID_23-processed-gene-1.90-mRNA-1_1&gene=augustus_masked-NODE_12_length_246126_cov_21.8889_ID_23-processed-gene-1.90&CDS=1-2526
OG0001555	YGL094C	augustus_masked-NODE_12_length_246126_cov_21.8889_ID_23-processed-gene-1.92-mRNA-1_1&gene=augustus_masked-NODE_12_length_246126_cov_21.8889_ID_23-processed-gene-1.92&CDS=1-3870
OG0001556	YGL095C	snap_masked-NODE_10_length_278180_cov_22.5073_ID_19-processed-gene-1.169-mRNA-1_1&gene=snap_masked-NODE_10_length_278180_cov_22.5073_ID_19-processed-gene-1.169&CDS=1-1779
OG0001557	YGL097W	genemark-NODE_12_length_246126_cov_21.8889_ID_23-processed-gene-1.161-mRNA-1_1&gene=genemark-NODE_12_length_246126_cov_21.8889_ID_23-processed-gene-1.161&CDS=1-1665
OG0001558	YGL098W	snap_masked-NODE_12_length_246126_cov_21.8889_ID_23-processed-gene-1.14-mRNA-1_1&gene=snap_masked-NODE_12_length_246126_cov_21.8889_ID_23-processed-gene-1.14&CDS=1-708
OG0001559	YGL099W	snap_masked-NODE_10_length_278180_cov_22.5073_ID_19-processed-gene-1.115-mRNA-1_1&gene=snap_masked-NODE_10_length_278180_cov_22.5073_ID_19-processed-gene-1.115&CDS=1-1932
OG0001560	YGL100W	snap_masked-NODE_12_length_246126_cov_21.8889_ID_23-processed-gene-0.127-mRNA-1_1&gene=snap_masked-NODE_12_length_246126_cov_21.8889_ID_23-processed-gene-0.127&CDS=1-1014
OG0001561	YGL101W	snap_masked-NODE_10_length_278180_cov_22.5073_ID_19-processed-gene-1.112-mRNA-1_1&gene=snap_masked-NODE_10_length_278180_cov_22.5073_ID_19-processed-gene-1.112&CDS=1-693
OG0001562	YGL103W	genemark-NODE_10_length_278180_cov_22.5073_ID_19-processed-gene-1.223-mRNA-1_1&gene=genemark-NODE_10_length_278180_cov_22.5073_ID_19-processed-gene-1.223&CDS=1-435
OG0001563	YGL105W	snap_masked-NODE_10_length_278180_cov_22.5073_ID_19-processed-gene-1.110-mRNA-1_1&gene=snap_masked-NODE_10_length_278180_cov_22.5073_ID_19-processed-gene-1.110&CDS=1-1116
OG0001564	YGL106W	snap_masked-NODE_12_length_246126_cov_21.8889_ID_23-processed-gene-0.125-mRNA-1_1&gene=snap_masked-NODE_12_length_246126_cov_21.8889_ID_23-processed-gene-0.125&CDS=1-429
OG0001565	YGL108C	snap_masked-NODE_12_length_246126_cov_21.8889_ID_23-processed-gene-0.151-mRNA-1_1&gene=snap_masked-NODE_12_length_246126_cov_21.8889_ID_23-processed-gene-0.151&CDS=1-342
OG0001566	YGL112C	snap_masked-NODE_12_length_246126_cov_21.8889_ID_23-processed-gene-0.148-mRNA-1_1&gene=snap_masked-NODE_12_length_246126_cov_21.8889_ID_23-processed-gene-0.148&CDS=1-1569
OG0001567	YGL113W	augustus_masked-NODE_12_length_246126_cov_21.8889_ID_23-processed-gene-0.76-mRNA-1_1&gene=augustus_masked-NODE_12_length_246126_cov_21.8889_ID_23-processed-gene-0.76&CDS=1-2148
OG0001568	YGL114W	snap_masked-NODE_12_length_246126_cov_21.8889_ID_23-processed-gene-0.122-mRNA-1_1&gene=snap_masked-NODE_12_length_246126_cov_21.8889_ID_23-processed-gene-0.122&CDS=1-3657
OG0001569	YGL115W	snap_masked-NODE_12_length_246126_cov_21.8889_ID_23-processed-gene-0.121-mRNA-1_1&gene=snap_masked-NODE_12_length_246126_cov_21.8889_ID_23-processed-gene-0.121&CDS=1-975
OG0001570	YGL116W	snap_masked-NODE_12_length_246126_cov_21.8889_ID_23-processed-gene-0.120-mRNA-1_1&gene=snap_masked-NODE_12_length_246126_cov_21.8889_ID_23-processed-gene-0.120&CDS=1-1782
OG0001571	YGL119W	snap_masked-NODE_12_length_246126_cov_21.8889_ID_23-processed-gene-0.117-mRNA-1_1&gene=snap_masked-NODE_12_length_246126_cov_21.8889_ID_23-processed-gene-0.117&CDS=1-1626
OG0001572	YGL120C	snap_masked-NODE_12_length_246126_cov_21.8889_ID_23-processed-gene-0.145-mRNA-1_1&gene=snap_masked-NODE_12_length_246126_cov_21.8889_ID_23-processed-gene-0.145&CDS=1-2307
OG0001573	YGL121C	augustus_masked-NODE_12_length_246126_cov_21.8889_ID_23-processed-gene-0.98-mRNA-1_1&gene=augustus_masked-NODE_12_length_246126_cov_21.8889_ID_23-processed-gene-0.98&CDS=1-408
OG0001574	YGL122C	snap_masked-NODE_12_length_246126_cov_21.8889_ID_23-processed-gene-0.143-mRNA-1_1&gene=snap_masked-NODE_12_length_246126_cov_21.8889_ID_23-processed-gene-0.143&CDS=1-1752
OG0001575	YGL123W	snap_masked-NODE_12_length_246126_cov_21.8889_ID_23-processed-gene-0.116-mRNA-1_1&gene=snap_masked-NODE_12_length_246126_cov_21.8889_ID_23-processed-gene-0.116&CDS=1-774
OG0001576	YGL124C	snap_masked-NODE_12_length_246126_cov_21.8889_ID_23-processed-gene-0.142-mRNA-1_1&gene=snap_masked-NODE_12_length_246126_cov_21.8889_ID_23-processed-gene-0.142&CDS=1-1860
OG0001577	YGL125W	snap_masked-NODE_12_length_246126_cov_21.8889_ID_23-processed-gene-0.115-mRNA-1_1&gene=snap_masked-NODE_12_length_246126_cov_21.8889_ID_23-processed-gene-0.115&CDS=1-1794
OG0001578	YGL126W	augustus_masked-NODE_12_length_246126_cov_21.8889_ID_23-processed-gene-0.67-mRNA-1_1&gene=augustus_masked-NODE_12_length_246126_cov_21.8889_ID_23-processed-gene-0.67&CDS=1-1017
OG0001579	YGL127C	snap_masked-NODE_12_length_246126_cov_21.8889_ID_23-processed-gene-0.141-mRNA-1_1&gene=snap_masked-NODE_12_length_246126_cov_21.8889_ID_23-processed-gene-0.141&CDS=1-348
OG0001580	YGL128C	augustus_masked-NODE_6_length_297843_cov_20.8202_ID_11-processed-gene-1.89-mRNA-1_1&gene=augustus_masked-NODE_6_length_297843_cov_20.8202_ID_11-processed-gene-1.89&CDS=1-879
OG0001581	YGL129C	snap_masked-NODE_7_length_294517_cov_21.9556_ID_13-processed-gene-1.282-mRNA-1_1&gene=snap_masked-NODE_7_length_294517_cov_21.9556_ID_13-processed-gene-1.282&CDS=1-1323
OG0001582	YGL130W	snap_masked-NODE_7_length_294517_cov_21.9556_ID_13-processed-gene-1.234-mRNA-1_1&gene=snap_masked-NODE_7_length_294517_cov_21.9556_ID_13-processed-gene-1.234&CDS=1-1365
OG0001583	YGL131C	snap_masked-NODE_7_length_294517_cov_21.9556_ID_13-processed-gene-1.281-mRNA-1_1&gene=snap_masked-NODE_7_length_294517_cov_21.9556_ID_13-processed-gene-1.281&CDS=1-4359
OG0001584	YGL133W	genemark-NODE_7_length_294517_cov_21.9556_ID_13-processed-gene-1.36-mRNA-1_1&gene=genemark-NODE_7_length_294517_cov_21.9556_ID_13-processed-gene-1.36&CDS=1-3570
OG0001585	YGL136C	augustus_masked-NODE_7_length_294517_cov_21.9556_ID_13-processed-gene-1.179-mRNA-1_1&gene=augustus_masked-NODE_7_length_294517_cov_21.9556_ID_13-processed-gene-1.179&CDS=1-939
OG0001586	YGL137W	snap_masked-NODE_7_length_294517_cov_21.9556_ID_13-processed-gene-1.232-mRNA-1_1&gene=snap_masked-NODE_7_length_294517_cov_21.9556_ID_13-processed-gene-1.232&CDS=1-2718
OG0001587	YGL138C	snap_masked-NODE_7_length_294517_cov_21.9556_ID_13-processed-gene-1.279-mRNA-1_1&gene=snap_masked-NODE_7_length_294517_cov_21.9556_ID_13-processed-gene-1.279&CDS=1-954
OG0001588	YGL140C	snap_masked-NODE_29_length_115528_cov_22.4131_ID_57-processed-gene-0.130-mRNA-1_1&gene=snap_masked-NODE_29_length_115528_cov_22.4131_ID_57-processed-gene-0.130&CDS=1-3612
OG0001589	YGL145W	snap_masked-NODE_2_length_515064_cov_21.8181_ID_3-processed-gene-4.6-mRNA-1_1&gene=snap_masked-NODE_2_length_515064_cov_21.8181_ID_3-processed-gene-4.6&CDS=1-1989
OG0001590	YGL146C	snap_masked-NODE_2_length_515064_cov_21.8181_ID_3-processed-gene-4.3-mRNA-1_1&gene=snap_masked-NODE_2_length_515064_cov_21.8181_ID_3-processed-gene-4.3&CDS=1-756
OG0001591	YGL148W	snap_masked-NODE_2_length_515064_cov_21.8181_ID_3-processed-gene-4.7-mRNA-1_1&gene=snap_masked-NODE_2_length_515064_cov_21.8181_ID_3-processed-gene-4.7&CDS=1-1128
OG0001592	YGL150C	snap_masked-NODE_2_length_515064_cov_21.8181_ID_3-processed-gene-4.8-mRNA-1_1&gene=snap_masked-NODE_2_length_515064_cov_21.8181_ID_3-processed-gene-4.8&CDS=1-4125
OG0001593	YGL151W	snap_masked-NODE_2_length_515064_cov_21.8181_ID_3-processed-gene-4.29-mRNA-1_1&gene=snap_masked-NODE_2_length_515064_cov_21.8181_ID_3-processed-gene-4.29&CDS=1-3279
OG0001594	YGL153W	snap_masked-NODE_2_length_515064_cov_21.8181_ID_3-processed-gene-4.30-mRNA-1_1&gene=snap_masked-NODE_2_length_515064_cov_21.8181_ID_3-processed-gene-4.30&CDS=1-1104
OG0001595	YGL154C	snap_masked-NODE_2_length_515064_cov_21.8181_ID_3-processed-gene-4.9-mRNA-1_1&gene=snap_masked-NODE_2_length_515064_cov_21.8181_ID_3-processed-gene-4.9&CDS=1-783
OG0001596	YGL155W	snap_masked-NODE_2_length_515064_cov_21.8181_ID_3-processed-gene-4.31-mRNA-1_1&gene=snap_masked-NODE_2_length_515064_cov_21.8181_ID_3-processed-gene-4.31&CDS=1-1086
OG0001597	YGL156W	snap_masked-NODE_2_length_515064_cov_21.8181_ID_3-processed-gene-4.32-mRNA-1_1&gene=snap_masked-NODE_2_length_515064_cov_21.8181_ID_3-processed-gene-4.32&CDS=1-3258
OG0001598	YGL161C	snap_masked-NODE_20_length_173093_cov_21.6662_ID_39-processed-gene-0.125-mRNA-1_1&gene=snap_masked-NODE_20_length_173093_cov_21.6662_ID_39-processed-gene-0.125&CDS=1-846
OG0001599	YGL162W	snap_masked-NODE_20_length_173093_cov_21.6662_ID_39-processed-gene-0.175-mRNA-1_1&gene=snap_masked-NODE_20_length_173093_cov_21.6662_ID_39-processed-gene-0.175&CDS=1-693
OG0001600	YGL163C	snap_masked-NODE_20_length_173093_cov_21.6662_ID_39-processed-gene-0.126-mRNA-1_1&gene=snap_masked-NODE_20_length_173093_cov_21.6662_ID_39-processed-gene-0.126&CDS=1-2574
OG0001601	YGL164C	snap_masked-NODE_20_length_173093_cov_21.6662_ID_39-processed-gene-0.127-mRNA-1_1&gene=snap_masked-NODE_20_length_173093_cov_21.6662_ID_39-processed-gene-0.127&CDS=1-1233
OG0001602	YGL166W	snap_masked-NODE_20_length_173093_cov_21.6662_ID_39-processed-gene-0.176-mRNA-1_1&gene=snap_masked-NODE_20_length_173093_cov_21.6662_ID_39-processed-gene-0.176&CDS=1-732
OG0001603	YGL167C	snap_masked-NODE_20_length_173093_cov_21.6662_ID_39-processed-gene-0.124-mRNA-1_1&gene=snap_masked-NODE_20_length_173093_cov_21.6662_ID_39-processed-gene-0.124&CDS=1-2811
OG0001604	YGL169W	genemark-NODE_20_length_173093_cov_21.6662_ID_39-processed-gene-0.72-mRNA-1_1&gene=genemark-NODE_20_length_173093_cov_21.6662_ID_39-processed-gene-0.72&CDS=1-1251
OG0001605	YGL171W	snap_masked-NODE_3_length_402036_cov_21.609_ID_5-processed-gene-0.65-mRNA-1_1&gene=snap_masked-NODE_3_length_402036_cov_21.609_ID_5-processed-gene-0.65&CDS=1-1689
OG0001606	YGL172W	snap_masked-NODE_5_length_371082_cov_21.955_ID_9-processed-gene-2.44-mRNA-1_1&gene=snap_masked-NODE_5_length_371082_cov_21.955_ID_9-processed-gene-2.44&CDS=1-1473
OG0001607	YGL173C	snap_masked-NODE_5_length_371082_cov_21.955_ID_9-processed-gene-2.75-mRNA-1_1&gene=snap_masked-NODE_5_length_371082_cov_21.955_ID_9-processed-gene-2.75&CDS=1-4512
OG0001608	YGL174W	augustus_masked-NODE_5_length_371082_cov_21.955_ID_9-processed-gene-2.115-mRNA-1_1&gene=augustus_masked-NODE_5_length_371082_cov_21.955_ID_9-processed-gene-2.115&CDS=1-735
OG0001609	YGL175C	augustus_masked-NODE_5_length_371082_cov_21.955_ID_9-processed-gene-2.144-mRNA-1_1&gene=augustus_masked-NODE_5_length_371082_cov_21.955_ID_9-processed-gene-2.144&CDS=1-1047
OG0001610	YGL176C	augustus_masked-NODE_5_length_371082_cov_21.955_ID_9-processed-gene-2.143-mRNA-1_1&gene=augustus_masked-NODE_5_length_371082_cov_21.955_ID_9-processed-gene-2.143&CDS=1-1563
OG0001611	YGL178W	snap_masked-NODE_5_length_371082_cov_21.955_ID_9-processed-gene-2.42-mRNA-1_1&gene=snap_masked-NODE_5_length_371082_cov_21.955_ID_9-processed-gene-2.42&CDS=1-2400
OG0001612	YGL180W	snap_masked-NODE_5_length_371082_cov_21.955_ID_9-processed-gene-2.41-mRNA-1_1&gene=snap_masked-NODE_5_length_371082_cov_21.955_ID_9-processed-gene-2.41&CDS=1-2430
OG0001613	YGL181W	snap_masked-NODE_5_length_371082_cov_21.955_ID_9-processed-gene-2.40-mRNA-1_1&gene=snap_masked-NODE_5_length_371082_cov_21.955_ID_9-processed-gene-2.40&CDS=1-996
OG0001614	YGL183C	augustus_masked-NODE_5_length_371082_cov_21.955_ID_9-processed-gene-2.141-mRNA-1_1&gene=augustus_masked-NODE_5_length_371082_cov_21.955_ID_9-processed-gene-2.141&CDS=1-603
OG0001615	YGL186C	augustus_masked-NODE_5_length_371082_cov_21.955_ID_9-processed-gene-2.140-mRNA-1_1&gene=augustus_masked-NODE_5_length_371082_cov_21.955_ID_9-processed-gene-2.140&CDS=1-4326
OG0001616	YGL191W	snap_masked-NODE_5_length_371082_cov_21.955_ID_9-processed-gene-2.39-mRNA-1_1&gene=snap_masked-NODE_5_length_371082_cov_21.955_ID_9-processed-gene-2.39&CDS=1-384
OG0001617	YGL192W	maker-NODE_5_length_371082_cov_21.955_ID_9-snap-gene-2.9-mRNA-1_1&gene=maker-NODE_5_length_371082_cov_21.955_ID_9-snap-gene-2.9&CDS=1-1509
OG0001618	YGL194C	snap_masked-NODE_5_length_371082_cov_21.955_ID_9-processed-gene-2.67-mRNA-1_1&gene=snap_masked-NODE_5_length_371082_cov_21.955_ID_9-processed-gene-2.67&CDS=1-1344
OG0001619	YGL200C	snap_masked-NODE_5_length_371082_cov_21.955_ID_9-processed-gene-2.66-mRNA-1_1&gene=snap_masked-NODE_5_length_371082_cov_21.955_ID_9-processed-gene-2.66&CDS=1-609
OG0001620	YGL201C	snap_masked-NODE_53_length_65259_cov_21.5352_ID_105-processed-gene-0.32-mRNA-1_1&gene=snap_masked-NODE_53_length_65259_cov_21.5352_ID_105-processed-gene-0.32&CDS=1-3012
OG0001621	YGL202W	snap_masked-NODE_53_length_65259_cov_21.5352_ID_105-processed-gene-0.44-mRNA-1_1&gene=snap_masked-NODE_53_length_65259_cov_21.5352_ID_105-processed-gene-0.44&CDS=1-1485
OG0001622	YGL203C	snap_masked-NODE_53_length_65259_cov_21.5352_ID_105-processed-gene-0.33-mRNA-1_1&gene=snap_masked-NODE_53_length_65259_cov_21.5352_ID_105-processed-gene-0.33&CDS=1-2010
OG0001623	YGL205W	snap_masked-NODE_53_length_65259_cov_21.5352_ID_105-processed-gene-0.46-mRNA-1_1&gene=snap_masked-NODE_53_length_65259_cov_21.5352_ID_105-processed-gene-0.46&CDS=1-2229
OG0001624	YGL206C	snap_masked-NODE_53_length_65259_cov_21.5352_ID_105-processed-gene-0.34-mRNA-1_1&gene=snap_masked-NODE_53_length_65259_cov_21.5352_ID_105-processed-gene-0.34&CDS=1-4959
OG0001625	YGL207W	snap_masked-NODE_53_length_65259_cov_21.5352_ID_105-processed-gene-0.47-mRNA-1_1&gene=snap_masked-NODE_53_length_65259_cov_21.5352_ID_105-processed-gene-0.47&CDS=1-3102
OG0001626	YGL211W	maker-NODE_53_length_65259_cov_21.5352_ID_105-snap-gene-0.95-mRNA-1_1&gene=maker-NODE_53_length_65259_cov_21.5352_ID_105-snap-gene-0.95&CDS=1-1707
OG0001627	YGL212W	snap_masked-NODE_53_length_65259_cov_21.5352_ID_105-processed-gene-0.51-mRNA-1_1&gene=snap_masked-NODE_53_length_65259_cov_21.5352_ID_105-processed-gene-0.51&CDS=1-1026
OG0001628	YGL213C	snap_masked-NODE_53_length_65259_cov_21.5352_ID_105-processed-gene-0.35-mRNA-1_1&gene=snap_masked-NODE_53_length_65259_cov_21.5352_ID_105-processed-gene-0.35&CDS=1-1194
OG0001629	YGL216W	augustus_masked-NODE_53_length_65259_cov_21.5352_ID_105-processed-gene-0.84-mRNA-1_1&gene=augustus_masked-NODE_53_length_65259_cov_21.5352_ID_105-processed-gene-0.84&CDS=1-3501
OG0001630	YGL219C	snap_masked-NODE_53_length_65259_cov_21.5352_ID_105-processed-gene-0.36-mRNA-1_1&gene=snap_masked-NODE_53_length_65259_cov_21.5352_ID_105-processed-gene-0.36&CDS=1-1524
OG0001631	YGL221C	genemark-NODE_53_length_65259_cov_21.5352_ID_105-processed-gene-0.7-mRNA-1_1&gene=genemark-NODE_53_length_65259_cov_21.5352_ID_105-processed-gene-0.7&CDS=1-864
OG0001632	YGL223C	snap_masked-NODE_53_length_65259_cov_21.5352_ID_105-processed-gene-0.38-mRNA-1_1&gene=snap_masked-NODE_53_length_65259_cov_21.5352_ID_105-processed-gene-0.38&CDS=1-1209
OG0001633	YGL224C	snap_masked-NODE_53_length_65259_cov_21.5352_ID_105-processed-gene-0.39-mRNA-1_1&gene=snap_masked-NODE_53_length_65259_cov_21.5352_ID_105-processed-gene-0.39&CDS=1-840
OG0001634	YGL225W	snap_masked-NODE_53_length_65259_cov_21.5352_ID_105-processed-gene-0.56-mRNA-1_1&gene=snap_masked-NODE_53_length_65259_cov_21.5352_ID_105-processed-gene-0.56&CDS=1-993
OG0001635	YGL226C-A	snap_masked-NODE_53_length_65259_cov_21.5352_ID_105-processed-gene-0.40-mRNA-1_1&gene=snap_masked-NODE_53_length_65259_cov_21.5352_ID_105-processed-gene-0.40&CDS=1-258
OG0001636	YGL227W	snap_masked-NODE_53_length_65259_cov_21.5352_ID_105-processed-gene-0.58-mRNA-1_1&gene=snap_masked-NODE_53_length_65259_cov_21.5352_ID_105-processed-gene-0.58&CDS=1-2427
OG0001637	YGL231C	augustus_masked-NODE_53_length_65259_cov_21.5352_ID_105-processed-gene-0.73-mRNA-1_1&gene=augustus_masked-NODE_53_length_65259_cov_21.5352_ID_105-processed-gene-0.73&CDS=1-561
OG0001638	YGL232W	augustus_masked-NODE_53_length_65259_cov_21.5352_ID_105-processed-gene-0.91-mRNA-1_1&gene=augustus_masked-NODE_53_length_65259_cov_21.5352_ID_105-processed-gene-0.91&CDS=1-855
OG0001639	YGL234W	maker-NODE_53_length_65259_cov_21.5352_ID_105-augustus-gene-0.98-mRNA-1_1&gene=maker-NODE_53_length_65259_cov_21.5352_ID_105-augustus-gene-0.98&CDS=1-5085
OG0001640	YGL236C	snap_masked-NODE_53_length_65259_cov_21.5352_ID_105-processed-gene-0.42-mRNA-1_1&gene=snap_masked-NODE_53_length_65259_cov_21.5352_ID_105-processed-gene-0.42&CDS=1-1971
OG0001641	YGL237C	snap_masked-NODE_2_length_515064_cov_21.8181_ID_3-processed-gene-4.25-mRNA-1_1&gene=snap_masked-NODE_2_length_515064_cov_21.8181_ID_3-processed-gene-4.25&CDS=1-738
OG0001642	YGL238W	snap_masked-NODE_2_length_515064_cov_21.8181_ID_3-processed-gene-4.52-mRNA-1_1&gene=snap_masked-NODE_2_length_515064_cov_21.8181_ID_3-processed-gene-4.52&CDS=1-2874
OG0001643	YGL240W	augustus_masked-NODE_2_length_515064_cov_21.8181_ID_3-processed-gene-4.113-mRNA-1_1&gene=augustus_masked-NODE_2_length_515064_cov_21.8181_ID_3-processed-gene-4.113&CDS=1-741
OG0001644	YGL241W	snap_masked-NODE_35_length_106366_cov_23.7165_ID_69-processed-gene-0.51-mRNA-1_1&gene=snap_masked-NODE_35_length_106366_cov_23.7165_ID_69-processed-gene-0.51&CDS=1-3051
OG0001645	YGL242C	snap_masked-NODE_35_length_106366_cov_23.7165_ID_69-processed-gene-0.25-mRNA-1_1&gene=snap_masked-NODE_35_length_106366_cov_23.7165_ID_69-processed-gene-0.25&CDS=1-522
OG0001646	YGL244W	augustus_masked-NODE_2_length_515064_cov_21.8181_ID_3-processed-gene-4.114-mRNA-1_1&gene=augustus_masked-NODE_2_length_515064_cov_21.8181_ID_3-processed-gene-4.114&CDS=1-2781
OG0001647	YGL245W	snap_masked-NODE_2_length_515064_cov_21.8181_ID_3-processed-gene-4.56-mRNA-1_1&gene=snap_masked-NODE_2_length_515064_cov_21.8181_ID_3-processed-gene-4.56&CDS=1-2118
OG0001648	YGL246C	snap_masked-NODE_2_length_515064_cov_21.8181_ID_3-processed-gene-4.26-mRNA-1_1&gene=snap_masked-NODE_2_length_515064_cov_21.8181_ID_3-processed-gene-4.26&CDS=1-1125
OG0001649	YGL247W	snap_masked-NODE_35_length_106366_cov_23.7165_ID_69-processed-gene-0.52-mRNA-1_1&gene=snap_masked-NODE_35_length_106366_cov_23.7165_ID_69-processed-gene-0.52&CDS=1-534
OG0001650	YGL249W	snap_masked-NODE_2_length_515064_cov_21.8181_ID_3-processed-gene-4.58-mRNA-1_1&gene=snap_masked-NODE_2_length_515064_cov_21.8181_ID_3-processed-gene-4.58&CDS=1-1572
OG0001651	YGL250W	snap_masked-NODE_2_length_515064_cov_21.8181_ID_3-processed-gene-4.59-mRNA-1_1&gene=snap_masked-NODE_2_length_515064_cov_21.8181_ID_3-processed-gene-4.59&CDS=1-780
OG0001652	YGL251C	augustus_masked-NODE_2_length_515064_cov_21.8181_ID_3-processed-gene-4.87-mRNA-1_1&gene=augustus_masked-NODE_2_length_515064_cov_21.8181_ID_3-processed-gene-4.87&CDS=1-3357
OG0001653	YGL252C	snap_masked-NODE_35_length_106366_cov_23.7165_ID_69-processed-gene-0.29-mRNA-1_1&gene=snap_masked-NODE_35_length_106366_cov_23.7165_ID_69-processed-gene-0.29&CDS=1-1794
OG0001654	YGR001C	maker-NODE_61_length_49157_cov_21.7454_ID_121-augustus-gene-0.4-mRNA-1_1&gene=maker-NODE_61_length_49157_cov_21.7454_ID_121-augustus-gene-0.4&CDS=1-741
OG0001655	YGR002C	snap_masked-NODE_61_length_49157_cov_21.7454_ID_121-processed-gene-0.23-mRNA-1_1&gene=snap_masked-NODE_61_length_49157_cov_21.7454_ID_121-processed-gene-0.23&CDS=1-1668
OG0001656	YGR003W	augustus_masked-NODE_61_length_49157_cov_21.7454_ID_121-processed-gene-0.36-mRNA-1_1&gene=augustus_masked-NODE_61_length_49157_cov_21.7454_ID_121-processed-gene-0.36&CDS=1-2223
OG0001657	YGR005C	snap_masked-NODE_61_length_49157_cov_21.7454_ID_121-processed-gene-0.24-mRNA-1_1&gene=snap_masked-NODE_61_length_49157_cov_21.7454_ID_121-processed-gene-0.24&CDS=1-1122
OG0001658	YGR006W	snap_masked-NODE_61_length_49157_cov_21.7454_ID_121-processed-gene-0.16-mRNA-1_1&gene=snap_masked-NODE_61_length_49157_cov_21.7454_ID_121-processed-gene-0.16&CDS=1-597
OG0001659	YGR009C	snap_masked-NODE_77_length_27566_cov_26.8711_ID_153-processed-gene-0.3-mRNA-1_1&gene=snap_masked-NODE_77_length_27566_cov_26.8711_ID_153-processed-gene-0.3&CDS=1-2268
OG0001660	YGR010W	snap_masked-NODE_1_length_611906_cov_21.093_ID_1-processed-gene-0.25-mRNA-1_1&gene=snap_masked-NODE_1_length_611906_cov_21.093_ID_1-processed-gene-0.25&CDS=1-1236
OG0001661	YGR012W	snap_masked-NODE_76_length_27717_cov_23.7204_ID_151-processed-gene-0.30-mRNA-1_1&gene=snap_masked-NODE_76_length_27717_cov_23.7204_ID_151-processed-gene-0.30&CDS=1-1161
OG0001662	YGR013W	augustus_masked-NODE_1_length_611906_cov_21.093_ID_1-processed-gene-0.63-mRNA-1_1&gene=augustus_masked-NODE_1_length_611906_cov_21.093_ID_1-processed-gene-0.63&CDS=1-1815
OG0001663	YGR015C	snap_masked-NODE_76_length_27717_cov_23.7204_ID_151-processed-gene-0.37-mRNA-1_1&gene=snap_masked-NODE_76_length_27717_cov_23.7204_ID_151-processed-gene-0.37&CDS=1-873
OG0001664	YGR016W	snap_masked-NODE_76_length_27717_cov_23.7204_ID_151-processed-gene-0.32-mRNA-1_1&gene=snap_masked-NODE_76_length_27717_cov_23.7204_ID_151-processed-gene-0.32&CDS=1-603
OG0001665	YGR017W	snap_masked-NODE_36_length_103538_cov_22.3022_ID_71-processed-gene-0.72-mRNA-1_1&gene=snap_masked-NODE_36_length_103538_cov_22.3022_ID_71-processed-gene-0.72&CDS=1-861
OG0001666	YGR019W	snap_masked-NODE_36_length_103538_cov_22.3022_ID_71-processed-gene-0.73-mRNA-1_1&gene=snap_masked-NODE_36_length_103538_cov_22.3022_ID_71-processed-gene-0.73&CDS=1-1422
OG0001667	YGR020C	snap_masked-NODE_36_length_103538_cov_22.3022_ID_71-processed-gene-0.100-mRNA-1_1&gene=snap_masked-NODE_36_length_103538_cov_22.3022_ID_71-processed-gene-0.100&CDS=1-354
OG0001668	YGR021W	snap_masked-NODE_36_length_103538_cov_22.3022_ID_71-processed-gene-0.74-mRNA-1_1&gene=snap_masked-NODE_36_length_103538_cov_22.3022_ID_71-processed-gene-0.74&CDS=1-828
OG0001669	YGR024C	snap_masked-NODE_36_length_103538_cov_22.3022_ID_71-processed-gene-0.101-mRNA-1_1&gene=snap_masked-NODE_36_length_103538_cov_22.3022_ID_71-processed-gene-0.101&CDS=1-711
OG0001670	YGR026W	snap_masked-NODE_36_length_103538_cov_22.3022_ID_71-processed-gene-0.77-mRNA-1_1&gene=snap_masked-NODE_36_length_103538_cov_22.3022_ID_71-processed-gene-0.77&CDS=1-837
OG0001671	YGR028W	snap_masked-NODE_36_length_103538_cov_22.3022_ID_71-processed-gene-0.78-mRNA-1_1&gene=snap_masked-NODE_36_length_103538_cov_22.3022_ID_71-processed-gene-0.78&CDS=1-1059
OG0001672	YGR029W	snap_masked-NODE_36_length_103538_cov_22.3022_ID_71-processed-gene-0.79-mRNA-1_1&gene=snap_masked-NODE_36_length_103538_cov_22.3022_ID_71-processed-gene-0.79&CDS=1-552
OG0001673	YGR030C	snap_masked-NODE_36_length_103538_cov_22.3022_ID_71-processed-gene-0.103-mRNA-1_1&gene=snap_masked-NODE_36_length_103538_cov_22.3022_ID_71-processed-gene-0.103&CDS=1-477
OG0001674	YGR033C	snap_masked-NODE_36_length_103538_cov_22.3022_ID_71-processed-gene-0.104-mRNA-1_1&gene=snap_masked-NODE_36_length_103538_cov_22.3022_ID_71-processed-gene-0.104&CDS=1-681
OG0001675	YGR037C	genemark-NODE_36_length_103538_cov_22.3022_ID_71-processed-gene-0.39-mRNA-1_1&gene=genemark-NODE_36_length_103538_cov_22.3022_ID_71-processed-gene-0.39&CDS=1-813
OG0001676	YGR040W	maker-NODE_36_length_103538_cov_22.3022_ID_71-augustus-gene-0.64-mRNA-1_1&gene=maker-NODE_36_length_103538_cov_22.3022_ID_71-augustus-gene-0.64&CDS=1-1863
OG0001677	YGR044C	snap_masked-NODE_36_length_103538_cov_22.3022_ID_71-processed-gene-0.106-mRNA-1_1&gene=snap_masked-NODE_36_length_103538_cov_22.3022_ID_71-processed-gene-0.106&CDS=1-1464
OG0001678	YGR046W	snap_masked-NODE_75_length_28403_cov_20.7601_ID_149-processed-gene-0.42-mRNA-1_1&gene=snap_masked-NODE_75_length_28403_cov_20.7601_ID_149-processed-gene-0.42&CDS=1-975
OG0001679	YGR047C	snap_masked-NODE_29_length_115528_cov_22.4131_ID_57-processed-gene-0.131-mRNA-1_1&gene=snap_masked-NODE_29_length_115528_cov_22.4131_ID_57-processed-gene-0.131&CDS=1-3150
OG0001680	YGR049W	snap_masked-NODE_36_length_103538_cov_22.3022_ID_71-processed-gene-0.86-mRNA-1_1&gene=snap_masked-NODE_36_length_103538_cov_22.3022_ID_71-processed-gene-0.86&CDS=1-615
OG0001681	YGR052W	snap_masked-NODE_36_length_103538_cov_22.3022_ID_71-processed-gene-0.87-mRNA-1_1&gene=snap_masked-NODE_36_length_103538_cov_22.3022_ID_71-processed-gene-0.87&CDS=1-1143
OG0001682	YGR053C	snap_masked-NODE_36_length_103538_cov_22.3022_ID_71-processed-gene-0.107-mRNA-1_1&gene=snap_masked-NODE_36_length_103538_cov_22.3022_ID_71-processed-gene-0.107&CDS=1-633
OG0001683	YGR054W	snap_masked-NODE_22_length_167286_cov_23.0006_ID_43-processed-gene-0.171-mRNA-1_1&gene=snap_masked-NODE_22_length_167286_cov_23.0006_ID_43-processed-gene-0.171&CDS=1-1809
OG0001684	YGR057C	augustus_masked-NODE_36_length_103538_cov_22.3022_ID_71-processed-gene-0.158-mRNA-1_1&gene=augustus_masked-NODE_36_length_103538_cov_22.3022_ID_71-processed-gene-0.158&CDS=1-735
OG0001685	YGR058W	augustus_masked-NODE_36_length_103538_cov_22.3022_ID_71-processed-gene-0.139-mRNA-1_1&gene=augustus_masked-NODE_36_length_103538_cov_22.3022_ID_71-processed-gene-0.139&CDS=1-1023
OG0001686	YGR059W	augustus_masked-NODE_36_length_103538_cov_22.3022_ID_71-processed-gene-0.140-mRNA-1_1&gene=augustus_masked-NODE_36_length_103538_cov_22.3022_ID_71-processed-gene-0.140&CDS=1-1236
OG0001687	YGR060W	snap_masked-NODE_36_length_103538_cov_22.3022_ID_71-processed-gene-0.91-mRNA-1_1&gene=snap_masked-NODE_36_length_103538_cov_22.3022_ID_71-processed-gene-0.91&CDS=1-930
OG0001688	YGR061C	snap_masked-NODE_36_length_103538_cov_22.3022_ID_71-processed-gene-0.108-mRNA-1_1&gene=snap_masked-NODE_36_length_103538_cov_22.3022_ID_71-processed-gene-0.108&CDS=1-4056
OG0001689	YGR062C	snap_masked-NODE_36_length_103538_cov_22.3022_ID_71-processed-gene-0.109-mRNA-1_1&gene=snap_masked-NODE_36_length_103538_cov_22.3022_ID_71-processed-gene-0.109&CDS=1-942
OG0001690	YGR068C	augustus_masked-NODE_36_length_103538_cov_22.3022_ID_71-processed-gene-0.163-mRNA-1_1&gene=augustus_masked-NODE_36_length_103538_cov_22.3022_ID_71-processed-gene-0.163&CDS=1-3258
OG0001691	YGR072W	snap_masked-NODE_8_length_292075_cov_22.5245_ID_15-processed-gene-1.107-mRNA-1_1&gene=snap_masked-NODE_8_length_292075_cov_22.5245_ID_15-processed-gene-1.107&CDS=1-1215
OG0001692	YGR074W	snap_masked-NODE_1_length_611906_cov_21.093_ID_1-processed-gene-5.160-mRNA-1_1&gene=snap_masked-NODE_1_length_611906_cov_21.093_ID_1-processed-gene-5.160&CDS=1-360
OG0001693	YGR075C	snap_masked-NODE_8_length_292075_cov_22.5245_ID_15-processed-gene-1.142-mRNA-1_1&gene=snap_masked-NODE_8_length_292075_cov_22.5245_ID_15-processed-gene-1.142&CDS=1-678
OG0001694	YGR076C	snap_masked-NODE_1_length_611906_cov_21.093_ID_1-processed-gene-5.180-mRNA-1_1&gene=snap_masked-NODE_1_length_611906_cov_21.093_ID_1-processed-gene-5.180&CDS=1-456
OG0001695	YGR077C	snap_masked-NODE_8_length_292075_cov_22.5245_ID_15-processed-gene-1.143-mRNA-1_1&gene=snap_masked-NODE_8_length_292075_cov_22.5245_ID_15-processed-gene-1.143&CDS=1-1890
OG0001696	YGR078C	snap_masked-NODE_1_length_611906_cov_21.093_ID_1-processed-gene-5.181-mRNA-1_1&gene=snap_masked-NODE_1_length_611906_cov_21.093_ID_1-processed-gene-5.181&CDS=1-540
OG0001697	YGR079W	snap_masked-NODE_14_length_224486_cov_20.7905_ID_27-processed-gene-0.5-mRNA-1_1&gene=snap_masked-NODE_14_length_224486_cov_20.7905_ID_27-processed-gene-0.5&CDS=1-927
OG0001698	YGR080W	snap_masked-NODE_14_length_224486_cov_20.7905_ID_27-processed-gene-0.6-mRNA-1_1&gene=snap_masked-NODE_14_length_224486_cov_20.7905_ID_27-processed-gene-0.6&CDS=1-1002
OG0001699	YGR081C	snap_masked-NODE_14_length_224486_cov_20.7905_ID_27-processed-gene-0.32-mRNA-1_1&gene=snap_masked-NODE_14_length_224486_cov_20.7905_ID_27-processed-gene-0.32&CDS=1-597
OG0001700	YGR083C	snap_masked-NODE_14_length_224486_cov_20.7905_ID_27-processed-gene-0.33-mRNA-1_1&gene=snap_masked-NODE_14_length_224486_cov_20.7905_ID_27-processed-gene-0.33&CDS=1-1911
OG0001701	YGR084C	snap_masked-NODE_14_length_224486_cov_20.7905_ID_27-processed-gene-0.34-mRNA-1_1&gene=snap_masked-NODE_14_length_224486_cov_20.7905_ID_27-processed-gene-0.34&CDS=1-948
OG0001702	YGR089W	snap_masked-NODE_14_length_224486_cov_20.7905_ID_27-processed-gene-0.8-mRNA-1_1&gene=snap_masked-NODE_14_length_224486_cov_20.7905_ID_27-processed-gene-0.8&CDS=1-2535
OG0001703	YGR090W	snap_masked-NODE_14_length_224486_cov_20.7905_ID_27-processed-gene-0.9-mRNA-1_1&gene=snap_masked-NODE_14_length_224486_cov_20.7905_ID_27-processed-gene-0.9&CDS=1-3654
OG0001704	YGR091W	snap_masked-NODE_14_length_224486_cov_20.7905_ID_27-processed-gene-0.10-mRNA-1_1&gene=snap_masked-NODE_14_length_224486_cov_20.7905_ID_27-processed-gene-0.10&CDS=1-1545
OG0001705	YGR095C	augustus_masked-NODE_14_length_224486_cov_20.7905_ID_27-processed-gene-0.78-mRNA-1_1&gene=augustus_masked-NODE_14_length_224486_cov_20.7905_ID_27-processed-gene-0.78&CDS=1-660
OG0001706	YGR096W	snap_masked-NODE_14_length_224486_cov_20.7905_ID_27-processed-gene-0.14-mRNA-1_1&gene=snap_masked-NODE_14_length_224486_cov_20.7905_ID_27-processed-gene-0.14&CDS=1-912
OG0001707	YGR097W	snap_masked-NODE_14_length_224486_cov_20.7905_ID_27-processed-gene-0.15-mRNA-1_1&gene=snap_masked-NODE_14_length_224486_cov_20.7905_ID_27-processed-gene-0.15&CDS=1-3096
OG0001708	YGR098C	augustus_masked-NODE_14_length_224486_cov_20.7905_ID_27-processed-gene-0.79-mRNA-1_1&gene=augustus_masked-NODE_14_length_224486_cov_20.7905_ID_27-processed-gene-0.79&CDS=1-4632
OG0001709	YGR099W	snap_masked-NODE_14_length_224486_cov_20.7905_ID_27-processed-gene-0.16-mRNA-1_1&gene=snap_masked-NODE_14_length_224486_cov_20.7905_ID_27-processed-gene-0.16&CDS=1-2121
OG0001710	YGR100W	augustus_masked-NODE_14_length_224486_cov_20.7905_ID_27-processed-gene-0.58-mRNA-1_1&gene=augustus_masked-NODE_14_length_224486_cov_20.7905_ID_27-processed-gene-0.58&CDS=1-2892
OG0001711	YGR101W	snap_masked-NODE_14_length_224486_cov_20.7905_ID_27-processed-gene-0.18-mRNA-1_1&gene=snap_masked-NODE_14_length_224486_cov_20.7905_ID_27-processed-gene-0.18&CDS=1-1032
OG0001712	YGR102C	augustus_masked-NODE_14_length_224486_cov_20.7905_ID_27-processed-gene-0.80-mRNA-1_1&gene=augustus_masked-NODE_14_length_224486_cov_20.7905_ID_27-processed-gene-0.80&CDS=1-522
OG0001713	YGR103W	snap_masked-NODE_14_length_224486_cov_20.7905_ID_27-processed-gene-0.19-mRNA-1_1&gene=snap_masked-NODE_14_length_224486_cov_20.7905_ID_27-processed-gene-0.19&CDS=1-1755
OG0001714	YGR104C	snap_masked-NODE_14_length_224486_cov_20.7905_ID_27-processed-gene-0.42-mRNA-1_1&gene=snap_masked-NODE_14_length_224486_cov_20.7905_ID_27-processed-gene-0.42&CDS=1-852
OG0001715	YGR105W	snap_masked-NODE_14_length_224486_cov_20.7905_ID_27-processed-gene-1.87-mRNA-1_1&gene=snap_masked-NODE_14_length_224486_cov_20.7905_ID_27-processed-gene-1.87&CDS=1-225
OG0001716	YGR106C	snap_masked-NODE_14_length_224486_cov_20.7905_ID_27-processed-gene-1.91-mRNA-1_1&gene=snap_masked-NODE_14_length_224486_cov_20.7905_ID_27-processed-gene-1.91&CDS=1-801
OG0001717	YGR111W	augustus_masked-NODE_14_length_224486_cov_20.7905_ID_27-processed-gene-1.207-mRNA-1_1&gene=augustus_masked-NODE_14_length_224486_cov_20.7905_ID_27-processed-gene-1.207&CDS=1-2211
OG0001718	YGR113W	augustus_masked-NODE_14_length_224486_cov_20.7905_ID_27-processed-gene-1.206-mRNA-1_1&gene=augustus_masked-NODE_14_length_224486_cov_20.7905_ID_27-processed-gene-1.206&CDS=1-984
OG0001719	YGR116W	augustus_masked-NODE_30_length_115312_cov_21.4898_ID_59-processed-gene-0.65-mRNA-1_1&gene=augustus_masked-NODE_30_length_115312_cov_21.4898_ID_59-processed-gene-0.65&CDS=1-5565
OG0001720	YGR117C	augustus_masked-NODE_14_length_224486_cov_20.7905_ID_27-processed-gene-1.171-mRNA-1_1&gene=augustus_masked-NODE_14_length_224486_cov_20.7905_ID_27-processed-gene-1.171&CDS=1-1323
OG0001721	YGR119C	snap_masked-NODE_30_length_115312_cov_21.4898_ID_59-processed-gene-0.105-mRNA-1_1&gene=snap_masked-NODE_30_length_115312_cov_21.4898_ID_59-processed-gene-0.105&CDS=1-1713
OG0001722	YGR120C	snap_masked-NODE_14_length_224486_cov_20.7905_ID_27-processed-gene-1.89-mRNA-1_1&gene=snap_masked-NODE_14_length_224486_cov_20.7905_ID_27-processed-gene-1.89&CDS=1-789
OG0001723	YGR122W	augustus_masked-NODE_14_length_224486_cov_20.7905_ID_27-processed-gene-1.175-mRNA-1_1&gene=augustus_masked-NODE_14_length_224486_cov_20.7905_ID_27-processed-gene-1.175&CDS=1-1194
OG0001724	YGR123C	snap_masked-NODE_30_length_115312_cov_21.4898_ID_59-processed-gene-0.102-mRNA-1_1&gene=snap_masked-NODE_30_length_115312_cov_21.4898_ID_59-processed-gene-0.102&CDS=1-1536
OG0001725	YGR125W	snap_masked-NODE_39_length_94383_cov_19.9911_ID_77-processed-gene-0.36-mRNA-1_1&gene=snap_masked-NODE_39_length_94383_cov_19.9911_ID_77-processed-gene-0.36&CDS=1-3210
OG0001726	YGR126W	snap_masked-NODE_39_length_94383_cov_19.9911_ID_77-processed-gene-0.35-mRNA-1_1&gene=snap_masked-NODE_39_length_94383_cov_19.9911_ID_77-processed-gene-0.35&CDS=1-735
OG0001727	YGR127W	augustus_masked-NODE_39_length_94383_cov_19.9911_ID_77-processed-gene-0.84-mRNA-1_1&gene=augustus_masked-NODE_39_length_94383_cov_19.9911_ID_77-processed-gene-0.84&CDS=1-930
OG0001728	YGR128C	snap_masked-NODE_39_length_94383_cov_19.9911_ID_77-processed-gene-0.10-mRNA-1_1&gene=snap_masked-NODE_39_length_94383_cov_19.9911_ID_77-processed-gene-0.10&CDS=1-1803
OG0001729	YGR129W	snap_masked-NODE_39_length_94383_cov_19.9911_ID_77-processed-gene-0.33-mRNA-1_1&gene=snap_masked-NODE_39_length_94383_cov_19.9911_ID_77-processed-gene-0.33&CDS=1-468
OG0001730	YGR130C	augustus_masked-NODE_30_length_115312_cov_21.4898_ID_59-processed-gene-0.54-mRNA-1_1&gene=augustus_masked-NODE_30_length_115312_cov_21.4898_ID_59-processed-gene-0.54&CDS=1-1029
OG0001731	YGR132C	augustus_masked-NODE_39_length_94383_cov_19.9911_ID_77-processed-gene-0.56-mRNA-1_1&gene=augustus_masked-NODE_39_length_94383_cov_19.9911_ID_77-processed-gene-0.56&CDS=1-855
OG0001732	YGR133W	augustus_masked-NODE_39_length_94383_cov_19.9911_ID_77-processed-gene-0.81-mRNA-1_1&gene=augustus_masked-NODE_39_length_94383_cov_19.9911_ID_77-processed-gene-0.81&CDS=1-462
OG0001733	YGR134W	snap_masked-NODE_39_length_94383_cov_19.9911_ID_77-processed-gene-0.32-mRNA-1_1&gene=snap_masked-NODE_39_length_94383_cov_19.9911_ID_77-processed-gene-0.32&CDS=1-3198
OG0001734	YGR135W	snap_masked-NODE_39_length_94383_cov_19.9911_ID_77-processed-gene-0.31-mRNA-1_1&gene=snap_masked-NODE_39_length_94383_cov_19.9911_ID_77-processed-gene-0.31&CDS=1-780
OG0001735	YGR140W	snap_masked-NODE_39_length_94383_cov_19.9911_ID_77-processed-gene-0.29-mRNA-1_1&gene=snap_masked-NODE_39_length_94383_cov_19.9911_ID_77-processed-gene-0.29&CDS=1-2499
OG0001736	YGR141W	augustus_masked-NODE_39_length_94383_cov_19.9911_ID_77-processed-gene-0.76-mRNA-1_1&gene=augustus_masked-NODE_39_length_94383_cov_19.9911_ID_77-processed-gene-0.76&CDS=1-1368
OG0001737	YGR142W	augustus_masked-NODE_39_length_94383_cov_19.9911_ID_77-processed-gene-0.75-mRNA-1_1&gene=augustus_masked-NODE_39_length_94383_cov_19.9911_ID_77-processed-gene-0.75&CDS=1-1197
OG0001738	YGR144W	snap_masked-NODE_20_length_173093_cov_21.6662_ID_39-processed-gene-0.113-mRNA-1_1&gene=snap_masked-NODE_20_length_173093_cov_21.6662_ID_39-processed-gene-0.113&CDS=1-966
OG0001739	YGR145W	snap_masked-NODE_77_length_27566_cov_26.8711_ID_153-processed-gene-0.2-mRNA-1_1&gene=snap_masked-NODE_77_length_27566_cov_26.8711_ID_153-processed-gene-0.2&CDS=1-2079
OG0001740	YGR147C	genemark-NODE_81_length_24228_cov_22.1613_ID_161-processed-gene-0.33-mRNA-1_1&gene=genemark-NODE_81_length_24228_cov_22.1613_ID_161-processed-gene-0.33&CDS=1-660
OG0001741	YGR150C	snap_masked-NODE_81_length_24228_cov_22.1613_ID_161-processed-gene-0.2-mRNA-1_1&gene=snap_masked-NODE_81_length_24228_cov_22.1613_ID_161-processed-gene-0.2&CDS=1-2304
OG0001742	YGR152C	augustus_masked-NODE_77_length_27566_cov_26.8711_ID_153-processed-gene-0.12-mRNA-1_1&gene=augustus_masked-NODE_77_length_27566_cov_26.8711_ID_153-processed-gene-0.12&CDS=1-822
OG0001743	YGR155W	snap_masked-NODE_23_length_135800_cov_19.7169_ID_45-processed-gene-0.22-mRNA-1_1&gene=snap_masked-NODE_23_length_135800_cov_19.7169_ID_45-processed-gene-0.22&CDS=1-1500
OG0001744	YGR157W	maker-NODE_23_length_135800_cov_19.7169_ID_45-snap-gene-0.5-mRNA-1_1&gene=maker-NODE_23_length_135800_cov_19.7169_ID_45-snap-gene-0.5&CDS=1-3870
OG0001745	YGR158C	augustus_masked-NODE_32_length_114782_cov_21.7396_ID_63-processed-gene-0.105-mRNA-1_1&gene=augustus_masked-NODE_32_length_114782_cov_21.7396_ID_63-processed-gene-0.105&CDS=1-657
OG0001746	YGR159C	snap_masked-NODE_32_length_114782_cov_21.7396_ID_63-processed-gene-0.53-mRNA-1_1&gene=snap_masked-NODE_32_length_114782_cov_21.7396_ID_63-processed-gene-0.53&CDS=1-1212
OG0001747	YGR161C	augustus_masked-NODE_23_length_135800_cov_19.7169_ID_45-processed-gene-0.103-mRNA-1_1&gene=augustus_masked-NODE_23_length_135800_cov_19.7169_ID_45-processed-gene-0.103&CDS=1-456
OG0001748	YGR163W	maker-NODE_23_length_135800_cov_19.7169_ID_45-snap-gene-0.6-mRNA-1_1&gene=maker-NODE_23_length_135800_cov_19.7169_ID_45-snap-gene-0.6&CDS=1-1011
OG0001749	YGR165W	genemark-NODE_20_length_173093_cov_21.6662_ID_39-processed-gene-0.83-mRNA-1_1&gene=genemark-NODE_20_length_173093_cov_21.6662_ID_39-processed-gene-0.83&CDS=1-2571
OG0001750	YGR167W	snap_masked-NODE_20_length_173093_cov_21.6662_ID_39-processed-gene-0.185-mRNA-1_1&gene=snap_masked-NODE_20_length_173093_cov_21.6662_ID_39-processed-gene-0.185&CDS=1-612
OG0001751	YGR168C	snap_masked-NODE_20_length_173093_cov_21.6662_ID_39-processed-gene-0.143-mRNA-1_1&gene=snap_masked-NODE_20_length_173093_cov_21.6662_ID_39-processed-gene-0.143&CDS=1-993
OG0001752	YGR169C	maker-NODE_20_length_173093_cov_21.6662_ID_39-augustus-gene-0.282-mRNA-1_1&gene=maker-NODE_20_length_173093_cov_21.6662_ID_39-augustus-gene-0.282&CDS=1-1446
OG0001753	YGR170W	augustus_masked-NODE_20_length_173093_cov_21.6662_ID_39-processed-gene-0.271-mRNA-1_1&gene=augustus_masked-NODE_20_length_173093_cov_21.6662_ID_39-processed-gene-0.271&CDS=1-3540
OG0001754	YGR171C	snap_masked-NODE_20_length_173093_cov_21.6662_ID_39-processed-gene-0.140-mRNA-1_1&gene=snap_masked-NODE_20_length_173093_cov_21.6662_ID_39-processed-gene-0.140&CDS=1-1632
OG0001755	YGR172C	snap_masked-NODE_20_length_173093_cov_21.6662_ID_39-processed-gene-0.139-mRNA-1_1&gene=snap_masked-NODE_20_length_173093_cov_21.6662_ID_39-processed-gene-0.139&CDS=1-762
OG0001756	YGR173W	snap_masked-NODE_20_length_173093_cov_21.6662_ID_39-processed-gene-0.183-mRNA-1_1&gene=snap_masked-NODE_20_length_173093_cov_21.6662_ID_39-processed-gene-0.183&CDS=1-1104
OG0001757	YGR174C	snap_masked-NODE_24_length_134792_cov_22.0422_ID_47-processed-gene-0.17-mRNA-1_1&gene=snap_masked-NODE_24_length_134792_cov_22.0422_ID_47-processed-gene-0.17&CDS=1-393
OG0001758	YGR175C	snap_masked-NODE_24_length_134792_cov_22.0422_ID_47-processed-gene-0.16-mRNA-1_1&gene=snap_masked-NODE_24_length_134792_cov_22.0422_ID_47-processed-gene-0.16&CDS=1-1485
OG0001759	YGR177C	snap_masked-NODE_24_length_134792_cov_22.0422_ID_47-processed-gene-0.15-mRNA-1_1&gene=snap_masked-NODE_24_length_134792_cov_22.0422_ID_47-processed-gene-0.15&CDS=1-1584
OG0001760	YGR178C	maker-NODE_24_length_134792_cov_22.0422_ID_47-snap-gene-0.132-mRNA-1_1&gene=maker-NODE_24_length_134792_cov_22.0422_ID_47-snap-gene-0.132&CDS=1-2139
OG0001761	YGR179C	augustus_masked-NODE_24_length_134792_cov_22.0422_ID_47-processed-gene-0.78-mRNA-1_1&gene=augustus_masked-NODE_24_length_134792_cov_22.0422_ID_47-processed-gene-0.78&CDS=1-1299
OG0001762	YGR180C	augustus_masked-NODE_24_length_134792_cov_22.0422_ID_47-processed-gene-0.77-mRNA-1_1&gene=augustus_masked-NODE_24_length_134792_cov_22.0422_ID_47-processed-gene-0.77&CDS=1-1038
OG0001763	YGR181W	snap_masked-NODE_24_length_134792_cov_22.0422_ID_47-processed-gene-0.44-mRNA-1_1&gene=snap_masked-NODE_24_length_134792_cov_22.0422_ID_47-processed-gene-0.44&CDS=1-303
OG0001764	YGR183C	snap_masked-NODE_24_length_134792_cov_22.0422_ID_47-processed-gene-0.11-mRNA-1_1&gene=snap_masked-NODE_24_length_134792_cov_22.0422_ID_47-processed-gene-0.11&CDS=1-198
OG0001765	YGR184C	snap_masked-NODE_24_length_134792_cov_22.0422_ID_47-processed-gene-0.10-mRNA-1_1&gene=snap_masked-NODE_24_length_134792_cov_22.0422_ID_47-processed-gene-0.10&CDS=1-5814
OG0001766	YGR185C	snap_masked-NODE_9_length_289189_cov_21.4249_ID_17-processed-gene-1.104-mRNA-1_1&gene=snap_masked-NODE_9_length_289189_cov_21.4249_ID_17-processed-gene-1.104&CDS=1-1185
OG0001767	YGR186W	augustus_masked-NODE_24_length_134792_cov_22.0422_ID_47-processed-gene-0.108-mRNA-1_1&gene=augustus_masked-NODE_24_length_134792_cov_22.0422_ID_47-processed-gene-0.108&CDS=1-2100
OG0001768	YGR187C	snap_masked-NODE_24_length_134792_cov_22.0422_ID_47-processed-gene-0.9-mRNA-1_1&gene=snap_masked-NODE_24_length_134792_cov_22.0422_ID_47-processed-gene-0.9&CDS=1-1152
OG0001769	YGR188C	augustus_masked-NODE_20_length_173093_cov_21.6662_ID_39-processed-gene-0.238-mRNA-1_1&gene=augustus_masked-NODE_20_length_173093_cov_21.6662_ID_39-processed-gene-0.238&CDS=1-2604
OG0001770	YGR191W	snap_masked-NODE_58_length_55950_cov_24.9021_ID_115-processed-gene-0.43-mRNA-1_1&gene=snap_masked-NODE_58_length_55950_cov_24.9021_ID_115-processed-gene-0.43&CDS=1-2667
OG0001771	YGR194C	augustus_masked-NODE_58_length_55950_cov_24.9021_ID_115-processed-gene-0.55-mRNA-1_1&gene=augustus_masked-NODE_58_length_55950_cov_24.9021_ID_115-processed-gene-0.55&CDS=1-2862
OG0001772	YGR195W	snap_masked-NODE_31_length_115296_cov_21.7371_ID_61-processed-gene-0.68-mRNA-1_1&gene=snap_masked-NODE_31_length_115296_cov_21.7371_ID_61-processed-gene-0.68&CDS=1-738
OG0001773	YGR196C	snap_masked-NODE_58_length_55950_cov_24.9021_ID_115-processed-gene-0.30-mRNA-1_1&gene=snap_masked-NODE_58_length_55950_cov_24.9021_ID_115-processed-gene-0.30&CDS=1-2364
OG0001774	YGR198W	augustus_masked-NODE_58_length_55950_cov_24.9021_ID_115-processed-gene-0.63-mRNA-1_1&gene=augustus_masked-NODE_58_length_55950_cov_24.9021_ID_115-processed-gene-0.63&CDS=1-2313
OG0001775	YGR199W	snap_masked-NODE_58_length_55950_cov_24.9021_ID_115-processed-gene-0.40-mRNA-1_1&gene=snap_masked-NODE_58_length_55950_cov_24.9021_ID_115-processed-gene-0.40&CDS=1-2250
OG0001776	YGR200C	snap_masked-NODE_58_length_55950_cov_24.9021_ID_115-processed-gene-0.28-mRNA-1_1&gene=snap_masked-NODE_58_length_55950_cov_24.9021_ID_115-processed-gene-0.28&CDS=1-2367
OG0001777	YGR202C	maker-NODE_31_length_115296_cov_21.7371_ID_61-augustus-gene-0.2-mRNA-1_1&gene=maker-NODE_31_length_115296_cov_21.7371_ID_61-augustus-gene-0.2&CDS=1-1668
OG0001778	YGR205W	snap_masked-NODE_57_length_56142_cov_22.7723_ID_113-processed-gene-0.57-mRNA-1_1&gene=snap_masked-NODE_57_length_56142_cov_22.7723_ID_113-processed-gene-0.57&CDS=1-879
OG0001779	YGR206W	snap_masked-NODE_57_length_56142_cov_22.7723_ID_113-processed-gene-0.56-mRNA-1_1&gene=snap_masked-NODE_57_length_56142_cov_22.7723_ID_113-processed-gene-0.56&CDS=1-303
OG0001780	YGR207C	augustus_masked-NODE_57_length_56142_cov_22.7723_ID_113-processed-gene-0.67-mRNA-1_1&gene=augustus_masked-NODE_57_length_56142_cov_22.7723_ID_113-processed-gene-0.67&CDS=1-771
OG0001781	YGR208W	augustus_masked-NODE_57_length_56142_cov_22.7723_ID_113-processed-gene-0.79-mRNA-1_1&gene=augustus_masked-NODE_57_length_56142_cov_22.7723_ID_113-processed-gene-0.79&CDS=1-933
OG0001782	YGR210C	augustus_masked-NODE_57_length_56142_cov_22.7723_ID_113-processed-gene-0.66-mRNA-1_1&gene=augustus_masked-NODE_57_length_56142_cov_22.7723_ID_113-processed-gene-0.66&CDS=1-1491
OG0001783	YGR211W	snap_masked-NODE_57_length_56142_cov_22.7723_ID_113-processed-gene-0.53-mRNA-1_1&gene=snap_masked-NODE_57_length_56142_cov_22.7723_ID_113-processed-gene-0.53&CDS=1-1437
OG0001784	YGR212W	snap_masked-NODE_57_length_56142_cov_22.7723_ID_113-processed-gene-0.52-mRNA-1_1&gene=snap_masked-NODE_57_length_56142_cov_22.7723_ID_113-processed-gene-0.52&CDS=1-1389
OG0001785	YGR215W	snap_masked-NODE_57_length_56142_cov_22.7723_ID_113-processed-gene-0.50-mRNA-1_1&gene=snap_masked-NODE_57_length_56142_cov_22.7723_ID_113-processed-gene-0.50&CDS=1-315
OG0001786	YGR216C	augustus_masked-NODE_57_length_56142_cov_22.7723_ID_113-processed-gene-0.62-mRNA-1_1&gene=augustus_masked-NODE_57_length_56142_cov_22.7723_ID_113-processed-gene-0.62&CDS=1-1821
OG0001787	YGR217W	augustus_masked-NODE_57_length_56142_cov_22.7723_ID_113-processed-gene-0.74-mRNA-1_1&gene=augustus_masked-NODE_57_length_56142_cov_22.7723_ID_113-processed-gene-0.74&CDS=1-6072
OG0001788	YGR218W	snap_masked-NODE_57_length_56142_cov_22.7723_ID_113-processed-gene-0.35-mRNA-1_1&gene=snap_masked-NODE_57_length_56142_cov_22.7723_ID_113-processed-gene-0.35&CDS=1-3252
OG0001789	YGR220C	snap_masked-NODE_57_length_56142_cov_22.7723_ID_113-processed-gene-0.46-mRNA-1_1&gene=snap_masked-NODE_57_length_56142_cov_22.7723_ID_113-processed-gene-0.46&CDS=1-786
OG0001790	YGR222W	snap_masked-NODE_57_length_56142_cov_22.7723_ID_113-processed-gene-0.45-mRNA-1_1&gene=snap_masked-NODE_57_length_56142_cov_22.7723_ID_113-processed-gene-0.45&CDS=1-738
OG0001791	YGR223C	snap_masked-NODE_57_length_56142_cov_22.7723_ID_113-processed-gene-0.34-mRNA-1_1&gene=snap_masked-NODE_57_length_56142_cov_22.7723_ID_113-processed-gene-0.34&CDS=1-972
OG0001792	YGR225W	maker-NODE_57_length_56142_cov_22.7723_ID_113-snap-gene-0.31-mRNA-1_1&gene=maker-NODE_57_length_56142_cov_22.7723_ID_113-snap-gene-0.31&CDS=1-1509
OG0001793	YGR227W	snap_masked-NODE_57_length_56142_cov_22.7723_ID_113-processed-gene-0.43-mRNA-1_1&gene=snap_masked-NODE_57_length_56142_cov_22.7723_ID_113-processed-gene-0.43&CDS=1-1587
OG0001794	YGR229C	snap_masked-NODE_57_length_56142_cov_22.7723_ID_113-processed-gene-0.33-mRNA-1_1&gene=snap_masked-NODE_57_length_56142_cov_22.7723_ID_113-processed-gene-0.33&CDS=1-1713
OG0001795	YGR230W	snap_masked-NODE_31_length_115296_cov_21.7371_ID_61-processed-gene-0.117-mRNA-1_1&gene=snap_masked-NODE_31_length_115296_cov_21.7371_ID_61-processed-gene-0.117&CDS=1-348
OG0001796	YGR231C	snap_masked-NODE_67_length_41826_cov_24.5933_ID_133-processed-gene-0.48-mRNA-1_1&gene=snap_masked-NODE_67_length_41826_cov_24.5933_ID_133-processed-gene-0.48&CDS=1-924
OG0001797	YGR232W	snap_masked-NODE_67_length_41826_cov_24.5933_ID_133-processed-gene-0.39-mRNA-1_1&gene=snap_masked-NODE_67_length_41826_cov_24.5933_ID_133-processed-gene-0.39&CDS=1-690
OG0001798	YGR233C	snap_masked-NODE_67_length_41826_cov_24.5933_ID_133-processed-gene-0.49-mRNA-1_1&gene=snap_masked-NODE_67_length_41826_cov_24.5933_ID_133-processed-gene-0.49&CDS=1-3483
OG0001799	YGR234W	augustus_masked-NODE_67_length_41826_cov_24.5933_ID_133-processed-gene-0.22-mRNA-1_1&gene=augustus_masked-NODE_67_length_41826_cov_24.5933_ID_133-processed-gene-0.22&CDS=1-1203
OG0001800	YGR235C	snap_masked-NODE_67_length_41826_cov_24.5933_ID_133-processed-gene-0.50-mRNA-1_1&gene=snap_masked-NODE_67_length_41826_cov_24.5933_ID_133-processed-gene-0.50&CDS=1-531
OG0001801	YGR236C	snap_masked-NODE_67_length_41826_cov_24.5933_ID_133-processed-gene-0.51-mRNA-1_1&gene=snap_masked-NODE_67_length_41826_cov_24.5933_ID_133-processed-gene-0.51&CDS=1-258
OG0001802	YGR237C	snap_masked-NODE_67_length_41826_cov_24.5933_ID_133-processed-gene-0.52-mRNA-1_1&gene=snap_masked-NODE_67_length_41826_cov_24.5933_ID_133-processed-gene-0.52&CDS=1-2154
OG0001803	YGR239C	snap_masked-NODE_8_length_292075_cov_22.5245_ID_15-processed-gene-1.163-mRNA-1_1&gene=snap_masked-NODE_8_length_292075_cov_22.5245_ID_15-processed-gene-1.163&CDS=1-819
OG0001804	YGR240C	augustus_masked-NODE_8_length_292075_cov_22.5245_ID_15-processed-gene-1.72-mRNA-1_1&gene=augustus_masked-NODE_8_length_292075_cov_22.5245_ID_15-processed-gene-1.72&CDS=1-2943
OG0001805	YGR245C	augustus_masked-NODE_8_length_292075_cov_22.5245_ID_15-processed-gene-1.74-mRNA-1_1&gene=augustus_masked-NODE_8_length_292075_cov_22.5245_ID_15-processed-gene-1.74&CDS=1-3543
OG0001806	YGR246C	snap_masked-NODE_31_length_115296_cov_21.7371_ID_61-processed-gene-0.82-mRNA-1_1&gene=snap_masked-NODE_31_length_115296_cov_21.7371_ID_61-processed-gene-0.82&CDS=1-1827
OG0001807	YGR247W	snap_masked-NODE_8_length_292075_cov_22.5245_ID_15-processed-gene-1.126-mRNA-1_1&gene=snap_masked-NODE_8_length_292075_cov_22.5245_ID_15-processed-gene-1.126&CDS=1-639
OG0001808	YGR249W	augustus_masked-NODE_8_length_292075_cov_22.5245_ID_15-processed-gene-1.40-mRNA-1_1&gene=augustus_masked-NODE_8_length_292075_cov_22.5245_ID_15-processed-gene-1.40&CDS=1-1338
OG0001809	YGR250C	augustus_masked-NODE_8_length_292075_cov_22.5245_ID_15-processed-gene-1.75-mRNA-1_1&gene=augustus_masked-NODE_8_length_292075_cov_22.5245_ID_15-processed-gene-1.75&CDS=1-1794
OG0001810	YGR251W	snap_masked-NODE_8_length_292075_cov_22.5245_ID_15-processed-gene-1.170-mRNA-1_1&gene=snap_masked-NODE_8_length_292075_cov_22.5245_ID_15-processed-gene-1.170&CDS=1-537
OG0001811	YGR253C	snap_masked-NODE_8_length_292075_cov_22.5245_ID_15-processed-gene-1.128-mRNA-1_1&gene=snap_masked-NODE_8_length_292075_cov_22.5245_ID_15-processed-gene-1.128&CDS=1-783
OG0001812	YGR255C	augustus_masked-NODE_53_length_65259_cov_21.5352_ID_105-processed-gene-0.85-mRNA-1_1&gene=augustus_masked-NODE_53_length_65259_cov_21.5352_ID_105-processed-gene-0.85&CDS=1-1668
OG0001813	YGR257C	snap_masked-NODE_8_length_292075_cov_22.5245_ID_15-processed-gene-1.173-mRNA-1_1&gene=snap_masked-NODE_8_length_292075_cov_22.5245_ID_15-processed-gene-1.173&CDS=1-1035
OG0001814	YGR258C	maker-NODE_8_length_292075_cov_22.5245_ID_15-snap-gene-1.10-mRNA-1_1&gene=maker-NODE_8_length_292075_cov_22.5245_ID_15-snap-gene-1.10&CDS=1-2601
OG0001815	YGR260W	snap_masked-NODE_8_length_292075_cov_22.5245_ID_15-processed-gene-1.129-mRNA-1_1&gene=snap_masked-NODE_8_length_292075_cov_22.5245_ID_15-processed-gene-1.129&CDS=1-1605
OG0001816	YGR261C	maker-NODE_8_length_292075_cov_22.5245_ID_15-snap-gene-1.11-mRNA-1_1&gene=maker-NODE_8_length_292075_cov_22.5245_ID_15-snap-gene-1.11&CDS=1-3234
OG0001817	YGR264C	snap_masked-NODE_35_length_106366_cov_23.7165_ID_69-processed-gene-0.40-mRNA-1_1&gene=snap_masked-NODE_35_length_106366_cov_23.7165_ID_69-processed-gene-0.40&CDS=1-2238
OG0001818	YGR266W	snap_masked-NODE_8_length_292075_cov_22.5245_ID_15-processed-gene-1.130-mRNA-1_1&gene=snap_masked-NODE_8_length_292075_cov_22.5245_ID_15-processed-gene-1.130&CDS=1-2112
OG0001819	YGR267C	snap_masked-NODE_8_length_292075_cov_22.5245_ID_15-processed-gene-1.176-mRNA-1_1&gene=snap_masked-NODE_8_length_292075_cov_22.5245_ID_15-processed-gene-1.176&CDS=1-723
OG0001820	YGR268C	snap_masked-NODE_8_length_292075_cov_22.5245_ID_15-processed-gene-1.177-mRNA-1_1&gene=snap_masked-NODE_8_length_292075_cov_22.5245_ID_15-processed-gene-1.177&CDS=1-684
OG0001821	YGR270W	augustus_masked-NODE_8_length_292075_cov_22.5245_ID_15-processed-gene-1.45-mRNA-1_1&gene=augustus_masked-NODE_8_length_292075_cov_22.5245_ID_15-processed-gene-1.45&CDS=1-4041
OG0001822	YGR271C-A	snap_masked-NODE_8_length_292075_cov_22.5245_ID_15-processed-gene-1.178-mRNA-1_1&gene=snap_masked-NODE_8_length_292075_cov_22.5245_ID_15-processed-gene-1.178&CDS=1-699
OG0001823	YGR271W	augustus_masked-NODE_8_length_292075_cov_22.5245_ID_15-processed-gene-1.46-mRNA-1_1&gene=augustus_masked-NODE_8_length_292075_cov_22.5245_ID_15-processed-gene-1.46&CDS=1-5871
OG0001824	YGR274C	snap_masked-NODE_46_length_84487_cov_23.4918_ID_91-processed-gene-0.57-mRNA-1_1&gene=snap_masked-NODE_46_length_84487_cov_23.4918_ID_91-processed-gene-0.57&CDS=1-3243
OG0001825	YGR275W	snap_masked-NODE_8_length_292075_cov_22.5245_ID_15-processed-gene-1.134-mRNA-1_1&gene=snap_masked-NODE_8_length_292075_cov_22.5245_ID_15-processed-gene-1.134&CDS=1-681
OG0001826	YGR276C	snap_masked-NODE_8_length_292075_cov_22.5245_ID_15-processed-gene-1.181-mRNA-1_1&gene=snap_masked-NODE_8_length_292075_cov_22.5245_ID_15-processed-gene-1.181&CDS=1-1974
OG0001827	YGR277C	snap_masked-NODE_8_length_292075_cov_22.5245_ID_15-processed-gene-1.182-mRNA-1_1&gene=snap_masked-NODE_8_length_292075_cov_22.5245_ID_15-processed-gene-1.182&CDS=1-897
OG0001828	YGR278W	snap_masked-NODE_8_length_292075_cov_22.5245_ID_15-processed-gene-1.135-mRNA-1_1&gene=snap_masked-NODE_8_length_292075_cov_22.5245_ID_15-processed-gene-1.135&CDS=1-1767
OG0001829	YGR280C	snap_masked-NODE_8_length_292075_cov_22.5245_ID_15-processed-gene-1.184-mRNA-1_1&gene=snap_masked-NODE_8_length_292075_cov_22.5245_ID_15-processed-gene-1.184&CDS=1-765
OG0001830	YGR281W	snap_masked-NODE_8_length_292075_cov_22.5245_ID_15-processed-gene-1.137-mRNA-1_1&gene=snap_masked-NODE_8_length_292075_cov_22.5245_ID_15-processed-gene-1.137&CDS=1-4350
OG0001831	YGR282C	snap_masked-NODE_8_length_292075_cov_22.5245_ID_15-processed-gene-1.185-mRNA-1_1&gene=snap_masked-NODE_8_length_292075_cov_22.5245_ID_15-processed-gene-1.185&CDS=1-933
OG0001832	YGR284C	snap_masked-NODE_8_length_292075_cov_22.5245_ID_15-processed-gene-1.186-mRNA-1_1&gene=snap_masked-NODE_8_length_292075_cov_22.5245_ID_15-processed-gene-1.186&CDS=1-915
OG0001833	YGR285C	snap_masked-NODE_46_length_84487_cov_23.4918_ID_91-processed-gene-0.68-mRNA-1_1&gene=snap_masked-NODE_46_length_84487_cov_23.4918_ID_91-processed-gene-0.68&CDS=1-1296
OG0001834	YHL002W	snap_masked-NODE_40_length_94096_cov_21.267_ID_79-processed-gene-0.84-mRNA-1_1&gene=snap_masked-NODE_40_length_94096_cov_21.267_ID_79-processed-gene-0.84&CDS=1-1344
OG0001835	YHL004W	snap_masked-NODE_4_length_372424_cov_21.2575_ID_7-processed-gene-2.219-mRNA-1_1&gene=snap_masked-NODE_4_length_372424_cov_21.2575_ID_7-processed-gene-2.219&CDS=1-1176
OG0001836	YHL006C	augustus_masked-NODE_4_length_372424_cov_21.2575_ID_7-processed-gene-2.171-mRNA-1_1&gene=augustus_masked-NODE_4_length_372424_cov_21.2575_ID_7-processed-gene-2.171&CDS=1-483
OG0001837	YHL007C	snap_masked-NODE_4_length_372424_cov_21.2575_ID_7-processed-gene-2.260-mRNA-1_1&gene=snap_masked-NODE_4_length_372424_cov_21.2575_ID_7-processed-gene-2.260&CDS=1-2751
OG0001838	YHL008C	snap_masked-NODE_62_length_47433_cov_19.885_ID_123-processed-gene-0.44-mRNA-1_1&gene=snap_masked-NODE_62_length_47433_cov_19.885_ID_123-processed-gene-0.44&CDS=1-2226
OG0001839	YHL009C	snap_masked-NODE_62_length_47433_cov_19.885_ID_123-processed-gene-0.24-mRNA-1_1&gene=snap_masked-NODE_62_length_47433_cov_19.885_ID_123-processed-gene-0.24&CDS=1-1059
OG0001840	YHL010C	snap_masked-NODE_62_length_47433_cov_19.885_ID_123-processed-gene-0.25-mRNA-1_1&gene=snap_masked-NODE_62_length_47433_cov_19.885_ID_123-processed-gene-0.25&CDS=1-1665
OG0001841	YHL013C	snap_masked-NODE_62_length_47433_cov_19.885_ID_123-processed-gene-0.27-mRNA-1_1&gene=snap_masked-NODE_62_length_47433_cov_19.885_ID_123-processed-gene-0.27&CDS=1-867
OG0001842	YHL015W	snap_masked-NODE_62_length_47433_cov_19.885_ID_123-processed-gene-0.46-mRNA-1_1&gene=snap_masked-NODE_62_length_47433_cov_19.885_ID_123-processed-gene-0.46&CDS=1-357
OG0001843	YHL016C	maker-NODE_62_length_47433_cov_19.885_ID_123-snap-gene-0.51-mRNA-1_1&gene=maker-NODE_62_length_47433_cov_19.885_ID_123-snap-gene-0.51&CDS=1-2889
OG0001844	YHL018W	snap_masked-NODE_62_length_47433_cov_19.885_ID_123-processed-gene-0.47-mRNA-1_1&gene=snap_masked-NODE_62_length_47433_cov_19.885_ID_123-processed-gene-0.47&CDS=1-318
OG0001845	YHL019C	augustus_masked-NODE_62_length_47433_cov_19.885_ID_123-processed-gene-0.6-mRNA-1_1&gene=augustus_masked-NODE_62_length_47433_cov_19.885_ID_123-processed-gene-0.6&CDS=1-2754
OG0001846	YHL022C	snap_masked-NODE_34_length_108161_cov_25.3038_ID_67-processed-gene-0.147-mRNA-1_1&gene=snap_masked-NODE_34_length_108161_cov_25.3038_ID_67-processed-gene-0.147&CDS=1-1047
OG0001847	YHL023C	snap_masked-NODE_23_length_135800_cov_19.7169_ID_45-processed-gene-0.28-mRNA-1_1&gene=snap_masked-NODE_23_length_135800_cov_19.7169_ID_45-processed-gene-0.28&CDS=1-2508
OG0001848	YHL024W	maker-NODE_25_length_134608_cov_22.6927_ID_49-snap-gene-0.1-mRNA-1_1&gene=maker-NODE_25_length_134608_cov_22.6927_ID_49-snap-gene-0.1&CDS=1-1704
OG0001849	YHL025W	snap_masked-NODE_23_length_135800_cov_19.7169_ID_45-processed-gene-0.58-mRNA-1_1&gene=snap_masked-NODE_23_length_135800_cov_19.7169_ID_45-processed-gene-0.58&CDS=1-1101
OG0001850	YHL027W	augustus_masked-NODE_23_length_135800_cov_19.7169_ID_45-processed-gene-0.112-mRNA-1_1&gene=augustus_masked-NODE_23_length_135800_cov_19.7169_ID_45-processed-gene-0.112&CDS=1-1389
OG0001851	YHL029C	snap_masked-NODE_23_length_135800_cov_19.7169_ID_45-processed-gene-0.30-mRNA-1_1&gene=snap_masked-NODE_23_length_135800_cov_19.7169_ID_45-processed-gene-0.30&CDS=1-1932
OG0001852	YHL030W	genemark-NODE_23_length_135800_cov_19.7169_ID_45-processed-gene-0.167-mRNA-1_1&gene=genemark-NODE_23_length_135800_cov_19.7169_ID_45-processed-gene-0.167&CDS=1-5580
OG0001853	YHL031C	augustus_masked-NODE_23_length_135800_cov_19.7169_ID_45-processed-gene-0.83-mRNA-1_1&gene=augustus_masked-NODE_23_length_135800_cov_19.7169_ID_45-processed-gene-0.83&CDS=1-657
OG0001854	YHL032C	snap_masked-NODE_23_length_135800_cov_19.7169_ID_45-processed-gene-0.31-mRNA-1_1&gene=snap_masked-NODE_23_length_135800_cov_19.7169_ID_45-processed-gene-0.31&CDS=1-2016
OG0001855	YHL034C	snap_masked-NODE_23_length_135800_cov_19.7169_ID_45-processed-gene-0.33-mRNA-1_1&gene=snap_masked-NODE_23_length_135800_cov_19.7169_ID_45-processed-gene-0.33&CDS=1-789
OG0001856	YHL039W	snap_masked-NODE_23_length_135800_cov_19.7169_ID_45-processed-gene-0.62-mRNA-1_1&gene=snap_masked-NODE_23_length_135800_cov_19.7169_ID_45-processed-gene-0.62&CDS=1-1743
OG0001857	YHL040C	snap_masked-NODE_23_length_135800_cov_19.7169_ID_45-processed-gene-0.34-mRNA-1_1&gene=snap_masked-NODE_23_length_135800_cov_19.7169_ID_45-processed-gene-0.34&CDS=1-1902
OG0001858	YHR001W-A	snap_masked-NODE_40_length_94096_cov_21.267_ID_79-processed-gene-0.98-mRNA-1_1&gene=snap_masked-NODE_40_length_94096_cov_21.267_ID_79-processed-gene-0.98&CDS=1-237
OG0001859	YHR002W	snap_masked-NODE_73_length_29830_cov_23.0513_ID_145-processed-gene-0.16-mRNA-1_1&gene=snap_masked-NODE_73_length_29830_cov_23.0513_ID_145-processed-gene-0.16&CDS=1-1068
OG0001860	YHR004C	snap_masked-NODE_73_length_29830_cov_23.0513_ID_145-processed-gene-0.20-mRNA-1_1&gene=snap_masked-NODE_73_length_29830_cov_23.0513_ID_145-processed-gene-0.20&CDS=1-903
OG0001861	YHR005C	snap_masked-NODE_27_length_129316_cov_23.4348_ID_53-processed-gene-0.82-mRNA-1_1&gene=snap_masked-NODE_27_length_129316_cov_23.4348_ID_53-processed-gene-0.82&CDS=1-1404
OG0001862	YHR007C	snap_masked-NODE_14_length_224486_cov_20.7905_ID_27-processed-gene-1.154-mRNA-1_1&gene=snap_masked-NODE_14_length_224486_cov_20.7905_ID_27-processed-gene-1.154&CDS=1-1551
OG0001863	YHR008C	snap_masked-NODE_14_length_224486_cov_20.7905_ID_27-processed-gene-1.155-mRNA-1_1&gene=snap_masked-NODE_14_length_224486_cov_20.7905_ID_27-processed-gene-1.155&CDS=1-708
OG0001864	YHR009C	augustus_masked-NODE_14_length_224486_cov_20.7905_ID_27-processed-gene-1.227-mRNA-1_1&gene=augustus_masked-NODE_14_length_224486_cov_20.7905_ID_27-processed-gene-1.227&CDS=1-1281
OG0001865	YHR011W	augustus_masked-NODE_14_length_224486_cov_20.7905_ID_27-processed-gene-1.192-mRNA-1_1&gene=augustus_masked-NODE_14_length_224486_cov_20.7905_ID_27-processed-gene-1.192&CDS=1-2373
OG0001866	YHR013C	snap_masked-NODE_14_length_224486_cov_20.7905_ID_27-processed-gene-1.157-mRNA-1_1&gene=snap_masked-NODE_14_length_224486_cov_20.7905_ID_27-processed-gene-1.157&CDS=1-717
OG0001867	YHR017W	snap_masked-NODE_1_length_611906_cov_21.093_ID_1-processed-gene-3.86-mRNA-1_1&gene=snap_masked-NODE_1_length_611906_cov_21.093_ID_1-processed-gene-3.86&CDS=1-1155
OG0001868	YHR020W	snap_masked-NODE_1_length_611906_cov_21.093_ID_1-processed-gene-3.85-mRNA-1_1&gene=snap_masked-NODE_1_length_611906_cov_21.093_ID_1-processed-gene-3.85&CDS=1-2013
OG0001869	YHR022C	snap_masked-NODE_60_length_50222_cov_21.0961_ID_119-processed-gene-0.48-mRNA-1_1&gene=snap_masked-NODE_60_length_50222_cov_21.0961_ID_119-processed-gene-0.48&CDS=1-1032
OG0001870	YHR023W	snap_masked-NODE_60_length_50222_cov_21.0961_ID_119-processed-gene-0.34-mRNA-1_1&gene=snap_masked-NODE_60_length_50222_cov_21.0961_ID_119-processed-gene-0.34&CDS=1-5652
OG0001871	YHR024C	snap_masked-NODE_60_length_50222_cov_21.0961_ID_119-processed-gene-0.49-mRNA-1_1&gene=snap_masked-NODE_60_length_50222_cov_21.0961_ID_119-processed-gene-0.49&CDS=1-1413
OG0001872	YHR025W	snap_masked-NODE_60_length_50222_cov_21.0961_ID_119-processed-gene-0.35-mRNA-1_1&gene=snap_masked-NODE_60_length_50222_cov_21.0961_ID_119-processed-gene-0.35&CDS=1-1080
OG0001873	YHR026W	snap_masked-NODE_60_length_50222_cov_21.0961_ID_119-processed-gene-0.36-mRNA-1_1&gene=snap_masked-NODE_60_length_50222_cov_21.0961_ID_119-processed-gene-0.36&CDS=1-654
OG0001874	YHR027C	snap_masked-NODE_60_length_50222_cov_21.0961_ID_119-processed-gene-0.50-mRNA-1_1&gene=snap_masked-NODE_60_length_50222_cov_21.0961_ID_119-processed-gene-0.50&CDS=1-2961
OG0001875	YHR028C	snap_masked-NODE_45_length_86374_cov_21.9482_ID_89-processed-gene-0.110-mRNA-1_1&gene=snap_masked-NODE_45_length_86374_cov_21.9482_ID_89-processed-gene-0.110&CDS=1-2535
OG0001876	YHR029C	snap_masked-NODE_45_length_86374_cov_21.9482_ID_89-processed-gene-0.111-mRNA-1_1&gene=snap_masked-NODE_45_length_86374_cov_21.9482_ID_89-processed-gene-0.111&CDS=1-873
OG0001877	YHR030C	snap_masked-NODE_45_length_86374_cov_21.9482_ID_89-processed-gene-0.112-mRNA-1_1&gene=snap_masked-NODE_45_length_86374_cov_21.9482_ID_89-processed-gene-0.112&CDS=1-1437
OG0001878	YHR032W	augustus_masked-NODE_48_length_80761_cov_21.8578_ID_95-processed-gene-0.108-mRNA-1_1&gene=augustus_masked-NODE_48_length_80761_cov_21.8578_ID_95-processed-gene-0.108&CDS=1-1887
OG0001879	YHR034C	snap_masked-NODE_48_length_80761_cov_21.8578_ID_95-processed-gene-0.71-mRNA-1_1&gene=snap_masked-NODE_48_length_80761_cov_21.8578_ID_95-processed-gene-0.71&CDS=1-888
OG0001880	YHR036W	snap_masked-NODE_48_length_80761_cov_21.8578_ID_95-processed-gene-0.90-mRNA-1_1&gene=snap_masked-NODE_48_length_80761_cov_21.8578_ID_95-processed-gene-0.90&CDS=1-1101
OG0001881	YHR037W	snap_masked-NODE_22_length_167286_cov_23.0006_ID_43-processed-gene-0.113-mRNA-1_1&gene=snap_masked-NODE_22_length_167286_cov_23.0006_ID_43-processed-gene-0.113&CDS=1-1725
OG0001882	YHR038W	snap_masked-NODE_48_length_80761_cov_21.8578_ID_95-processed-gene-0.89-mRNA-1_1&gene=snap_masked-NODE_48_length_80761_cov_21.8578_ID_95-processed-gene-0.89&CDS=1-657
OG0001883	YHR039C	augustus_masked-NODE_48_length_80761_cov_21.8578_ID_95-processed-gene-0.116-mRNA-1_1&gene=augustus_masked-NODE_48_length_80761_cov_21.8578_ID_95-processed-gene-0.116&CDS=1-2892
OG0001884	YHR045W	snap_masked-NODE_48_length_80761_cov_21.8578_ID_95-processed-gene-0.84-mRNA-1_1&gene=snap_masked-NODE_48_length_80761_cov_21.8578_ID_95-processed-gene-0.84&CDS=1-1671
OG0001885	YHR046C	snap_masked-NODE_48_length_80761_cov_21.8578_ID_95-processed-gene-0.63-mRNA-1_1&gene=snap_masked-NODE_48_length_80761_cov_21.8578_ID_95-processed-gene-0.63&CDS=1-885
OG0001886	YHR048W	snap_masked-NODE_48_length_80761_cov_21.8578_ID_95-processed-gene-0.83-mRNA-1_1&gene=snap_masked-NODE_48_length_80761_cov_21.8578_ID_95-processed-gene-0.83&CDS=1-1470
OG0001887	YHR049W	snap_masked-NODE_48_length_80761_cov_21.8578_ID_95-processed-gene-0.82-mRNA-1_1&gene=snap_masked-NODE_48_length_80761_cov_21.8578_ID_95-processed-gene-0.82&CDS=1-714
OG0001888	YHR050W	maker-NODE_48_length_80761_cov_21.8578_ID_95-snap-gene-0.56-mRNA-1_1&gene=maker-NODE_48_length_80761_cov_21.8578_ID_95-snap-gene-0.56&CDS=1-2169
OG0001889	YHR052W	snap_masked-NODE_48_length_80761_cov_21.8578_ID_95-processed-gene-0.80-mRNA-1_1&gene=snap_masked-NODE_48_length_80761_cov_21.8578_ID_95-processed-gene-0.80&CDS=1-1185
OG0001890	YHR058C	snap_masked-NODE_48_length_80761_cov_21.8578_ID_95-processed-gene-0.94-mRNA-1_1&gene=snap_masked-NODE_48_length_80761_cov_21.8578_ID_95-processed-gene-0.94&CDS=1-879
OG0001891	YHR059W	snap_masked-NODE_48_length_80761_cov_21.8578_ID_95-processed-gene-0.73-mRNA-1_1&gene=snap_masked-NODE_48_length_80761_cov_21.8578_ID_95-processed-gene-0.73&CDS=1-360
OG0001892	YHR060W	snap_masked-NODE_44_length_88190_cov_24.0211_ID_87-processed-gene-0.17-mRNA-1_1&gene=snap_masked-NODE_44_length_88190_cov_24.0211_ID_87-processed-gene-0.17&CDS=1-528
OG0001893	YHR062C	snap_masked-NODE_48_length_80761_cov_21.8578_ID_95-processed-gene-0.96-mRNA-1_1&gene=snap_masked-NODE_48_length_80761_cov_21.8578_ID_95-processed-gene-0.96&CDS=1-867
OG0001894	YHR064C	snap_masked-NODE_48_length_80761_cov_21.8578_ID_95-processed-gene-0.101-mRNA-1_1&gene=snap_masked-NODE_48_length_80761_cov_21.8578_ID_95-processed-gene-0.101&CDS=1-1611
OG0001895	YHR065C	snap_masked-NODE_48_length_80761_cov_21.8578_ID_95-processed-gene-0.102-mRNA-1_1&gene=snap_masked-NODE_48_length_80761_cov_21.8578_ID_95-processed-gene-0.102&CDS=1-1479
OG0001896	YHR067W	snap_masked-NODE_48_length_80761_cov_21.8578_ID_95-processed-gene-0.75-mRNA-1_1&gene=snap_masked-NODE_48_length_80761_cov_21.8578_ID_95-processed-gene-0.75&CDS=1-798
OG0001897	YHR068W	snap_masked-NODE_6_length_297843_cov_20.8202_ID_11-processed-gene-1.141-mRNA-1_1&gene=snap_masked-NODE_6_length_297843_cov_20.8202_ID_11-processed-gene-1.141&CDS=1-1167
OG0001898	YHR069C	snap_masked-NODE_48_length_80761_cov_21.8578_ID_95-processed-gene-0.104-mRNA-1_1&gene=snap_masked-NODE_48_length_80761_cov_21.8578_ID_95-processed-gene-0.104&CDS=1-1107
OG0001899	YHR070W	augustus_masked-NODE_6_length_297843_cov_20.8202_ID_11-processed-gene-1.47-mRNA-1_1&gene=augustus_masked-NODE_6_length_297843_cov_20.8202_ID_11-processed-gene-1.47&CDS=1-1491
OG0001900	YHR071W	snap_masked-NODE_6_length_297843_cov_20.8202_ID_11-processed-gene-1.144-mRNA-1_1&gene=snap_masked-NODE_6_length_297843_cov_20.8202_ID_11-processed-gene-1.144&CDS=1-693
OG0001901	YHR072W	maker-NODE_43_length_88681_cov_21.4846_ID_85-augustus-gene-0.4-mRNA-1_1&gene=maker-NODE_43_length_88681_cov_21.4846_ID_85-augustus-gene-0.4&CDS=1-4959
OG0001902	YHR072W-A	snap_masked-NODE_4_length_372424_cov_21.2575_ID_7-processed-gene-2.251-mRNA-1_1&gene=snap_masked-NODE_4_length_372424_cov_21.2575_ID_7-processed-gene-2.251&CDS=1-189
OG0001903	YHR074W	snap_masked-NODE_43_length_88681_cov_21.4846_ID_85-processed-gene-0.43-mRNA-1_1&gene=snap_masked-NODE_43_length_88681_cov_21.4846_ID_85-processed-gene-0.43&CDS=1-2142
OG0001904	YHR075C	snap_masked-NODE_43_length_88681_cov_21.4846_ID_85-processed-gene-0.63-mRNA-1_1&gene=snap_masked-NODE_43_length_88681_cov_21.4846_ID_85-processed-gene-0.63&CDS=1-1128
OG0001905	YHR076W	snap_masked-NODE_43_length_88681_cov_21.4846_ID_85-processed-gene-0.44-mRNA-1_1&gene=snap_masked-NODE_43_length_88681_cov_21.4846_ID_85-processed-gene-0.44&CDS=1-1137
OG0001906	YHR077C	augustus_masked-NODE_43_length_88681_cov_21.4846_ID_85-processed-gene-0.28-mRNA-1_1&gene=augustus_masked-NODE_43_length_88681_cov_21.4846_ID_85-processed-gene-0.28&CDS=1-3150
OG0001907	YHR078W	snap_masked-NODE_43_length_88681_cov_21.4846_ID_85-processed-gene-0.45-mRNA-1_1&gene=snap_masked-NODE_43_length_88681_cov_21.4846_ID_85-processed-gene-0.45&CDS=1-1437
OG0001908	YHR081W	snap_masked-NODE_43_length_88681_cov_21.4846_ID_85-processed-gene-0.46-mRNA-1_1&gene=snap_masked-NODE_43_length_88681_cov_21.4846_ID_85-processed-gene-0.46&CDS=1-507
OG0001909	YHR082C	snap_masked-NODE_43_length_88681_cov_21.4846_ID_85-processed-gene-0.68-mRNA-1_1&gene=snap_masked-NODE_43_length_88681_cov_21.4846_ID_85-processed-gene-0.68&CDS=1-2838
OG0001910	YHR085W	augustus_masked-NODE_4_length_372424_cov_21.2575_ID_7-processed-gene-2.157-mRNA-1_1&gene=augustus_masked-NODE_4_length_372424_cov_21.2575_ID_7-processed-gene-2.157&CDS=1-978
OG0001911	YHR086W	snap_masked-NODE_43_length_88681_cov_21.4846_ID_85-processed-gene-0.48-mRNA-1_1&gene=snap_masked-NODE_43_length_88681_cov_21.4846_ID_85-processed-gene-0.48&CDS=1-1278
OG0001912	YHR088W	maker-NODE_43_length_88681_cov_21.4846_ID_85-augustus-gene-0.5-mRNA-1_1&gene=maker-NODE_43_length_88681_cov_21.4846_ID_85-augustus-gene-0.5&CDS=1-1194
OG0001913	YHR089C	maker-NODE_43_length_88681_cov_21.4846_ID_85-augustus-gene-0.9-mRNA-1_1&gene=maker-NODE_43_length_88681_cov_21.4846_ID_85-augustus-gene-0.9&CDS=1-1356
OG0001914	YHR098C	snap_masked-NODE_43_length_88681_cov_21.4846_ID_85-processed-gene-0.74-mRNA-1_1&gene=snap_masked-NODE_43_length_88681_cov_21.4846_ID_85-processed-gene-0.74&CDS=1-2856
OG0001915	YHR099W	snap_masked-NODE_4_length_372424_cov_21.2575_ID_7-processed-gene-2.239-mRNA-1_1&gene=snap_masked-NODE_4_length_372424_cov_21.2575_ID_7-processed-gene-2.239&CDS=1-11190
OG0001916	YHR100C	snap_masked-NODE_43_length_88681_cov_21.4846_ID_85-processed-gene-0.75-mRNA-1_1&gene=snap_masked-NODE_43_length_88681_cov_21.4846_ID_85-processed-gene-0.75&CDS=1-555
OG0001917	YHR101C	snap_masked-NODE_43_length_88681_cov_21.4846_ID_85-processed-gene-0.76-mRNA-1_1&gene=snap_masked-NODE_43_length_88681_cov_21.4846_ID_85-processed-gene-0.76&CDS=1-951
OG0001918	YHR102W	snap_masked-NODE_43_length_88681_cov_21.4846_ID_85-processed-gene-0.52-mRNA-1_1&gene=snap_masked-NODE_43_length_88681_cov_21.4846_ID_85-processed-gene-0.52&CDS=1-3129
OG0001919	YHR103W	snap_masked-NODE_43_length_88681_cov_21.4846_ID_85-processed-gene-0.53-mRNA-1_1&gene=snap_masked-NODE_43_length_88681_cov_21.4846_ID_85-processed-gene-0.53&CDS=1-2568
OG0001920	YHR104W	snap_masked-NODE_39_length_94383_cov_19.9911_ID_77-processed-gene-0.14-mRNA-1_1&gene=snap_masked-NODE_39_length_94383_cov_19.9911_ID_77-processed-gene-0.14&CDS=1-978
OG0001921	YHR105W	augustus_masked-NODE_43_length_88681_cov_21.4846_ID_85-processed-gene-0.21-mRNA-1_1&gene=augustus_masked-NODE_43_length_88681_cov_21.4846_ID_85-processed-gene-0.21&CDS=1-624
OG0001922	YHR107C	snap_masked-NODE_43_length_88681_cov_21.4846_ID_85-processed-gene-0.77-mRNA-1_1&gene=snap_masked-NODE_43_length_88681_cov_21.4846_ID_85-processed-gene-0.77&CDS=1-1215
OG0001923	YHR108W	snap_masked-NODE_4_length_372424_cov_21.2575_ID_7-processed-gene-2.236-mRNA-1_1&gene=snap_masked-NODE_4_length_372424_cov_21.2575_ID_7-processed-gene-2.236&CDS=1-1719
OG0001924	YHR111W	snap_masked-NODE_4_length_372424_cov_21.2575_ID_7-processed-gene-2.235-mRNA-1_1&gene=snap_masked-NODE_4_length_372424_cov_21.2575_ID_7-processed-gene-2.235&CDS=1-1314
OG0001925	YHR112C	snap_masked-NODE_4_length_372424_cov_21.2575_ID_7-processed-gene-2.190-mRNA-1_1&gene=snap_masked-NODE_4_length_372424_cov_21.2575_ID_7-processed-gene-2.190&CDS=1-1176
OG0001926	YHR114W	snap_masked-NODE_42_length_89786_cov_21.7221_ID_83-processed-gene-0.78-mRNA-1_1&gene=snap_masked-NODE_42_length_89786_cov_21.7221_ID_83-processed-gene-0.78&CDS=1-1845
OG0001927	YHR115C	snap_masked-NODE_42_length_89786_cov_21.7221_ID_83-processed-gene-0.53-mRNA-1_1&gene=snap_masked-NODE_42_length_89786_cov_21.7221_ID_83-processed-gene-0.53&CDS=1-1479
OG0001928	YHR116W	augustus_masked-NODE_42_length_89786_cov_21.7221_ID_83-processed-gene-0.28-mRNA-1_1&gene=augustus_masked-NODE_42_length_89786_cov_21.7221_ID_83-processed-gene-0.28&CDS=1-345
OG0001929	YHR118C	augustus_masked-NODE_42_length_89786_cov_21.7221_ID_83-processed-gene-0.5-mRNA-1_1&gene=augustus_masked-NODE_42_length_89786_cov_21.7221_ID_83-processed-gene-0.5&CDS=1-1263
OG0001930	YHR120W	augustus_masked-NODE_42_length_89786_cov_21.7221_ID_83-processed-gene-0.26-mRNA-1_1&gene=augustus_masked-NODE_42_length_89786_cov_21.7221_ID_83-processed-gene-0.26&CDS=1-5955
OG0001931	YHR121W	snap_masked-NODE_9_length_289189_cov_21.4249_ID_17-processed-gene-0.83-mRNA-1_1&gene=snap_masked-NODE_9_length_289189_cov_21.4249_ID_17-processed-gene-0.83&CDS=1-561
OG0001932	YHR124W	augustus_masked-NODE_69_length_35753_cov_21.4616_ID_137-processed-gene-0.25-mRNA-1_1&gene=augustus_masked-NODE_69_length_35753_cov_21.4616_ID_137-processed-gene-0.25&CDS=1-1770
OG0001933	YHR127W	snap_masked-NODE_69_length_35753_cov_21.4616_ID_137-processed-gene-0.2-mRNA-1_1&gene=snap_masked-NODE_69_length_35753_cov_21.4616_ID_137-processed-gene-0.2&CDS=1-780
OG0001934	YHR132C	snap_masked-NODE_69_length_35753_cov_21.4616_ID_137-processed-gene-0.17-mRNA-1_1&gene=snap_masked-NODE_69_length_35753_cov_21.4616_ID_137-processed-gene-0.17&CDS=1-1323
OG0001935	YHR132W-A	snap_masked-NODE_69_length_35753_cov_21.4616_ID_137-processed-gene-0.5-mRNA-1_1&gene=snap_masked-NODE_69_length_35753_cov_21.4616_ID_137-processed-gene-0.5&CDS=1-417
OG0001936	YHR134W	snap_masked-NODE_69_length_35753_cov_21.4616_ID_137-processed-gene-0.6-mRNA-1_1&gene=snap_masked-NODE_69_length_35753_cov_21.4616_ID_137-processed-gene-0.6&CDS=1-816
OG0001937	YHR137W	snap_masked-NODE_69_length_35753_cov_21.4616_ID_137-processed-gene-0.7-mRNA-1_1&gene=snap_masked-NODE_69_length_35753_cov_21.4616_ID_137-processed-gene-0.7&CDS=1-1581
OG0001938	YHR138C	snap_masked-NODE_69_length_35753_cov_21.4616_ID_137-processed-gene-0.21-mRNA-1_1&gene=snap_masked-NODE_69_length_35753_cov_21.4616_ID_137-processed-gene-0.21&CDS=1-264
OG0001939	YHR140W	snap_masked-NODE_69_length_35753_cov_21.4616_ID_137-processed-gene-0.8-mRNA-1_1&gene=snap_masked-NODE_69_length_35753_cov_21.4616_ID_137-processed-gene-0.8&CDS=1-720
OG0001940	YHR142W	snap_masked-NODE_69_length_35753_cov_21.4616_ID_137-processed-gene-0.9-mRNA-1_1&gene=snap_masked-NODE_69_length_35753_cov_21.4616_ID_137-processed-gene-0.9&CDS=1-924
OG0001941	YHR143W	snap_masked-NODE_69_length_35753_cov_21.4616_ID_137-processed-gene-0.10-mRNA-1_1&gene=snap_masked-NODE_69_length_35753_cov_21.4616_ID_137-processed-gene-0.10&CDS=1-675
OG0001942	YHR143W-A	snap_masked-NODE_69_length_35753_cov_21.4616_ID_137-processed-gene-0.11-mRNA-1_1&gene=snap_masked-NODE_69_length_35753_cov_21.4616_ID_137-processed-gene-0.11&CDS=1-210
OG0001943	YHR144C	snap_masked-NODE_69_length_35753_cov_21.4616_ID_137-processed-gene-0.24-mRNA-1_1&gene=snap_masked-NODE_69_length_35753_cov_21.4616_ID_137-processed-gene-0.24&CDS=1-954
OG0001944	YHR146W	snap_masked-NODE_69_length_35753_cov_21.4616_ID_137-processed-gene-0.12-mRNA-1_1&gene=snap_masked-NODE_69_length_35753_cov_21.4616_ID_137-processed-gene-0.12&CDS=1-798
OG0001945	YHR147C	snap_masked-NODE_31_length_115296_cov_21.7371_ID_61-processed-gene-0.88-mRNA-1_1&gene=snap_masked-NODE_31_length_115296_cov_21.7371_ID_61-processed-gene-0.88&CDS=1-648
OG0001946	YHR148W	snap_masked-NODE_31_length_115296_cov_21.7371_ID_61-processed-gene-0.119-mRNA-1_1&gene=snap_masked-NODE_31_length_115296_cov_21.7371_ID_61-processed-gene-0.119&CDS=1-549
OG0001947	YHR149C	snap_masked-NODE_31_length_115296_cov_21.7371_ID_61-processed-gene-0.87-mRNA-1_1&gene=snap_masked-NODE_31_length_115296_cov_21.7371_ID_61-processed-gene-0.87&CDS=1-2028
OG0001948	YHR150W	snap_masked-NODE_31_length_115296_cov_21.7371_ID_61-processed-gene-0.118-mRNA-1_1&gene=snap_masked-NODE_31_length_115296_cov_21.7371_ID_61-processed-gene-0.118&CDS=1-1530
OG0001949	YHR151C	snap_masked-NODE_31_length_115296_cov_21.7371_ID_61-processed-gene-0.86-mRNA-1_1&gene=snap_masked-NODE_31_length_115296_cov_21.7371_ID_61-processed-gene-0.86&CDS=1-1488
OG0001950	YHR153C	augustus_masked-NODE_31_length_115296_cov_21.7371_ID_61-processed-gene-0.31-mRNA-1_1&gene=augustus_masked-NODE_31_length_115296_cov_21.7371_ID_61-processed-gene-0.31&CDS=1-453
OG0001951	YHR158C	snap_masked-NODE_8_length_292075_cov_22.5245_ID_15-processed-gene-1.162-mRNA-1_1&gene=snap_masked-NODE_8_length_292075_cov_22.5245_ID_15-processed-gene-1.162&CDS=1-3075
OG0001952	YHR159W	augustus_masked-NODE_31_length_115296_cov_21.7371_ID_61-processed-gene-0.58-mRNA-1_1&gene=augustus_masked-NODE_31_length_115296_cov_21.7371_ID_61-processed-gene-0.58&CDS=1-1542
OG0001953	YHR163W	snap_masked-NODE_31_length_115296_cov_21.7371_ID_61-processed-gene-0.112-mRNA-1_1&gene=snap_masked-NODE_31_length_115296_cov_21.7371_ID_61-processed-gene-0.112&CDS=1-741
OG0001954	YHR164C	snap_masked-NODE_31_length_115296_cov_21.7371_ID_61-processed-gene-0.81-mRNA-1_1&gene=snap_masked-NODE_31_length_115296_cov_21.7371_ID_61-processed-gene-0.81&CDS=1-4413
OG0001955	YHR165C	snap_masked-NODE_31_length_115296_cov_21.7371_ID_61-processed-gene-0.79-mRNA-1_1&gene=snap_masked-NODE_31_length_115296_cov_21.7371_ID_61-processed-gene-0.79&CDS=1-9090
OG0001956	YHR167W	snap_masked-NODE_31_length_115296_cov_21.7371_ID_61-processed-gene-0.111-mRNA-1_1&gene=snap_masked-NODE_31_length_115296_cov_21.7371_ID_61-processed-gene-0.111&CDS=1-780
OG0001957	YHR169W	snap_masked-NODE_8_length_292075_cov_22.5245_ID_15-processed-gene-1.172-mRNA-1_1&gene=snap_masked-NODE_8_length_292075_cov_22.5245_ID_15-processed-gene-1.172&CDS=1-1287
OG0001958	YHR170W	maker-NODE_8_length_292075_cov_22.5245_ID_15-snap-gene-1.9-mRNA-1_1&gene=maker-NODE_8_length_292075_cov_22.5245_ID_15-snap-gene-1.9&CDS=1-2868
OG0001959	YHR176W	maker-NODE_31_length_115296_cov_21.7371_ID_61-snap-gene-0.11-mRNA-1_1&gene=maker-NODE_31_length_115296_cov_21.7371_ID_61-snap-gene-0.11&CDS=1-1683
OG0001960	YHR178W	snap_masked-NODE_31_length_115296_cov_21.7371_ID_61-processed-gene-0.106-mRNA-1_1&gene=snap_masked-NODE_31_length_115296_cov_21.7371_ID_61-processed-gene-0.106&CDS=1-2238
OG0001961	YHR181W	snap_masked-NODE_35_length_106366_cov_23.7165_ID_69-processed-gene-0.11-mRNA-1_1&gene=snap_masked-NODE_35_length_106366_cov_23.7165_ID_69-processed-gene-0.11&CDS=1-681
OG0001962	YHR182W	snap_masked-NODE_35_length_106366_cov_23.7165_ID_69-processed-gene-0.12-mRNA-1_1&gene=snap_masked-NODE_35_length_106366_cov_23.7165_ID_69-processed-gene-0.12&CDS=1-2301
OG0001963	YHR183W	augustus_masked-NODE_8_length_292075_cov_22.5245_ID_15-processed-gene-1.42-mRNA-1_1&gene=augustus_masked-NODE_8_length_292075_cov_22.5245_ID_15-processed-gene-1.42&CDS=1-1476
OG0001964	YHR184W	augustus_masked-NODE_35_length_106366_cov_23.7165_ID_69-processed-gene-0.64-mRNA-1_1&gene=augustus_masked-NODE_35_length_106366_cov_23.7165_ID_69-processed-gene-0.64&CDS=1-1623
OG0001965	YHR185C	augustus_masked-NODE_35_length_106366_cov_23.7165_ID_69-processed-gene-0.85-mRNA-1_1&gene=augustus_masked-NODE_35_length_106366_cov_23.7165_ID_69-processed-gene-0.85&CDS=1-759
OG0001966	YHR186C	snap_masked-NODE_35_length_106366_cov_23.7165_ID_69-processed-gene-0.38-mRNA-1_1&gene=snap_masked-NODE_35_length_106366_cov_23.7165_ID_69-processed-gene-0.38&CDS=1-4668
OG0001967	YHR187W	snap_masked-NODE_35_length_106366_cov_23.7165_ID_69-processed-gene-0.14-mRNA-1_1&gene=snap_masked-NODE_35_length_106366_cov_23.7165_ID_69-processed-gene-0.14&CDS=1-954
OG0001968	YHR188C	snap_masked-NODE_35_length_106366_cov_23.7165_ID_69-processed-gene-0.39-mRNA-1_1&gene=snap_masked-NODE_35_length_106366_cov_23.7165_ID_69-processed-gene-0.39&CDS=1-1998
OG0001969	YHR189W	augustus_masked-NODE_7_length_294517_cov_21.9556_ID_13-processed-gene-0.42-mRNA-1_1&gene=augustus_masked-NODE_7_length_294517_cov_21.9556_ID_13-processed-gene-0.42&CDS=1-570
OG0001970	YHR191C	snap_masked-NODE_10_length_278180_cov_22.5073_ID_19-processed-gene-1.177-mRNA-1_1&gene=snap_masked-NODE_10_length_278180_cov_22.5073_ID_19-processed-gene-1.177&CDS=1-387
OG0001971	YHR192W	snap_masked-NODE_10_length_278180_cov_22.5073_ID_19-processed-gene-1.125-mRNA-1_1&gene=snap_masked-NODE_10_length_278180_cov_22.5073_ID_19-processed-gene-1.125&CDS=1-720
OG0001972	YHR193C	snap_masked-NODE_10_length_278180_cov_22.5073_ID_19-processed-gene-1.178-mRNA-1_1&gene=snap_masked-NODE_10_length_278180_cov_22.5073_ID_19-processed-gene-1.178&CDS=1-513
OG0001973	YHR194W	augustus_masked-NODE_10_length_278180_cov_22.5073_ID_19-processed-gene-1.35-mRNA-1_1&gene=augustus_masked-NODE_10_length_278180_cov_22.5073_ID_19-processed-gene-1.35&CDS=1-1491
OG0001974	YHR197W	snap_masked-NODE_10_length_278180_cov_22.5073_ID_19-processed-gene-1.128-mRNA-1_1&gene=snap_masked-NODE_10_length_278180_cov_22.5073_ID_19-processed-gene-1.128&CDS=1-2292
OG0001975	YHR199C	snap_masked-NODE_10_length_278180_cov_22.5073_ID_19-processed-gene-1.179-mRNA-1_1&gene=snap_masked-NODE_10_length_278180_cov_22.5073_ID_19-processed-gene-1.179&CDS=1-912
OG0001976	YHR200W	snap_masked-NODE_10_length_278180_cov_22.5073_ID_19-processed-gene-1.129-mRNA-1_1&gene=snap_masked-NODE_10_length_278180_cov_22.5073_ID_19-processed-gene-1.129&CDS=1-768
OG0001977	YHR201C	snap_masked-NODE_10_length_278180_cov_22.5073_ID_19-processed-gene-1.182-mRNA-1_1&gene=snap_masked-NODE_10_length_278180_cov_22.5073_ID_19-processed-gene-1.182&CDS=1-1173
OG0001978	YHR202W	snap_masked-NODE_10_length_278180_cov_22.5073_ID_19-processed-gene-1.131-mRNA-1_1&gene=snap_masked-NODE_10_length_278180_cov_22.5073_ID_19-processed-gene-1.131&CDS=1-1779
OG0001979	YHR204W	snap_masked-NODE_10_length_278180_cov_22.5073_ID_19-processed-gene-1.132-mRNA-1_1&gene=snap_masked-NODE_10_length_278180_cov_22.5073_ID_19-processed-gene-1.132&CDS=1-2298
OG0001980	YHR205W	genemark-NODE_10_length_278180_cov_22.5073_ID_19-processed-gene-1.244-mRNA-1_1&gene=genemark-NODE_10_length_278180_cov_22.5073_ID_19-processed-gene-1.244&CDS=1-2310
OG0001981	YHR206W	snap_masked-NODE_10_length_278180_cov_22.5073_ID_19-processed-gene-1.135-mRNA-1_1&gene=snap_masked-NODE_10_length_278180_cov_22.5073_ID_19-processed-gene-1.135&CDS=1-1812
OG0001982	YHR207C	augustus_masked-NODE_10_length_278180_cov_22.5073_ID_19-processed-gene-1.89-mRNA-1_1&gene=augustus_masked-NODE_10_length_278180_cov_22.5073_ID_19-processed-gene-1.89&CDS=1-1461
OG0001983	YIL001W	snap_masked-NODE_5_length_371082_cov_21.955_ID_9-processed-gene-2.54-mRNA-1_1&gene=snap_masked-NODE_5_length_371082_cov_21.955_ID_9-processed-gene-2.54&CDS=1-1533
OG0001984	YIL002C	snap_masked-NODE_20_length_173093_cov_21.6662_ID_39-processed-gene-0.128-mRNA-1_1&gene=snap_masked-NODE_20_length_173093_cov_21.6662_ID_39-processed-gene-0.128&CDS=1-2835
OG0001985	YIL003W	snap_masked-NODE_18_length_183210_cov_20.8765_ID_35-processed-gene-0.188-mRNA-1_1&gene=snap_masked-NODE_18_length_183210_cov_20.8765_ID_35-processed-gene-0.188&CDS=1-846
OG0001986	YIL004C	snap_masked-NODE_20_length_173093_cov_21.6662_ID_39-processed-gene-0.129-mRNA-1_1&gene=snap_masked-NODE_20_length_173093_cov_21.6662_ID_39-processed-gene-0.129&CDS=1-411
OG0001987	YIL005W	maker-NODE_20_length_173093_cov_21.6662_ID_39-augustus-gene-0.285-mRNA-1_1&gene=maker-NODE_20_length_173093_cov_21.6662_ID_39-augustus-gene-0.285&CDS=1-3000
OG0001988	YIL007C	snap_masked-NODE_20_length_173093_cov_21.6662_ID_39-processed-gene-0.130-mRNA-1_1&gene=snap_masked-NODE_20_length_173093_cov_21.6662_ID_39-processed-gene-0.130&CDS=1-684
OG0001989	YIL008W	snap_masked-NODE_18_length_183210_cov_20.8765_ID_35-processed-gene-0.194-mRNA-1_1&gene=snap_masked-NODE_18_length_183210_cov_20.8765_ID_35-processed-gene-0.194&CDS=1-297
OG0001990	YIL010W	snap_masked-NODE_5_length_371082_cov_21.955_ID_9-processed-gene-2.50-mRNA-1_1&gene=snap_masked-NODE_5_length_371082_cov_21.955_ID_9-processed-gene-2.50&CDS=1-615
OG0001991	YIL011W	snap_masked-NODE_5_length_371082_cov_21.955_ID_9-processed-gene-2.49-mRNA-1_1&gene=snap_masked-NODE_5_length_371082_cov_21.955_ID_9-processed-gene-2.49&CDS=1-732
OG0001992	YIL013C	snap_masked-NODE_5_length_371082_cov_21.955_ID_9-processed-gene-2.82-mRNA-1_1&gene=snap_masked-NODE_5_length_371082_cov_21.955_ID_9-processed-gene-2.82&CDS=1-4152
OG0001993	YIL015W	snap_masked-NODE_24_length_134792_cov_22.0422_ID_47-processed-gene-0.45-mRNA-1_1&gene=snap_masked-NODE_24_length_134792_cov_22.0422_ID_47-processed-gene-0.45&CDS=1-1278
OG0001994	YIL016W	snap_masked-NODE_24_length_134792_cov_22.0422_ID_47-processed-gene-0.46-mRNA-1_1&gene=snap_masked-NODE_24_length_134792_cov_22.0422_ID_47-processed-gene-0.46&CDS=1-453
OG0001995	YIL017C	augustus_masked-NODE_24_length_134792_cov_22.0422_ID_47-processed-gene-0.85-mRNA-1_1&gene=augustus_masked-NODE_24_length_134792_cov_22.0422_ID_47-processed-gene-0.85&CDS=1-2613
OG0001996	YIL019W	augustus_masked-NODE_18_length_183210_cov_20.8765_ID_35-processed-gene-0.39-mRNA-1_1&gene=augustus_masked-NODE_18_length_183210_cov_20.8765_ID_35-processed-gene-0.39&CDS=1-1068
OG0001997	YIL020C	snap_masked-NODE_24_length_134792_cov_22.0422_ID_47-processed-gene-0.21-mRNA-1_1&gene=snap_masked-NODE_24_length_134792_cov_22.0422_ID_47-processed-gene-0.21&CDS=1-792
OG0001998	YIL021W	snap_masked-NODE_24_length_134792_cov_22.0422_ID_47-processed-gene-0.48-mRNA-1_1&gene=snap_masked-NODE_24_length_134792_cov_22.0422_ID_47-processed-gene-0.48&CDS=1-969
OG0001999	YIL022W	snap_masked-NODE_24_length_134792_cov_22.0422_ID_47-processed-gene-0.49-mRNA-1_1&gene=snap_masked-NODE_24_length_134792_cov_22.0422_ID_47-processed-gene-0.49&CDS=1-1329
OG0002000	YIL023C	snap_masked-NODE_24_length_134792_cov_22.0422_ID_47-processed-gene-0.24-mRNA-1_1&gene=snap_masked-NODE_24_length_134792_cov_22.0422_ID_47-processed-gene-0.24&CDS=1-1032
OG0002001	YIL026C	snap_masked-NODE_18_length_183210_cov_20.8765_ID_35-processed-gene-0.126-mRNA-1_1&gene=snap_masked-NODE_18_length_183210_cov_20.8765_ID_35-processed-gene-0.126&CDS=1-5031
OG0002002	YIL027C	snap_masked-NODE_24_length_134792_cov_22.0422_ID_47-processed-gene-0.53-mRNA-1_1&gene=snap_masked-NODE_24_length_134792_cov_22.0422_ID_47-processed-gene-0.53&CDS=1-405
OG0002003	YIL030C	snap_masked-NODE_24_length_134792_cov_22.0422_ID_47-processed-gene-0.50-mRNA-1_1&gene=snap_masked-NODE_24_length_134792_cov_22.0422_ID_47-processed-gene-0.50&CDS=1-3810
OG0002004	YIL031W	augustus_masked-NODE_24_length_134792_cov_22.0422_ID_47-processed-gene-0.87-mRNA-1_1&gene=augustus_masked-NODE_24_length_134792_cov_22.0422_ID_47-processed-gene-0.87&CDS=1-3177
OG0002005	YIL033C	snap_masked-NODE_24_length_134792_cov_22.0422_ID_47-processed-gene-0.54-mRNA-1_1&gene=snap_masked-NODE_24_length_134792_cov_22.0422_ID_47-processed-gene-0.54&CDS=1-1329
OG0002006	YIL035C	maker-NODE_24_length_134792_cov_22.0422_ID_47-snap-gene-0.133-mRNA-1_1&gene=maker-NODE_24_length_134792_cov_22.0422_ID_47-snap-gene-0.133&CDS=1-1974
OG0002007	YIL036W	augustus_masked-NODE_24_length_134792_cov_22.0422_ID_47-processed-gene-0.118-mRNA-1_1&gene=augustus_masked-NODE_24_length_134792_cov_22.0422_ID_47-processed-gene-0.118&CDS=1-1656
OG0002008	YIL038C	snap_masked-NODE_3_length_402036_cov_21.609_ID_5-processed-gene-1.72-mRNA-1_1&gene=snap_masked-NODE_3_length_402036_cov_21.609_ID_5-processed-gene-1.72&CDS=1-2544
OG0002009	YIL039W	snap_masked-NODE_3_length_402036_cov_21.609_ID_5-processed-gene-1.93-mRNA-1_1&gene=snap_masked-NODE_3_length_402036_cov_21.609_ID_5-processed-gene-1.93&CDS=1-1416
OG0002010	YIL041W	snap_masked-NODE_3_length_402036_cov_21.609_ID_5-processed-gene-1.96-mRNA-1_1&gene=snap_masked-NODE_3_length_402036_cov_21.609_ID_5-processed-gene-1.96&CDS=1-993
OG0002011	YIL042C	snap_masked-NODE_3_length_402036_cov_21.609_ID_5-processed-gene-1.73-mRNA-1_1&gene=snap_masked-NODE_3_length_402036_cov_21.609_ID_5-processed-gene-1.73&CDS=1-1278
OG0002012	YIL043C	maker-NODE_3_length_402036_cov_21.609_ID_5-augustus-gene-1.172-mRNA-1_1&gene=maker-NODE_3_length_402036_cov_21.609_ID_5-augustus-gene-1.172&CDS=1-1737
OG0002013	YIL044C	snap_masked-NODE_18_length_183210_cov_20.8765_ID_35-processed-gene-0.176-mRNA-1_1&gene=snap_masked-NODE_18_length_183210_cov_20.8765_ID_35-processed-gene-0.176&CDS=1-639
OG0002014	YIL046W	snap_masked-NODE_3_length_402036_cov_21.609_ID_5-processed-gene-1.98-mRNA-1_1&gene=snap_masked-NODE_3_length_402036_cov_21.609_ID_5-processed-gene-1.98&CDS=1-1836
OG0002015	YIL047C	snap_masked-NODE_3_length_402036_cov_21.609_ID_5-processed-gene-1.76-mRNA-1_1&gene=snap_masked-NODE_3_length_402036_cov_21.609_ID_5-processed-gene-1.76&CDS=1-2610
OG0002016	YIL048W	augustus_masked-NODE_3_length_402036_cov_21.609_ID_5-processed-gene-1.42-mRNA-1_1&gene=augustus_masked-NODE_3_length_402036_cov_21.609_ID_5-processed-gene-1.42&CDS=1-3429
OG0002017	YIL050W	snap_masked-NODE_18_length_183210_cov_20.8765_ID_35-processed-gene-0.173-mRNA-1_1&gene=snap_masked-NODE_18_length_183210_cov_20.8765_ID_35-processed-gene-0.173&CDS=1-1092
OG0002018	YIL051C	snap_masked-NODE_3_length_402036_cov_21.609_ID_5-processed-gene-1.77-mRNA-1_1&gene=snap_masked-NODE_3_length_402036_cov_21.609_ID_5-processed-gene-1.77&CDS=1-423
OG0002019	YIL055C	augustus_masked-NODE_3_length_402036_cov_21.609_ID_5-processed-gene-1.21-mRNA-1_1&gene=augustus_masked-NODE_3_length_402036_cov_21.609_ID_5-processed-gene-1.21&CDS=1-1392
OG0002020	YIL056W	augustus_masked-NODE_3_length_402036_cov_21.609_ID_5-processed-gene-1.45-mRNA-1_1&gene=augustus_masked-NODE_3_length_402036_cov_21.609_ID_5-processed-gene-1.45&CDS=1-1317
OG0002021	YIL057C	snap_masked-NODE_3_length_402036_cov_21.609_ID_5-processed-gene-1.81-mRNA-1_1&gene=snap_masked-NODE_3_length_402036_cov_21.609_ID_5-processed-gene-1.81&CDS=1-498
OG0002022	YIL061C	snap_masked-NODE_18_length_183210_cov_20.8765_ID_35-processed-gene-0.168-mRNA-1_1&gene=snap_masked-NODE_18_length_183210_cov_20.8765_ID_35-processed-gene-0.168&CDS=1-942
OG0002023	YIL062C	snap_masked-NODE_18_length_183210_cov_20.8765_ID_35-processed-gene-0.166-mRNA-1_1&gene=snap_masked-NODE_18_length_183210_cov_20.8765_ID_35-processed-gene-0.166&CDS=1-456
OG0002024	YIL063C	snap_masked-NODE_3_length_402036_cov_21.609_ID_5-processed-gene-1.82-mRNA-1_1&gene=snap_masked-NODE_3_length_402036_cov_21.609_ID_5-processed-gene-1.82&CDS=1-870
OG0002025	YIL064W	snap_masked-NODE_3_length_402036_cov_21.609_ID_5-processed-gene-1.103-mRNA-1_1&gene=snap_masked-NODE_3_length_402036_cov_21.609_ID_5-processed-gene-1.103&CDS=1-684
OG0002026	YIL065C	augustus_masked-NODE_3_length_402036_cov_21.609_ID_5-processed-gene-1.24-mRNA-1_1&gene=augustus_masked-NODE_3_length_402036_cov_21.609_ID_5-processed-gene-1.24&CDS=1-465
OG0002027	YIL067C	augustus_masked-NODE_4_length_372424_cov_21.2575_ID_7-processed-gene-1.71-mRNA-1_1&gene=augustus_masked-NODE_4_length_372424_cov_21.2575_ID_7-processed-gene-1.71&CDS=1-2028
OG0002028	YIL068C	snap_masked-NODE_18_length_183210_cov_20.8765_ID_35-processed-gene-0.164-mRNA-1_1&gene=snap_masked-NODE_18_length_183210_cov_20.8765_ID_35-processed-gene-0.164&CDS=1-2385
OG0002029	YIL070C	snap_masked-NODE_4_length_372424_cov_21.2575_ID_7-processed-gene-1.24-mRNA-1_1&gene=snap_masked-NODE_4_length_372424_cov_21.2575_ID_7-processed-gene-1.24&CDS=1-795
OG0002030	YIL071C	augustus_masked-NODE_4_length_372424_cov_21.2575_ID_7-processed-gene-1.68-mRNA-1_1&gene=augustus_masked-NODE_4_length_372424_cov_21.2575_ID_7-processed-gene-1.68&CDS=1-1263
OG0002031	YIL072W	snap_masked-NODE_4_length_372424_cov_21.2575_ID_7-processed-gene-1.6-mRNA-1_1&gene=snap_masked-NODE_4_length_372424_cov_21.2575_ID_7-processed-gene-1.6&CDS=1-1779
OG0002032	YIL073C	augustus_masked-NODE_4_length_372424_cov_21.2575_ID_7-processed-gene-1.66-mRNA-1_1&gene=augustus_masked-NODE_4_length_372424_cov_21.2575_ID_7-processed-gene-1.66&CDS=1-2967
OG0002033	YIL075C	maker-NODE_4_length_372424_cov_21.2575_ID_7-augustus-gene-1.94-mRNA-1_1&gene=maker-NODE_4_length_372424_cov_21.2575_ID_7-augustus-gene-1.94&CDS=1-4218
OG0002034	YIL076W	snap_masked-NODE_4_length_372424_cov_21.2575_ID_7-processed-gene-1.5-mRNA-1_1&gene=snap_masked-NODE_4_length_372424_cov_21.2575_ID_7-processed-gene-1.5&CDS=1-885
OG0002035	YIL077C	snap_masked-NODE_4_length_372424_cov_21.2575_ID_7-processed-gene-1.4-mRNA-1_1&gene=snap_masked-NODE_4_length_372424_cov_21.2575_ID_7-processed-gene-1.4&CDS=1-885
OG0002036	YIL087C	snap_masked-NODE_83_length_21755_cov_22.5093_ID_165-processed-gene-0.21-mRNA-1_1&gene=snap_masked-NODE_83_length_21755_cov_22.5093_ID_165-processed-gene-0.21&CDS=1-498
OG0002037	YIL088C	snap_masked-NODE_83_length_21755_cov_22.5093_ID_165-processed-gene-0.20-mRNA-1_1&gene=snap_masked-NODE_83_length_21755_cov_22.5093_ID_165-processed-gene-0.20&CDS=1-1413
OG0002038	YIL090W	genemark-NODE_83_length_21755_cov_22.5093_ID_165-processed-gene-0.2-mRNA-1_1&gene=genemark-NODE_83_length_21755_cov_22.5093_ID_165-processed-gene-0.2&CDS=1-1485
OG0002039	YIL091C	snap_masked-NODE_83_length_21755_cov_22.5093_ID_165-processed-gene-0.19-mRNA-1_1&gene=snap_masked-NODE_83_length_21755_cov_22.5093_ID_165-processed-gene-0.19&CDS=1-2139
OG0002040	YIL093C	snap_masked-NODE_83_length_21755_cov_22.5093_ID_165-processed-gene-0.18-mRNA-1_1&gene=snap_masked-NODE_83_length_21755_cov_22.5093_ID_165-processed-gene-0.18&CDS=1-786
OG0002041	YIL094C	snap_masked-NODE_83_length_21755_cov_22.5093_ID_165-processed-gene-0.17-mRNA-1_1&gene=snap_masked-NODE_83_length_21755_cov_22.5093_ID_165-processed-gene-0.17&CDS=1-1113
OG0002042	YIL096C	snap_masked-NODE_103_length_9510_cov_19.555_ID_205-processed-gene-0.7-mRNA-1_1&gene=snap_masked-NODE_103_length_9510_cov_19.555_ID_205-processed-gene-0.7&CDS=1-996
OG0002043	YIL097W	snap_masked-NODE_103_length_9510_cov_19.555_ID_205-processed-gene-0.10-mRNA-1_1&gene=snap_masked-NODE_103_length_9510_cov_19.555_ID_205-processed-gene-0.10&CDS=1-1449
OG0002044	YIL099W	snap_masked-NODE_36_length_103538_cov_22.3022_ID_71-processed-gene-0.119-mRNA-1_1&gene=snap_masked-NODE_36_length_103538_cov_22.3022_ID_71-processed-gene-0.119&CDS=1-1617
OG0002045	YIL101C	snap_masked-NODE_75_length_28403_cov_20.7601_ID_149-processed-gene-0.44-mRNA-1_1&gene=snap_masked-NODE_75_length_28403_cov_20.7601_ID_149-processed-gene-0.44&CDS=1-2139
OG0002046	YIL102C-A	snap_masked-NODE_60_length_50222_cov_21.0961_ID_119-processed-gene-0.33-mRNA-1_1&gene=snap_masked-NODE_60_length_50222_cov_21.0961_ID_119-processed-gene-0.33&CDS=1-243
OG0002047	YIL103W	snap_masked-NODE_75_length_28403_cov_20.7601_ID_149-processed-gene-0.35-mRNA-1_1&gene=snap_masked-NODE_75_length_28403_cov_20.7601_ID_149-processed-gene-0.35&CDS=1-1281
OG0002048	YIL105C	augustus_masked-NODE_75_length_28403_cov_20.7601_ID_149-processed-gene-0.26-mRNA-1_1&gene=augustus_masked-NODE_75_length_28403_cov_20.7601_ID_149-processed-gene-0.26&CDS=1-1746
OG0002049	YIL106W	snap_masked-NODE_1_length_611906_cov_21.093_ID_1-processed-gene-1.104-mRNA-1_1&gene=snap_masked-NODE_1_length_611906_cov_21.093_ID_1-processed-gene-1.104&CDS=1-903
OG0002050	YIL108W	snap_masked-NODE_1_length_611906_cov_21.093_ID_1-processed-gene-1.103-mRNA-1_1&gene=snap_masked-NODE_1_length_611906_cov_21.093_ID_1-processed-gene-1.103&CDS=1-2070
OG0002051	YIL110W	snap_masked-NODE_1_length_611906_cov_21.093_ID_1-processed-gene-1.102-mRNA-1_1&gene=snap_masked-NODE_1_length_611906_cov_21.093_ID_1-processed-gene-1.102&CDS=1-1080
OG0002052	YIL115C	augustus_masked-NODE_1_length_611906_cov_21.093_ID_1-processed-gene-1.76-mRNA-1_1&gene=augustus_masked-NODE_1_length_611906_cov_21.093_ID_1-processed-gene-1.76&CDS=1-4257
OG0002053	YIL116W	snap_masked-NODE_1_length_611906_cov_21.093_ID_1-processed-gene-1.100-mRNA-1_1&gene=snap_masked-NODE_1_length_611906_cov_21.093_ID_1-processed-gene-1.100&CDS=1-1149
OG0002054	YIL118W	snap_masked-NODE_1_length_611906_cov_21.093_ID_1-processed-gene-1.99-mRNA-1_1&gene=snap_masked-NODE_1_length_611906_cov_21.093_ID_1-processed-gene-1.99&CDS=1-669
OG0002055	YIL119C	augustus_masked-NODE_1_length_611906_cov_21.093_ID_1-processed-gene-1.75-mRNA-1_1&gene=augustus_masked-NODE_1_length_611906_cov_21.093_ID_1-processed-gene-1.75&CDS=1-1395
OG0002056	YIL122W	augustus_masked-NODE_1_length_611906_cov_21.093_ID_1-processed-gene-1.57-mRNA-1_1&gene=augustus_masked-NODE_1_length_611906_cov_21.093_ID_1-processed-gene-1.57&CDS=1-1050
OG0002057	YIL124W	snap_masked-NODE_1_length_611906_cov_21.093_ID_1-processed-gene-1.96-mRNA-1_1&gene=snap_masked-NODE_1_length_611906_cov_21.093_ID_1-processed-gene-1.96&CDS=1-879
OG0002058	YIL125W	snap_masked-NODE_1_length_611906_cov_21.093_ID_1-processed-gene-1.95-mRNA-1_1&gene=snap_masked-NODE_1_length_611906_cov_21.093_ID_1-processed-gene-1.95&CDS=1-3057
OG0002059	YIL127C	snap_masked-NODE_9_length_289189_cov_21.4249_ID_17-processed-gene-1.43-mRNA-1_1&gene=snap_masked-NODE_9_length_289189_cov_21.4249_ID_17-processed-gene-1.43&CDS=1-645
OG0002060	YIL128W	snap_masked-NODE_9_length_289189_cov_21.4249_ID_17-processed-gene-1.93-mRNA-1_1&gene=snap_masked-NODE_9_length_289189_cov_21.4249_ID_17-processed-gene-1.93&CDS=1-3117
OG0002061	YIL129C	snap_masked-NODE_1_length_611906_cov_21.093_ID_1-processed-gene-1.117-mRNA-1_1&gene=snap_masked-NODE_1_length_611906_cov_21.093_ID_1-processed-gene-1.117&CDS=1-7182
OG0002062	YIL130W	snap_masked-NODE_1_length_611906_cov_21.093_ID_1-processed-gene-1.93-mRNA-1_1&gene=snap_masked-NODE_1_length_611906_cov_21.093_ID_1-processed-gene-1.93&CDS=1-2649
OG0002063	YIL131C	maker-NODE_1_length_611906_cov_21.093_ID_1-snap-gene-1.41-mRNA-1_1&gene=maker-NODE_1_length_611906_cov_21.093_ID_1-snap-gene-1.41&CDS=1-1347
OG0002064	YIL132C	augustus_masked-NODE_1_length_611906_cov_21.093_ID_1-processed-gene-1.72-mRNA-1_1&gene=augustus_masked-NODE_1_length_611906_cov_21.093_ID_1-processed-gene-1.72&CDS=1-519
OG0002065	YIL134W	snap_masked-NODE_1_length_611906_cov_21.093_ID_1-processed-gene-1.92-mRNA-1_1&gene=snap_masked-NODE_1_length_611906_cov_21.093_ID_1-processed-gene-1.92&CDS=1-876
OG0002066	YIL135C	augustus_masked-NODE_1_length_611906_cov_21.093_ID_1-processed-gene-1.70-mRNA-1_1&gene=augustus_masked-NODE_1_length_611906_cov_21.093_ID_1-processed-gene-1.70&CDS=1-1083
OG0002067	YIL136W	augustus_masked-NODE_1_length_611906_cov_21.093_ID_1-processed-gene-1.50-mRNA-1_1&gene=augustus_masked-NODE_1_length_611906_cov_21.093_ID_1-processed-gene-1.50&CDS=1-825
OG0002068	YIL137C	augustus_masked-NODE_1_length_611906_cov_21.093_ID_1-processed-gene-1.69-mRNA-1_1&gene=augustus_masked-NODE_1_length_611906_cov_21.093_ID_1-processed-gene-1.69&CDS=1-3192
OG0002069	YIL139C	snap_masked-NODE_1_length_611906_cov_21.093_ID_1-processed-gene-1.109-mRNA-1_1&gene=snap_masked-NODE_1_length_611906_cov_21.093_ID_1-processed-gene-1.109&CDS=1-741
OG0002070	YIL142W	maker-NODE_1_length_611906_cov_21.093_ID_1-augustus-gene-1.43-mRNA-1_1&gene=maker-NODE_1_length_611906_cov_21.093_ID_1-augustus-gene-1.43&CDS=1-3966
OG0002071	YIL143C	snap_masked-NODE_47_length_83271_cov_23.0746_ID_93-processed-gene-0.72-mRNA-1_1&gene=snap_masked-NODE_47_length_83271_cov_23.0746_ID_93-processed-gene-0.72&CDS=1-2535
OG0002072	YIL144W	snap_masked-NODE_47_length_83271_cov_23.0746_ID_93-processed-gene-0.49-mRNA-1_1&gene=snap_masked-NODE_47_length_83271_cov_23.0746_ID_93-processed-gene-0.49&CDS=1-2007
OG0002073	YIL145C	augustus_masked-NODE_47_length_83271_cov_23.0746_ID_93-processed-gene-0.103-mRNA-1_1&gene=augustus_masked-NODE_47_length_83271_cov_23.0746_ID_93-processed-gene-0.103&CDS=1-918
OG0002074	YIL147C	snap_masked-NODE_47_length_83271_cov_23.0746_ID_93-processed-gene-0.69-mRNA-1_1&gene=snap_masked-NODE_47_length_83271_cov_23.0746_ID_93-processed-gene-0.69&CDS=1-4887
OG0002075	YIL150C	snap_masked-NODE_47_length_83271_cov_23.0746_ID_93-processed-gene-0.67-mRNA-1_1&gene=snap_masked-NODE_47_length_83271_cov_23.0746_ID_93-processed-gene-0.67&CDS=1-1782
OG0002076	YIL153W	genemark-NODE_47_length_83271_cov_23.0746_ID_93-processed-gene-0.13-mRNA-1_1&gene=genemark-NODE_47_length_83271_cov_23.0746_ID_93-processed-gene-0.13&CDS=1-1269
OG0002077	YIL154C	maker-NODE_47_length_83271_cov_23.0746_ID_93-snap-gene-0.2-mRNA-1_1&gene=maker-NODE_47_length_83271_cov_23.0746_ID_93-snap-gene-0.2&CDS=1-1119
OG0002078	YIL155C	snap_masked-NODE_47_length_83271_cov_23.0746_ID_93-processed-gene-0.65-mRNA-1_1&gene=snap_masked-NODE_47_length_83271_cov_23.0746_ID_93-processed-gene-0.65&CDS=1-1899
OG0002079	YIL156W	augustus_masked-NODE_47_length_83271_cov_23.0746_ID_93-processed-gene-0.82-mRNA-1_1&gene=augustus_masked-NODE_47_length_83271_cov_23.0746_ID_93-processed-gene-0.82&CDS=1-3570
OG0002080	YIL157C	snap_masked-NODE_47_length_83271_cov_23.0746_ID_93-processed-gene-0.64-mRNA-1_1&gene=snap_masked-NODE_47_length_83271_cov_23.0746_ID_93-processed-gene-0.64&CDS=1-549
OG0002081	YIL159W	snap_masked-NODE_47_length_83271_cov_23.0746_ID_93-processed-gene-0.44-mRNA-1_1&gene=snap_masked-NODE_47_length_83271_cov_23.0746_ID_93-processed-gene-0.44&CDS=1-4236
OG0002082	YIL160C	snap_masked-NODE_50_length_70364_cov_20.7158_ID_99-processed-gene-0.71-mRNA-1_1&gene=snap_masked-NODE_50_length_70364_cov_20.7158_ID_99-processed-gene-0.71&CDS=1-1224
OG0002083	YIL161W	augustus_masked-NODE_47_length_83271_cov_23.0746_ID_93-processed-gene-0.79-mRNA-1_1&gene=augustus_masked-NODE_47_length_83271_cov_23.0746_ID_93-processed-gene-0.79&CDS=1-585
OG0002084	YIR001C	snap_masked-NODE_5_length_371082_cov_21.955_ID_9-processed-gene-2.53-mRNA-1_1&gene=snap_masked-NODE_5_length_371082_cov_21.955_ID_9-processed-gene-2.53&CDS=1-441
OG0002085	YIR002C	snap_masked-NODE_20_length_173093_cov_21.6662_ID_39-processed-gene-0.181-mRNA-1_1&gene=snap_masked-NODE_20_length_173093_cov_21.6662_ID_39-processed-gene-0.181&CDS=1-2886
OG0002086	YIR003W	snap_masked-NODE_20_length_173093_cov_21.6662_ID_39-processed-gene-0.132-mRNA-1_1&gene=snap_masked-NODE_20_length_173093_cov_21.6662_ID_39-processed-gene-0.132&CDS=1-2112
OG0002087	YIR004W	snap_masked-NODE_2_length_515064_cov_21.8181_ID_3-processed-gene-3.88-mRNA-1_1&gene=snap_masked-NODE_2_length_515064_cov_21.8181_ID_3-processed-gene-3.88&CDS=1-1254
OG0002088	YIR005W	snap_masked-NODE_20_length_173093_cov_21.6662_ID_39-processed-gene-0.133-mRNA-1_1&gene=snap_masked-NODE_20_length_173093_cov_21.6662_ID_39-processed-gene-0.133&CDS=1-534
OG0002089	YIR006C	snap_masked-NODE_18_length_183210_cov_20.8765_ID_35-processed-gene-0.192-mRNA-1_1&gene=snap_masked-NODE_18_length_183210_cov_20.8765_ID_35-processed-gene-0.192&CDS=1-4041
OG0002090	YIR007W	snap_masked-NODE_20_length_173093_cov_21.6662_ID_39-processed-gene-0.134-mRNA-1_1&gene=snap_masked-NODE_20_length_173093_cov_21.6662_ID_39-processed-gene-0.134&CDS=1-2136
OG0002091	YIR008C	snap_masked-NODE_20_length_173093_cov_21.6662_ID_39-processed-gene-0.182-mRNA-1_1&gene=snap_masked-NODE_20_length_173093_cov_21.6662_ID_39-processed-gene-0.182&CDS=1-1149
OG0002092	YIR010W	augustus_masked-NODE_24_length_134792_cov_22.0422_ID_47-processed-gene-0.83-mRNA-1_1&gene=augustus_masked-NODE_24_length_134792_cov_22.0422_ID_47-processed-gene-0.83&CDS=1-1572
OG0002093	YIR011C	snap_masked-NODE_18_length_183210_cov_20.8765_ID_35-processed-gene-0.134-mRNA-1_1&gene=snap_masked-NODE_18_length_183210_cov_20.8765_ID_35-processed-gene-0.134&CDS=1-978
OG0002094	YIR012W	snap_masked-NODE_24_length_134792_cov_22.0422_ID_47-processed-gene-0.19-mRNA-1_1&gene=snap_masked-NODE_24_length_134792_cov_22.0422_ID_47-processed-gene-0.19&CDS=1-1317
OG0002095	YIR015W	snap_masked-NODE_1_length_611906_cov_21.093_ID_1-processed-gene-5.146-mRNA-1_1&gene=snap_masked-NODE_1_length_611906_cov_21.093_ID_1-processed-gene-5.146&CDS=1-453
OG0002096	YIR016W	augustus_masked-NODE_18_length_183210_cov_20.8765_ID_35-processed-gene-0.103-mRNA-1_1&gene=augustus_masked-NODE_18_length_183210_cov_20.8765_ID_35-processed-gene-0.103&CDS=1-2028
OG0002097	YIR018W	snap_masked-NODE_20_length_173093_cov_21.6662_ID_39-processed-gene-0.148-mRNA-1_1&gene=snap_masked-NODE_20_length_173093_cov_21.6662_ID_39-processed-gene-0.148&CDS=1-828
OG0002098	YIR023W	snap_masked-NODE_27_length_129316_cov_23.4348_ID_53-processed-gene-0.113-mRNA-1_1&gene=snap_masked-NODE_27_length_129316_cov_23.4348_ID_53-processed-gene-0.113&CDS=1-3105
OG0002099	YIR024C	augustus_masked-NODE_27_length_129316_cov_23.4348_ID_53-processed-gene-0.135-mRNA-1_1&gene=augustus_masked-NODE_27_length_129316_cov_23.4348_ID_53-processed-gene-0.135&CDS=1-681
OG0002100	YIR026C	snap_masked-NODE_27_length_129316_cov_23.4348_ID_53-processed-gene-0.77-mRNA-1_1&gene=snap_masked-NODE_27_length_129316_cov_23.4348_ID_53-processed-gene-0.77&CDS=1-1077
OG0002101	YIR029W	snap_masked-NODE_32_length_114782_cov_21.7396_ID_63-processed-gene-0.57-mRNA-1_1&gene=snap_masked-NODE_32_length_114782_cov_21.7396_ID_63-processed-gene-0.57&CDS=1-1002
OG0002102	YIR030C	snap_masked-NODE_32_length_114782_cov_21.7396_ID_63-processed-gene-0.60-mRNA-1_1&gene=snap_masked-NODE_32_length_114782_cov_21.7396_ID_63-processed-gene-0.60&CDS=1-744
OG0002103	YIR035C	snap_masked-NODE_65_length_46413_cov_20.6311_ID_129-processed-gene-0.27-mRNA-1_1&gene=snap_masked-NODE_65_length_46413_cov_20.6311_ID_129-processed-gene-0.27&CDS=1-762
OG0002104	YJL001W	maker-NODE_24_length_134792_cov_22.0422_ID_47-snap-gene-0.136-mRNA-1_1&gene=maker-NODE_24_length_134792_cov_22.0422_ID_47-snap-gene-0.136&CDS=1-648
OG0002105	YJL002C	snap_masked-NODE_24_length_134792_cov_22.0422_ID_47-processed-gene-0.5-mRNA-1_1&gene=snap_masked-NODE_24_length_134792_cov_22.0422_ID_47-processed-gene-0.5&CDS=1-1419
OG0002106	YJL003W	snap_masked-NODE_9_length_289189_cov_21.4249_ID_17-processed-gene-1.78-mRNA-1_1&gene=snap_masked-NODE_9_length_289189_cov_21.4249_ID_17-processed-gene-1.78&CDS=1-354
OG0002107	YJL005W	augustus_masked-NODE_9_length_289189_cov_21.4249_ID_17-processed-gene-1.175-mRNA-1_1&gene=augustus_masked-NODE_9_length_289189_cov_21.4249_ID_17-processed-gene-1.175&CDS=1-5769
OG0002108	YJL006C	genemark-NODE_9_length_289189_cov_21.4249_ID_17-processed-gene-1.267-mRNA-1_1&gene=genemark-NODE_9_length_289189_cov_21.4249_ID_17-processed-gene-1.267&CDS=1-966
OG0002109	YJL008C	augustus_masked-NODE_277_length_1008_cov_28.1358_ID_553-processed-gene-0.1-mRNA-1_1&gene=augustus_masked-NODE_277_length_1008_cov_28.1358_ID_553-processed-gene-0.1&CDS=1-996
OG0002110	YJL010C	augustus_masked-NODE_262_length_1100_cov_32.7118_ID_523-processed-gene-0.1-mRNA-1_1&gene=augustus_masked-NODE_262_length_1100_cov_32.7118_ID_523-processed-gene-0.1&CDS=1-1095
OG0002111	YJL011C	snap_masked-NODE_45_length_86374_cov_21.9482_ID_89-processed-gene-0.114-mRNA-1_1&gene=snap_masked-NODE_45_length_86374_cov_21.9482_ID_89-processed-gene-0.114&CDS=1-477
OG0002112	YJL012C	augustus_masked-NODE_45_length_86374_cov_21.9482_ID_89-processed-gene-0.77-mRNA-1_1&gene=augustus_masked-NODE_45_length_86374_cov_21.9482_ID_89-processed-gene-0.77&CDS=1-4251
OG0002113	YJL013C	augustus_masked-NODE_48_length_80761_cov_21.8578_ID_95-processed-gene-0.126-mRNA-1_1&gene=augustus_masked-NODE_48_length_80761_cov_21.8578_ID_95-processed-gene-0.126&CDS=1-1131
OG0002114	YJL014W	snap_masked-NODE_20_length_173093_cov_21.6662_ID_39-processed-gene-0.189-mRNA-1_1&gene=snap_masked-NODE_20_length_173093_cov_21.6662_ID_39-processed-gene-0.189&CDS=1-1587
OG0002115	YJL016W	augustus_masked-NODE_48_length_80761_cov_21.8578_ID_95-processed-gene-0.107-mRNA-1_1&gene=augustus_masked-NODE_48_length_80761_cov_21.8578_ID_95-processed-gene-0.107&CDS=1-1404
OG0002116	YJL019W	snap_masked-NODE_48_length_80761_cov_21.8578_ID_95-processed-gene-0.59-mRNA-1_1&gene=snap_masked-NODE_48_length_80761_cov_21.8578_ID_95-processed-gene-0.59&CDS=1-1971
OG0002117	YJL020C	snap_masked-NODE_48_length_80761_cov_21.8578_ID_95-processed-gene-0.78-mRNA-1_1&gene=snap_masked-NODE_48_length_80761_cov_21.8578_ID_95-processed-gene-0.78&CDS=1-2697
OG0002118	YJL023C	augustus_masked-NODE_48_length_80761_cov_21.8578_ID_95-processed-gene-0.124-mRNA-1_1&gene=augustus_masked-NODE_48_length_80761_cov_21.8578_ID_95-processed-gene-0.124&CDS=1-648
OG0002119	YJL024C	augustus_masked-NODE_9_length_289189_cov_21.4249_ID_17-processed-gene-1.194-mRNA-1_1&gene=augustus_masked-NODE_9_length_289189_cov_21.4249_ID_17-processed-gene-1.194&CDS=1-558
OG0002120	YJL025W	snap_masked-NODE_9_length_289189_cov_21.4249_ID_17-processed-gene-1.53-mRNA-1_1&gene=snap_masked-NODE_9_length_289189_cov_21.4249_ID_17-processed-gene-1.53&CDS=1-1566
OG0002121	YJL026W	snap_masked-NODE_9_length_289189_cov_21.4249_ID_17-processed-gene-1.52-mRNA-1_1&gene=snap_masked-NODE_9_length_289189_cov_21.4249_ID_17-processed-gene-1.52&CDS=1-1143
OG0002122	YJL029C	snap_masked-NODE_45_length_86374_cov_21.9482_ID_89-processed-gene-0.99-mRNA-1_1&gene=snap_masked-NODE_45_length_86374_cov_21.9482_ID_89-processed-gene-0.99&CDS=1-2337
OG0002123	YJL030W	snap_masked-NODE_9_length_289189_cov_21.4249_ID_17-processed-gene-1.75-mRNA-1_1&gene=snap_masked-NODE_9_length_289189_cov_21.4249_ID_17-processed-gene-1.75&CDS=1-585
OG0002124	YJL031C	genemark-NODE_9_length_289189_cov_21.4249_ID_17-processed-gene-1.223-mRNA-1_1&gene=genemark-NODE_9_length_289189_cov_21.4249_ID_17-processed-gene-1.223&CDS=1-753
OG0002125	YJL033W	snap_masked-NODE_45_length_86374_cov_21.9482_ID_89-processed-gene-0.84-mRNA-1_1&gene=snap_masked-NODE_45_length_86374_cov_21.9482_ID_89-processed-gene-0.84&CDS=1-2280
OG0002126	YJL034W	augustus_masked-NODE_45_length_86374_cov_21.9482_ID_89-processed-gene-0.47-mRNA-1_1&gene=augustus_masked-NODE_45_length_86374_cov_21.9482_ID_89-processed-gene-0.47&CDS=1-2043
OG0002127	YJL035C	augustus_masked-NODE_45_length_86374_cov_21.9482_ID_89-processed-gene-0.62-mRNA-1_1&gene=augustus_masked-NODE_45_length_86374_cov_21.9482_ID_89-processed-gene-0.62&CDS=1-624
OG0002128	YJL036W	snap_masked-NODE_45_length_86374_cov_21.9482_ID_89-processed-gene-0.82-mRNA-1_1&gene=snap_masked-NODE_45_length_86374_cov_21.9482_ID_89-processed-gene-0.82&CDS=1-1275
OG0002129	YJL039C	snap_masked-NODE_45_length_86374_cov_21.9482_ID_89-processed-gene-0.102-mRNA-1_1&gene=snap_masked-NODE_45_length_86374_cov_21.9482_ID_89-processed-gene-0.102&CDS=1-5052
OG0002130	YJL041W	snap_masked-NODE_85_length_20361_cov_19.8046_ID_169-processed-gene-0.12-mRNA-1_1&gene=snap_masked-NODE_85_length_20361_cov_19.8046_ID_169-processed-gene-0.12&CDS=1-2529
OG0002131	YJL042W	augustus_masked-NODE_85_length_20361_cov_19.8046_ID_169-processed-gene-0.21-mRNA-1_1&gene=augustus_masked-NODE_85_length_20361_cov_19.8046_ID_169-processed-gene-0.21&CDS=1-4023
OG0002132	YJL044C	augustus_masked-NODE_85_length_20361_cov_19.8046_ID_169-processed-gene-0.16-mRNA-1_1&gene=augustus_masked-NODE_85_length_20361_cov_19.8046_ID_169-processed-gene-0.16&CDS=1-1215
OG0002133	YJL046W	snap_masked-NODE_1_length_611906_cov_21.093_ID_1-processed-gene-3.62-mRNA-1_1&gene=snap_masked-NODE_1_length_611906_cov_21.093_ID_1-processed-gene-3.62&CDS=1-1221
OG0002134	YJL047C	snap_masked-NODE_1_length_611906_cov_21.093_ID_1-processed-gene-3.83-mRNA-1_1&gene=snap_masked-NODE_1_length_611906_cov_21.093_ID_1-processed-gene-3.83&CDS=1-2358
OG0002135	YJL049W	snap_masked-NODE_1_length_611906_cov_21.093_ID_1-processed-gene-3.61-mRNA-1_1&gene=snap_masked-NODE_1_length_611906_cov_21.093_ID_1-processed-gene-3.61&CDS=1-1329
OG0002136	YJL050W	snap_masked-NODE_1_length_611906_cov_21.093_ID_1-processed-gene-3.58-mRNA-1_1&gene=snap_masked-NODE_1_length_611906_cov_21.093_ID_1-processed-gene-3.58&CDS=1-3183
OG0002137	YJL051W	snap_masked-NODE_1_length_611906_cov_21.093_ID_1-processed-gene-3.57-mRNA-1_1&gene=snap_masked-NODE_1_length_611906_cov_21.093_ID_1-processed-gene-3.57&CDS=1-2277
OG0002138	YJL053W	snap_masked-NODE_1_length_611906_cov_21.093_ID_1-processed-gene-3.56-mRNA-1_1&gene=snap_masked-NODE_1_length_611906_cov_21.093_ID_1-processed-gene-3.56&CDS=1-1170
OG0002139	YJL054W	snap_masked-NODE_1_length_611906_cov_21.093_ID_1-processed-gene-3.55-mRNA-1_1&gene=snap_masked-NODE_1_length_611906_cov_21.093_ID_1-processed-gene-3.55&CDS=1-1380
OG0002140	YJL055W	snap_masked-NODE_1_length_611906_cov_21.093_ID_1-processed-gene-3.54-mRNA-1_1&gene=snap_masked-NODE_1_length_611906_cov_21.093_ID_1-processed-gene-3.54&CDS=1-699
OG0002141	YJL056C	snap_masked-NODE_1_length_611906_cov_21.093_ID_1-processed-gene-3.60-mRNA-1_1&gene=snap_masked-NODE_1_length_611906_cov_21.093_ID_1-processed-gene-3.60&CDS=1-1965
OG0002142	YJL057C	snap_masked-NODE_4_length_372424_cov_21.2575_ID_7-processed-gene-2.259-mRNA-1_1&gene=snap_masked-NODE_4_length_372424_cov_21.2575_ID_7-processed-gene-2.259&CDS=1-1716
OG0002143	YJL060W	augustus_masked-NODE_4_length_372424_cov_21.2575_ID_7-processed-gene-2.131-mRNA-1_1&gene=augustus_masked-NODE_4_length_372424_cov_21.2575_ID_7-processed-gene-2.131&CDS=1-1281
OG0002144	YJL061W	snap_masked-NODE_73_length_29830_cov_23.0513_ID_145-processed-gene-0.21-mRNA-1_1&gene=snap_masked-NODE_73_length_29830_cov_23.0513_ID_145-processed-gene-0.21&CDS=1-2076
OG0002145	YJL062W	snap_masked-NODE_73_length_29830_cov_23.0513_ID_145-processed-gene-0.22-mRNA-1_1&gene=snap_masked-NODE_73_length_29830_cov_23.0513_ID_145-processed-gene-0.22&CDS=1-2418
OG0002146	YJL063C	snap_masked-NODE_56_length_57615_cov_21.2126_ID_111-processed-gene-0.74-mRNA-1_1&gene=snap_masked-NODE_56_length_57615_cov_21.2126_ID_111-processed-gene-0.74&CDS=1-750
OG0002147	YJL069C	maker-NODE_4_length_372424_cov_21.2575_ID_7-augustus-gene-2.281-mRNA-1_1&gene=maker-NODE_4_length_372424_cov_21.2575_ID_7-augustus-gene-2.281&CDS=1-2538
OG0002148	YJL071W	snap_masked-NODE_4_length_372424_cov_21.2575_ID_7-processed-gene-2.254-mRNA-1_1&gene=snap_masked-NODE_4_length_372424_cov_21.2575_ID_7-processed-gene-2.254&CDS=1-1659
OG0002149	YJL072C	snap_masked-NODE_4_length_372424_cov_21.2575_ID_7-processed-gene-2.215-mRNA-1_1&gene=snap_masked-NODE_4_length_372424_cov_21.2575_ID_7-processed-gene-2.215&CDS=1-699
OG0002150	YJL073W	snap_masked-NODE_4_length_372424_cov_21.2575_ID_7-processed-gene-2.255-mRNA-1_1&gene=snap_masked-NODE_4_length_372424_cov_21.2575_ID_7-processed-gene-2.255&CDS=1-1944
OG0002151	YJL074C	snap_masked-NODE_4_length_372424_cov_21.2575_ID_7-processed-gene-2.253-mRNA-1_1&gene=snap_masked-NODE_4_length_372424_cov_21.2575_ID_7-processed-gene-2.253&CDS=1-3651
OG0002152	YJL076W	snap_masked-NODE_56_length_57615_cov_21.2126_ID_111-processed-gene-0.99-mRNA-1_1&gene=snap_masked-NODE_56_length_57615_cov_21.2126_ID_111-processed-gene-0.99&CDS=1-3696
OG0002153	YJL080C	snap_masked-NODE_6_length_297843_cov_20.8202_ID_11-processed-gene-1.147-mRNA-1_1&gene=snap_masked-NODE_6_length_297843_cov_20.8202_ID_11-processed-gene-1.147&CDS=1-3651
OG0002154	YJL081C	augustus_masked-NODE_6_length_297843_cov_20.8202_ID_11-processed-gene-1.52-mRNA-1_1&gene=augustus_masked-NODE_6_length_297843_cov_20.8202_ID_11-processed-gene-1.52&CDS=1-1497
OG0002155	YJL083W	augustus_masked-NODE_6_length_297843_cov_20.8202_ID_11-processed-gene-1.88-mRNA-1_1&gene=augustus_masked-NODE_6_length_297843_cov_20.8202_ID_11-processed-gene-1.88&CDS=1-2307
OG0002156	YJL084C	maker-NODE_6_length_297843_cov_20.8202_ID_11-snap-gene-1.10-mRNA-1_1&gene=maker-NODE_6_length_297843_cov_20.8202_ID_11-snap-gene-1.10&CDS=1-3099
OG0002157	YJL085W	snap_masked-NODE_6_length_297843_cov_20.8202_ID_11-processed-gene-1.186-mRNA-1_1&gene=snap_masked-NODE_6_length_297843_cov_20.8202_ID_11-processed-gene-1.186&CDS=1-1842
OG0002158	YJL087C	augustus_masked-NODE_6_length_297843_cov_20.8202_ID_11-processed-gene-1.54-mRNA-1_1&gene=augustus_masked-NODE_6_length_297843_cov_20.8202_ID_11-processed-gene-1.54&CDS=1-2466
OG0002159	YJL088W	snap_masked-NODE_6_length_297843_cov_20.8202_ID_11-processed-gene-1.187-mRNA-1_1&gene=snap_masked-NODE_6_length_297843_cov_20.8202_ID_11-processed-gene-1.187&CDS=1-969
OG0002160	YJL089W	augustus_masked-NODE_6_length_297843_cov_20.8202_ID_11-processed-gene-1.92-mRNA-1_1&gene=augustus_masked-NODE_6_length_297843_cov_20.8202_ID_11-processed-gene-1.92&CDS=1-2712
OG0002161	YJL090C	augustus_masked-NODE_6_length_297843_cov_20.8202_ID_11-processed-gene-1.55-mRNA-1_1&gene=augustus_masked-NODE_6_length_297843_cov_20.8202_ID_11-processed-gene-1.55&CDS=1-2283
OG0002162	YJL091C	snap_masked-NODE_6_length_297843_cov_20.8202_ID_11-processed-gene-1.151-mRNA-1_1&gene=snap_masked-NODE_6_length_297843_cov_20.8202_ID_11-processed-gene-1.151&CDS=1-1449
OG0002163	YJL092W	snap_masked-NODE_6_length_297843_cov_20.8202_ID_11-processed-gene-1.189-mRNA-1_1&gene=snap_masked-NODE_6_length_297843_cov_20.8202_ID_11-processed-gene-1.189&CDS=1-3258
OG0002164	YJL093C	snap_masked-NODE_6_length_297843_cov_20.8202_ID_11-processed-gene-1.152-mRNA-1_1&gene=snap_masked-NODE_6_length_297843_cov_20.8202_ID_11-processed-gene-1.152&CDS=1-1968
OG0002165	YJL094C	snap_masked-NODE_6_length_297843_cov_20.8202_ID_11-processed-gene-1.153-mRNA-1_1&gene=snap_masked-NODE_6_length_297843_cov_20.8202_ID_11-processed-gene-1.153&CDS=1-2586
OG0002166	YJL095W	snap_masked-NODE_6_length_297843_cov_20.8202_ID_11-processed-gene-1.190-mRNA-1_1&gene=snap_masked-NODE_6_length_297843_cov_20.8202_ID_11-processed-gene-1.190&CDS=1-4569
OG0002167	YJL096W	snap_masked-NODE_6_length_297843_cov_20.8202_ID_11-processed-gene-1.191-mRNA-1_1&gene=snap_masked-NODE_6_length_297843_cov_20.8202_ID_11-processed-gene-1.191&CDS=1-525
OG0002168	YJL097W	snap_masked-NODE_6_length_297843_cov_20.8202_ID_11-processed-gene-1.192-mRNA-1_1&gene=snap_masked-NODE_6_length_297843_cov_20.8202_ID_11-processed-gene-1.192&CDS=1-660
OG0002169	YJL101C	snap_masked-NODE_21_length_168541_cov_21.5361_ID_41-processed-gene-0.80-mRNA-1_1&gene=snap_masked-NODE_21_length_168541_cov_21.5361_ID_41-processed-gene-0.80&CDS=1-1995
OG0002170	YJL103C	snap_masked-NODE_6_length_297843_cov_20.8202_ID_11-processed-gene-1.154-mRNA-1_1&gene=snap_masked-NODE_6_length_297843_cov_20.8202_ID_11-processed-gene-1.154&CDS=1-1599
OG0002171	YJL104W	snap_masked-NODE_6_length_297843_cov_20.8202_ID_11-processed-gene-1.196-mRNA-1_1&gene=snap_masked-NODE_6_length_297843_cov_20.8202_ID_11-processed-gene-1.196&CDS=1-456
OG0002172	YJL106W	snap_masked-NODE_6_length_297843_cov_20.8202_ID_11-processed-gene-1.198-mRNA-1_1&gene=snap_masked-NODE_6_length_297843_cov_20.8202_ID_11-processed-gene-1.198&CDS=1-2118
OG0002173	YJL109C	snap_masked-NODE_6_length_297843_cov_20.8202_ID_11-processed-gene-1.155-mRNA-1_1&gene=snap_masked-NODE_6_length_297843_cov_20.8202_ID_11-processed-gene-1.155&CDS=1-5295
OG0002174	YJL111W	maker-NODE_21_length_168541_cov_21.5361_ID_41-snap-gene-0.166-mRNA-1_1&gene=maker-NODE_21_length_168541_cov_21.5361_ID_41-snap-gene-0.166&CDS=1-1878
OG0002175	YJL115W	augustus_masked-NODE_6_length_297843_cov_20.8202_ID_11-processed-gene-1.102-mRNA-1_1&gene=augustus_masked-NODE_6_length_297843_cov_20.8202_ID_11-processed-gene-1.102&CDS=1-810
OG0002176	YJL117W	snap_masked-NODE_6_length_297843_cov_20.8202_ID_11-processed-gene-1.201-mRNA-1_1&gene=snap_masked-NODE_6_length_297843_cov_20.8202_ID_11-processed-gene-1.201&CDS=1-846
OG0002177	YJL121C	snap_masked-NODE_19_length_179553_cov_20.8368_ID_37-processed-gene-0.85-mRNA-1_1&gene=snap_masked-NODE_19_length_179553_cov_20.8368_ID_37-processed-gene-0.85&CDS=1-714
OG0002178	YJL122W	snap_masked-NODE_19_length_179553_cov_20.8368_ID_37-processed-gene-0.135-mRNA-1_1&gene=snap_masked-NODE_19_length_179553_cov_20.8368_ID_37-processed-gene-0.135&CDS=1-498
OG0002179	YJL123C	snap_masked-NODE_19_length_179553_cov_20.8368_ID_37-processed-gene-0.86-mRNA-1_1&gene=snap_masked-NODE_19_length_179553_cov_20.8368_ID_37-processed-gene-0.86&CDS=1-1272
OG0002180	YJL124C	snap_masked-NODE_19_length_179553_cov_20.8368_ID_37-processed-gene-0.87-mRNA-1_1&gene=snap_masked-NODE_19_length_179553_cov_20.8368_ID_37-processed-gene-0.87&CDS=1-537
OG0002181	YJL125C	snap_masked-NODE_19_length_179553_cov_20.8368_ID_37-processed-gene-0.88-mRNA-1_1&gene=snap_masked-NODE_19_length_179553_cov_20.8368_ID_37-processed-gene-0.88&CDS=1-1137
OG0002182	YJL126W	snap_masked-NODE_19_length_179553_cov_20.8368_ID_37-processed-gene-0.136-mRNA-1_1&gene=snap_masked-NODE_19_length_179553_cov_20.8368_ID_37-processed-gene-0.136&CDS=1-918
OG0002183	YJL127C	snap_masked-NODE_19_length_179553_cov_20.8368_ID_37-processed-gene-0.89-mRNA-1_1&gene=snap_masked-NODE_19_length_179553_cov_20.8368_ID_37-processed-gene-0.89&CDS=1-2073
OG0002184	YJL128C	snap_masked-NODE_19_length_179553_cov_20.8368_ID_37-processed-gene-0.90-mRNA-1_1&gene=snap_masked-NODE_19_length_179553_cov_20.8368_ID_37-processed-gene-0.90&CDS=1-2199
OG0002185	YJL130C	snap_masked-NODE_19_length_179553_cov_20.8368_ID_37-processed-gene-0.92-mRNA-1_1&gene=snap_masked-NODE_19_length_179553_cov_20.8368_ID_37-processed-gene-0.92&CDS=1-6645
OG0002186	YJL131C	augustus_masked-NODE_19_length_179553_cov_20.8368_ID_37-processed-gene-0.12-mRNA-1_1&gene=augustus_masked-NODE_19_length_179553_cov_20.8368_ID_37-processed-gene-0.12&CDS=1-1119
OG0002187	YJL132W	augustus_masked-NODE_19_length_179553_cov_20.8368_ID_37-processed-gene-0.52-mRNA-1_1&gene=augustus_masked-NODE_19_length_179553_cov_20.8368_ID_37-processed-gene-0.52&CDS=1-2211
OG0002188	YJL140W	snap_masked-NODE_19_length_179553_cov_20.8368_ID_37-processed-gene-0.140-mRNA-1_1&gene=snap_masked-NODE_19_length_179553_cov_20.8368_ID_37-processed-gene-0.140&CDS=1-606
OG0002189	YJL141C	snap_masked-NODE_19_length_179553_cov_20.8368_ID_37-processed-gene-0.97-mRNA-1_1&gene=snap_masked-NODE_19_length_179553_cov_20.8368_ID_37-processed-gene-0.97&CDS=1-2346
OG0002190	YJL143W	snap_masked-NODE_19_length_179553_cov_20.8368_ID_37-processed-gene-0.141-mRNA-1_1&gene=snap_masked-NODE_19_length_179553_cov_20.8368_ID_37-processed-gene-0.141&CDS=1-468
OG0002191	YJL145W	snap_masked-NODE_19_length_179553_cov_20.8368_ID_37-processed-gene-0.142-mRNA-1_1&gene=snap_masked-NODE_19_length_179553_cov_20.8368_ID_37-processed-gene-0.142&CDS=1-864
OG0002192	YJL146W	snap_masked-NODE_19_length_179553_cov_20.8368_ID_37-processed-gene-0.143-mRNA-1_1&gene=snap_masked-NODE_19_length_179553_cov_20.8368_ID_37-processed-gene-0.143&CDS=1-1347
OG0002193	YJL147C	augustus_masked-NODE_19_length_179553_cov_20.8368_ID_37-processed-gene-0.15-mRNA-1_1&gene=augustus_masked-NODE_19_length_179553_cov_20.8368_ID_37-processed-gene-0.15&CDS=1-1053
OG0002194	YJL148W	snap_masked-NODE_21_length_168541_cov_21.5361_ID_41-processed-gene-0.140-mRNA-1_1&gene=snap_masked-NODE_21_length_168541_cov_21.5361_ID_41-processed-gene-0.140&CDS=1-663
OG0002195	YJL149W	snap_masked-NODE_19_length_179553_cov_20.8368_ID_37-processed-gene-0.144-mRNA-1_1&gene=snap_masked-NODE_19_length_179553_cov_20.8368_ID_37-processed-gene-0.144&CDS=1-1905
OG0002196	YJL151C	snap_masked-NODE_9_length_289189_cov_21.4249_ID_17-processed-gene-1.77-mRNA-1_1&gene=snap_masked-NODE_9_length_289189_cov_21.4249_ID_17-processed-gene-1.77&CDS=1-339
OG0002197	YJL153C	snap_masked-NODE_19_length_179553_cov_20.8368_ID_37-processed-gene-0.99-mRNA-1_1&gene=snap_masked-NODE_19_length_179553_cov_20.8368_ID_37-processed-gene-0.99&CDS=1-1566
OG0002198	YJL154C	snap_masked-NODE_21_length_168541_cov_21.5361_ID_41-processed-gene-0.95-mRNA-1_1&gene=snap_masked-NODE_21_length_168541_cov_21.5361_ID_41-processed-gene-0.95&CDS=1-2622
OG0002199	YJL155C	snap_masked-NODE_19_length_179553_cov_20.8368_ID_37-processed-gene-0.100-mRNA-1_1&gene=snap_masked-NODE_19_length_179553_cov_20.8368_ID_37-processed-gene-0.100&CDS=1-1353
OG0002200	YJL156C	augustus_masked-NODE_19_length_179553_cov_20.8368_ID_37-processed-gene-0.18-mRNA-1_1&gene=augustus_masked-NODE_19_length_179553_cov_20.8368_ID_37-processed-gene-0.18&CDS=1-2022
OG0002201	YJL158C	augustus_masked-NODE_21_length_168541_cov_21.5361_ID_41-processed-gene-0.21-mRNA-1_1&gene=augustus_masked-NODE_21_length_168541_cov_21.5361_ID_41-processed-gene-0.21&CDS=1-711
OG0002202	YJL162C	snap_masked-NODE_19_length_179553_cov_20.8368_ID_37-processed-gene-0.104-mRNA-1_1&gene=snap_masked-NODE_19_length_179553_cov_20.8368_ID_37-processed-gene-0.104&CDS=1-1587
OG0002203	YJL163C	augustus_masked-NODE_21_length_168541_cov_21.5361_ID_41-processed-gene-0.24-mRNA-1_1&gene=augustus_masked-NODE_21_length_168541_cov_21.5361_ID_41-processed-gene-0.24&CDS=1-1656
OG0002204	YJL166W	snap_masked-NODE_19_length_179553_cov_20.8368_ID_37-processed-gene-0.146-mRNA-1_1&gene=snap_masked-NODE_19_length_179553_cov_20.8368_ID_37-processed-gene-0.146&CDS=1-282
OG0002205	YJL167W	snap_masked-NODE_21_length_168541_cov_21.5361_ID_41-processed-gene-0.147-mRNA-1_1&gene=snap_masked-NODE_21_length_168541_cov_21.5361_ID_41-processed-gene-0.147&CDS=1-1047
OG0002206	YJL168C	snap_masked-NODE_19_length_179553_cov_20.8368_ID_37-processed-gene-0.107-mRNA-1_1&gene=snap_masked-NODE_19_length_179553_cov_20.8368_ID_37-processed-gene-0.107&CDS=1-2118
OG0002207	YJL171C	snap_masked-NODE_19_length_179553_cov_20.8368_ID_37-processed-gene-0.109-mRNA-1_1&gene=snap_masked-NODE_19_length_179553_cov_20.8368_ID_37-processed-gene-0.109&CDS=1-1194
OG0002208	YJL173C	snap_masked-NODE_19_length_179553_cov_20.8368_ID_37-processed-gene-0.110-mRNA-1_1&gene=snap_masked-NODE_19_length_179553_cov_20.8368_ID_37-processed-gene-0.110&CDS=1-348
OG0002209	YJL176C	snap_masked-NODE_19_length_179553_cov_20.8368_ID_37-processed-gene-0.111-mRNA-1_1&gene=snap_masked-NODE_19_length_179553_cov_20.8368_ID_37-processed-gene-0.111&CDS=1-3582
OG0002210	YJL178C	snap_masked-NODE_19_length_179553_cov_20.8368_ID_37-processed-gene-0.112-mRNA-1_1&gene=snap_masked-NODE_19_length_179553_cov_20.8368_ID_37-processed-gene-0.112&CDS=1-831
OG0002211	YJL179W	snap_masked-NODE_19_length_179553_cov_20.8368_ID_37-processed-gene-0.150-mRNA-1_1&gene=snap_masked-NODE_19_length_179553_cov_20.8368_ID_37-processed-gene-0.150&CDS=1-336
OG0002212	YJL180C	snap_masked-NODE_19_length_179553_cov_20.8368_ID_37-processed-gene-0.113-mRNA-1_1&gene=snap_masked-NODE_19_length_179553_cov_20.8368_ID_37-processed-gene-0.113&CDS=1-1014
OG0002213	YJL183W	augustus_masked-NODE_19_length_179553_cov_20.8368_ID_37-processed-gene-0.65-mRNA-1_1&gene=augustus_masked-NODE_19_length_179553_cov_20.8368_ID_37-processed-gene-0.65&CDS=1-1251
OG0002214	YJL184W	snap_masked-NODE_19_length_179553_cov_20.8368_ID_37-processed-gene-0.152-mRNA-1_1&gene=snap_masked-NODE_19_length_179553_cov_20.8368_ID_37-processed-gene-0.152&CDS=1-378
OG0002215	YJL185C	snap_masked-NODE_19_length_179553_cov_20.8368_ID_37-processed-gene-0.114-mRNA-1_1&gene=snap_masked-NODE_19_length_179553_cov_20.8368_ID_37-processed-gene-0.114&CDS=1-759
OG0002216	YJL187C	snap_masked-NODE_19_length_179553_cov_20.8368_ID_37-processed-gene-0.115-mRNA-1_1&gene=snap_masked-NODE_19_length_179553_cov_20.8368_ID_37-processed-gene-0.115&CDS=1-2346
OG0002217	YJL192C	snap_masked-NODE_19_length_179553_cov_20.8368_ID_37-processed-gene-0.117-mRNA-1_1&gene=snap_masked-NODE_19_length_179553_cov_20.8368_ID_37-processed-gene-0.117&CDS=1-687
OG0002218	YJL193W	snap_masked-NODE_19_length_179553_cov_20.8368_ID_37-processed-gene-0.155-mRNA-1_1&gene=snap_masked-NODE_19_length_179553_cov_20.8368_ID_37-processed-gene-0.155&CDS=1-1173
OG0002219	YJL194W	snap_masked-NODE_19_length_179553_cov_20.8368_ID_37-processed-gene-0.156-mRNA-1_1&gene=snap_masked-NODE_19_length_179553_cov_20.8368_ID_37-processed-gene-0.156&CDS=1-1593
OG0002220	YJL197W	augustus_masked-NODE_19_length_179553_cov_20.8368_ID_37-processed-gene-0.71-mRNA-1_1&gene=augustus_masked-NODE_19_length_179553_cov_20.8368_ID_37-processed-gene-0.71&CDS=1-3699
OG0002221	YJL200C	snap_masked-NODE_19_length_179553_cov_20.8368_ID_37-processed-gene-0.119-mRNA-1_1&gene=snap_masked-NODE_19_length_179553_cov_20.8368_ID_37-processed-gene-0.119&CDS=1-2358
OG0002222	YJL201W	snap_masked-NODE_19_length_179553_cov_20.8368_ID_37-processed-gene-0.159-mRNA-1_1&gene=snap_masked-NODE_19_length_179553_cov_20.8368_ID_37-processed-gene-0.159&CDS=1-2019
OG0002223	YJL203W	augustus_masked-NODE_19_length_179553_cov_20.8368_ID_37-processed-gene-0.74-mRNA-1_1&gene=augustus_masked-NODE_19_length_179553_cov_20.8368_ID_37-processed-gene-0.74&CDS=1-897
OG0002224	YJL204C	snap_masked-NODE_19_length_179553_cov_20.8368_ID_37-processed-gene-0.121-mRNA-1_1&gene=snap_masked-NODE_19_length_179553_cov_20.8368_ID_37-processed-gene-0.121&CDS=1-2358
OG0002225	YJL206C	snap_masked-NODE_2_length_515064_cov_21.8181_ID_3-processed-gene-4.10-mRNA-1_1&gene=snap_masked-NODE_2_length_515064_cov_21.8181_ID_3-processed-gene-4.10&CDS=1-1995
OG0002226	YJL207C	snap_masked-NODE_30_length_115312_cov_21.4898_ID_59-processed-gene-0.118-mRNA-1_1&gene=snap_masked-NODE_30_length_115312_cov_21.4898_ID_59-processed-gene-0.118&CDS=1-5973
OG0002227	YJL208C	snap_masked-NODE_23_length_135800_cov_19.7169_ID_45-processed-gene-0.21-mRNA-1_1&gene=snap_masked-NODE_23_length_135800_cov_19.7169_ID_45-processed-gene-0.21&CDS=1-972
OG0002228	YJL209W	snap_masked-NODE_30_length_115312_cov_21.4898_ID_59-processed-gene-0.95-mRNA-1_1&gene=snap_masked-NODE_30_length_115312_cov_21.4898_ID_59-processed-gene-0.95&CDS=1-1965
OG0002229	YJL210W	snap_masked-NODE_22_length_167286_cov_23.0006_ID_43-processed-gene-0.155-mRNA-1_1&gene=snap_masked-NODE_22_length_167286_cov_23.0006_ID_43-processed-gene-0.155&CDS=1-774
OG0002230	YJL212C	snap_masked-NODE_46_length_84487_cov_23.4918_ID_91-processed-gene-0.71-mRNA-1_1&gene=snap_masked-NODE_46_length_84487_cov_23.4918_ID_91-processed-gene-0.71&CDS=1-2391
OG0002231	YJR001W	snap_masked-NODE_9_length_289189_cov_21.4249_ID_17-processed-gene-1.37-mRNA-1_1&gene=snap_masked-NODE_9_length_289189_cov_21.4249_ID_17-processed-gene-1.37&CDS=1-1836
OG0002232	YJR002W	snap_masked-NODE_24_length_134792_cov_22.0422_ID_47-processed-gene-0.0-mRNA-1_1&gene=snap_masked-NODE_24_length_134792_cov_22.0422_ID_47-processed-gene-0.0&CDS=1-1800
OG0002233	YJR003C	snap_masked-NODE_9_length_289189_cov_21.4249_ID_17-processed-gene-1.85-mRNA-1_1&gene=snap_masked-NODE_9_length_289189_cov_21.4249_ID_17-processed-gene-1.85&CDS=1-1551
OG0002234	YJR004C	snap_masked-NODE_24_length_134792_cov_22.0422_ID_47-processed-gene-0.32-mRNA-1_1&gene=snap_masked-NODE_24_length_134792_cov_22.0422_ID_47-processed-gene-0.32&CDS=1-2415
OG0002235	YJR005C-A	snap_masked-NODE_48_length_80761_cov_21.8578_ID_95-processed-gene-0.58-mRNA-1_1&gene=snap_masked-NODE_48_length_80761_cov_21.8578_ID_95-processed-gene-0.58&CDS=1-273
OG0002236	YJR005W	snap_masked-NODE_24_length_134792_cov_22.0422_ID_47-processed-gene-0.2-mRNA-1_1&gene=snap_masked-NODE_24_length_134792_cov_22.0422_ID_47-processed-gene-0.2&CDS=1-2094
OG0002237	YJR006W	augustus_masked-NODE_48_length_80761_cov_21.8578_ID_95-processed-gene-0.123-mRNA-1_1&gene=augustus_masked-NODE_48_length_80761_cov_21.8578_ID_95-processed-gene-0.123&CDS=1-1404
OG0002238	YJR008W	snap_masked-NODE_31_length_115296_cov_21.7371_ID_61-processed-gene-0.66-mRNA-1_1&gene=snap_masked-NODE_31_length_115296_cov_21.7371_ID_61-processed-gene-0.66&CDS=1-987
OG0002239	YJR010C-A	snap_masked-NODE_31_length_115296_cov_21.7371_ID_61-processed-gene-0.95-mRNA-1_1&gene=snap_masked-NODE_31_length_115296_cov_21.7371_ID_61-processed-gene-0.95&CDS=1-252
OG0002240	YJR010W	snap_masked-NODE_58_length_55950_cov_24.9021_ID_115-processed-gene-0.42-mRNA-1_1&gene=snap_masked-NODE_58_length_55950_cov_24.9021_ID_115-processed-gene-0.42&CDS=1-1524
OG0002241	YJR011C	augustus_masked-NODE_31_length_115296_cov_21.7371_ID_61-processed-gene-0.42-mRNA-1_1&gene=augustus_masked-NODE_31_length_115296_cov_21.7371_ID_61-processed-gene-0.42&CDS=1-651
OG0002242	YJR012C	augustus_masked-NODE_31_length_115296_cov_21.7371_ID_61-processed-gene-0.43-mRNA-1_1&gene=augustus_masked-NODE_31_length_115296_cov_21.7371_ID_61-processed-gene-0.43&CDS=1-225
OG0002243	YJR013W	snap_masked-NODE_31_length_115296_cov_21.7371_ID_61-processed-gene-0.67-mRNA-1_1&gene=snap_masked-NODE_31_length_115296_cov_21.7371_ID_61-processed-gene-0.67&CDS=1-1194
OG0002244	YJR014W	snap_masked-NODE_31_length_115296_cov_21.7371_ID_61-processed-gene-0.69-mRNA-1_1&gene=snap_masked-NODE_31_length_115296_cov_21.7371_ID_61-processed-gene-0.69&CDS=1-597
OG0002245	YJR016C	snap_masked-NODE_57_length_56142_cov_22.7723_ID_113-processed-gene-0.41-mRNA-1_1&gene=snap_masked-NODE_57_length_56142_cov_22.7723_ID_113-processed-gene-0.41&CDS=1-1749
OG0002246	YJR019C	snap_masked-NODE_31_length_115296_cov_21.7371_ID_61-processed-gene-0.101-mRNA-1_1&gene=snap_masked-NODE_31_length_115296_cov_21.7371_ID_61-processed-gene-0.101&CDS=1-1038
OG0002247	YJR021C	augustus_masked-NODE_31_length_115296_cov_21.7371_ID_61-processed-gene-0.47-mRNA-1_1&gene=augustus_masked-NODE_31_length_115296_cov_21.7371_ID_61-processed-gene-0.47&CDS=1-831
OG0002248	YJR022W	snap_masked-NODE_31_length_115296_cov_21.7371_ID_61-processed-gene-0.70-mRNA-1_1&gene=snap_masked-NODE_31_length_115296_cov_21.7371_ID_61-processed-gene-0.70&CDS=1-312
OG0002249	YJR024C	snap_masked-NODE_31_length_115296_cov_21.7371_ID_61-processed-gene-0.103-mRNA-1_1&gene=snap_masked-NODE_31_length_115296_cov_21.7371_ID_61-processed-gene-0.103&CDS=1-732
OG0002250	YJR030C	augustus_masked-NODE_21_length_168541_cov_21.5361_ID_41-processed-gene-0.71-mRNA-1_1&gene=augustus_masked-NODE_21_length_168541_cov_21.5361_ID_41-processed-gene-0.71&CDS=1-2397
OG0002251	YJR032W	snap_masked-NODE_2_length_515064_cov_21.8181_ID_3-processed-gene-4.17-mRNA-1_1&gene=snap_masked-NODE_2_length_515064_cov_21.8181_ID_3-processed-gene-4.17&CDS=1-1176
OG0002252	YJR033C	snap_masked-NODE_2_length_515064_cov_21.8181_ID_3-processed-gene-4.43-mRNA-1_1&gene=snap_masked-NODE_2_length_515064_cov_21.8181_ID_3-processed-gene-4.43&CDS=1-4134
OG0002253	YJR034W	snap_masked-NODE_2_length_515064_cov_21.8181_ID_3-processed-gene-4.18-mRNA-1_1&gene=snap_masked-NODE_2_length_515064_cov_21.8181_ID_3-processed-gene-4.18&CDS=1-324
OG0002254	YJR035W	snap_masked-NODE_2_length_515064_cov_21.8181_ID_3-processed-gene-4.19-mRNA-1_1&gene=snap_masked-NODE_2_length_515064_cov_21.8181_ID_3-processed-gene-4.19&CDS=1-3252
OG0002255	YJR036C	augustus_masked-NODE_2_length_515064_cov_21.8181_ID_3-processed-gene-4.104-mRNA-1_1&gene=augustus_masked-NODE_2_length_515064_cov_21.8181_ID_3-processed-gene-4.104&CDS=1-2514
OG0002256	YJR039W	snap_masked-NODE_2_length_515064_cov_21.8181_ID_3-processed-gene-4.20-mRNA-1_1&gene=snap_masked-NODE_2_length_515064_cov_21.8181_ID_3-processed-gene-4.20&CDS=1-3135
OG0002257	YJR040W	snap_masked-NODE_2_length_515064_cov_21.8181_ID_3-processed-gene-4.21-mRNA-1_1&gene=snap_masked-NODE_2_length_515064_cov_21.8181_ID_3-processed-gene-4.21&CDS=1-2310
OG0002258	YJR041C	snap_masked-NODE_37_length_99903_cov_20.9673_ID_73-processed-gene-0.3-mRNA-1_1&gene=snap_masked-NODE_37_length_99903_cov_20.9673_ID_73-processed-gene-0.3&CDS=1-3486
OG0002259	YJR042W	snap_masked-NODE_37_length_99903_cov_20.9673_ID_73-processed-gene-0.31-mRNA-1_1&gene=snap_masked-NODE_37_length_99903_cov_20.9673_ID_73-processed-gene-0.31&CDS=1-2244
OG0002260	YJR043C	snap_masked-NODE_2_length_515064_cov_21.8181_ID_3-processed-gene-4.47-mRNA-1_1&gene=snap_masked-NODE_2_length_515064_cov_21.8181_ID_3-processed-gene-4.47&CDS=1-1074
OG0002261	YJR044C	snap_masked-NODE_2_length_515064_cov_21.8181_ID_3-processed-gene-4.49-mRNA-1_1&gene=snap_masked-NODE_2_length_515064_cov_21.8181_ID_3-processed-gene-4.49&CDS=1-414
OG0002262	YJR045C	snap_masked-NODE_2_length_515064_cov_21.8181_ID_3-processed-gene-4.50-mRNA-1_1&gene=snap_masked-NODE_2_length_515064_cov_21.8181_ID_3-processed-gene-4.50&CDS=1-1935
OG0002263	YJR046W	snap_masked-NODE_2_length_515064_cov_21.8181_ID_3-processed-gene-4.22-mRNA-1_1&gene=snap_masked-NODE_2_length_515064_cov_21.8181_ID_3-processed-gene-4.22&CDS=1-1698
OG0002264	YJR050W	snap_masked-NODE_2_length_515064_cov_21.8181_ID_3-processed-gene-4.24-mRNA-1_1&gene=snap_masked-NODE_2_length_515064_cov_21.8181_ID_3-processed-gene-4.24&CDS=1-699
OG0002265	YJR052W	snap_masked-NODE_54_length_62112_cov_22.9458_ID_107-processed-gene-0.51-mRNA-1_1&gene=snap_masked-NODE_54_length_62112_cov_22.9458_ID_107-processed-gene-0.51&CDS=1-1674
OG0002266	YJR054W	augustus_masked-NODE_44_length_88190_cov_24.0211_ID_87-processed-gene-0.68-mRNA-1_1&gene=augustus_masked-NODE_44_length_88190_cov_24.0211_ID_87-processed-gene-0.68&CDS=1-957
OG0002267	YJR055W	genemark-NODE_54_length_62112_cov_22.9458_ID_107-processed-gene-0.3-mRNA-1_1&gene=genemark-NODE_54_length_62112_cov_22.9458_ID_107-processed-gene-0.3&CDS=1-456
OG0002268	YJR056C	snap_masked-NODE_54_length_62112_cov_22.9458_ID_107-processed-gene-0.69-mRNA-1_1&gene=snap_masked-NODE_54_length_62112_cov_22.9458_ID_107-processed-gene-0.69&CDS=1-525
OG0002269	YJR057W	snap_masked-NODE_15_length_201512_cov_20.2718_ID_29-processed-gene-1.9-mRNA-1_1&gene=snap_masked-NODE_15_length_201512_cov_20.2718_ID_29-processed-gene-1.9&CDS=1-624
OG0002270	YJR058C	snap_masked-NODE_44_length_88190_cov_24.0211_ID_87-processed-gene-0.9-mRNA-1_1&gene=snap_masked-NODE_44_length_88190_cov_24.0211_ID_87-processed-gene-0.9&CDS=1-438
OG0002271	YJR060W	snap_masked-NODE_54_length_62112_cov_22.9458_ID_107-processed-gene-0.55-mRNA-1_1&gene=snap_masked-NODE_54_length_62112_cov_22.9458_ID_107-processed-gene-0.55&CDS=1-909
OG0002272	YJR062C	snap_masked-NODE_54_length_62112_cov_22.9458_ID_107-processed-gene-0.71-mRNA-1_1&gene=snap_masked-NODE_54_length_62112_cov_22.9458_ID_107-processed-gene-0.71&CDS=1-1287
OG0002273	YJR063W	snap_masked-NODE_54_length_62112_cov_22.9458_ID_107-processed-gene-0.59-mRNA-1_1&gene=snap_masked-NODE_54_length_62112_cov_22.9458_ID_107-processed-gene-0.59&CDS=1-375
OG0002274	YJR064W	snap_masked-NODE_54_length_62112_cov_22.9458_ID_107-processed-gene-0.60-mRNA-1_1&gene=snap_masked-NODE_54_length_62112_cov_22.9458_ID_107-processed-gene-0.60&CDS=1-1680
OG0002275	YJR065C	snap_masked-NODE_54_length_62112_cov_22.9458_ID_107-processed-gene-0.72-mRNA-1_1&gene=snap_masked-NODE_54_length_62112_cov_22.9458_ID_107-processed-gene-0.72&CDS=1-1362
OG0002276	YJR067C	snap_masked-NODE_54_length_62112_cov_22.9458_ID_107-processed-gene-0.73-mRNA-1_1&gene=snap_masked-NODE_54_length_62112_cov_22.9458_ID_107-processed-gene-0.73&CDS=1-435
OG0002277	YJR068W	snap_masked-NODE_44_length_88190_cov_24.0211_ID_87-processed-gene-0.23-mRNA-1_1&gene=snap_masked-NODE_44_length_88190_cov_24.0211_ID_87-processed-gene-0.23&CDS=1-1053
OG0002278	YJR069C	snap_masked-NODE_44_length_88190_cov_24.0211_ID_87-processed-gene-0.7-mRNA-1_1&gene=snap_masked-NODE_44_length_88190_cov_24.0211_ID_87-processed-gene-0.7&CDS=1-567
OG0002279	YJR070C	snap_masked-NODE_44_length_88190_cov_24.0211_ID_87-processed-gene-0.6-mRNA-1_1&gene=snap_masked-NODE_44_length_88190_cov_24.0211_ID_87-processed-gene-0.6&CDS=1-960
OG0002280	YJR072C	snap_masked-NODE_44_length_88190_cov_24.0211_ID_87-processed-gene-0.5-mRNA-1_1&gene=snap_masked-NODE_44_length_88190_cov_24.0211_ID_87-processed-gene-0.5&CDS=1-1158
OG0002281	YJR073C	snap_masked-NODE_63_length_47375_cov_21.1743_ID_125-processed-gene-0.31-mRNA-1_1&gene=snap_masked-NODE_63_length_47375_cov_21.1743_ID_125-processed-gene-0.31&CDS=1-651
OG0002282	YJR074W	snap_masked-NODE_14_length_224486_cov_20.7905_ID_27-processed-gene-1.92-mRNA-1_1&gene=snap_masked-NODE_14_length_224486_cov_20.7905_ID_27-processed-gene-1.92&CDS=1-570
OG0002283	YJR075W	snap_masked-NODE_54_length_62112_cov_22.9458_ID_107-processed-gene-0.76-mRNA-1_1&gene=snap_masked-NODE_54_length_62112_cov_22.9458_ID_107-processed-gene-0.76&CDS=1-1218
OG0002284	YJR076C	augustus_masked-NODE_44_length_88190_cov_24.0211_ID_87-processed-gene-0.38-mRNA-1_1&gene=augustus_masked-NODE_44_length_88190_cov_24.0211_ID_87-processed-gene-0.38&CDS=1-1167
OG0002285	YJR077C	snap_masked-NODE_54_length_62112_cov_22.9458_ID_107-processed-gene-0.63-mRNA-1_1&gene=snap_masked-NODE_54_length_62112_cov_22.9458_ID_107-processed-gene-0.63&CDS=1-921
OG0002286	YJR080C	snap_masked-NODE_3_length_402036_cov_21.609_ID_5-processed-gene-1.105-mRNA-1_1&gene=snap_masked-NODE_3_length_402036_cov_21.609_ID_5-processed-gene-1.105&CDS=1-1218
OG0002287	YJR082C	snap_masked-NODE_3_length_402036_cov_21.609_ID_5-processed-gene-1.106-mRNA-1_1&gene=snap_masked-NODE_3_length_402036_cov_21.609_ID_5-processed-gene-1.106&CDS=1-387
OG0002288	YJR083C	augustus_masked-NODE_3_length_402036_cov_21.609_ID_5-processed-gene-1.50-mRNA-1_1&gene=augustus_masked-NODE_3_length_402036_cov_21.609_ID_5-processed-gene-1.50&CDS=1-609
OG0002289	YJR084W	augustus_masked-NODE_3_length_402036_cov_21.609_ID_5-processed-gene-1.25-mRNA-1_1&gene=augustus_masked-NODE_3_length_402036_cov_21.609_ID_5-processed-gene-1.25&CDS=1-945
OG0002290	YJR085C	snap_masked-NODE_3_length_402036_cov_21.609_ID_5-processed-gene-1.108-mRNA-1_1&gene=snap_masked-NODE_3_length_402036_cov_21.609_ID_5-processed-gene-1.108&CDS=1-315
OG0002291	YJR086W	snap_masked-NODE_3_length_402036_cov_21.609_ID_5-processed-gene-1.84-mRNA-1_1&gene=snap_masked-NODE_3_length_402036_cov_21.609_ID_5-processed-gene-1.84&CDS=1-285
OG0002292	YJR088C	snap_masked-NODE_45_length_86374_cov_21.9482_ID_89-processed-gene-0.100-mRNA-1_1&gene=snap_masked-NODE_45_length_86374_cov_21.9482_ID_89-processed-gene-0.100&CDS=1-897
OG0002293	YJR089W	snap_masked-NODE_3_length_402036_cov_21.609_ID_5-processed-gene-1.85-mRNA-1_1&gene=snap_masked-NODE_3_length_402036_cov_21.609_ID_5-processed-gene-1.85&CDS=1-2598
OG0002294	YJR090C	snap_masked-NODE_3_length_402036_cov_21.609_ID_5-processed-gene-1.110-mRNA-1_1&gene=snap_masked-NODE_3_length_402036_cov_21.609_ID_5-processed-gene-1.110&CDS=1-3009
OG0002295	YJR091C	snap_masked-NODE_3_length_402036_cov_21.609_ID_5-processed-gene-1.111-mRNA-1_1&gene=snap_masked-NODE_3_length_402036_cov_21.609_ID_5-processed-gene-1.111&CDS=1-3144
OG0002296	YJR093C	snap_masked-NODE_3_length_402036_cov_21.609_ID_5-processed-gene-1.112-mRNA-1_1&gene=snap_masked-NODE_3_length_402036_cov_21.609_ID_5-processed-gene-1.112&CDS=1-942
OG0002297	YJR094C	augustus_masked-NODE_3_length_402036_cov_21.609_ID_5-processed-gene-1.56-mRNA-1_1&gene=augustus_masked-NODE_3_length_402036_cov_21.609_ID_5-processed-gene-1.56&CDS=1-756
OG0002298	YJR095W	snap_masked-NODE_3_length_402036_cov_21.609_ID_5-processed-gene-1.88-mRNA-1_1&gene=snap_masked-NODE_3_length_402036_cov_21.609_ID_5-processed-gene-1.88&CDS=1-1032
OG0002299	YJR097W	snap_masked-NODE_3_length_402036_cov_21.609_ID_5-processed-gene-1.89-mRNA-1_1&gene=snap_masked-NODE_3_length_402036_cov_21.609_ID_5-processed-gene-1.89&CDS=1-507
OG0002300	YJR098C	snap_masked-NODE_3_length_402036_cov_21.609_ID_5-processed-gene-2.4-mRNA-1_1&gene=snap_masked-NODE_3_length_402036_cov_21.609_ID_5-processed-gene-2.4&CDS=1-1965
OG0002301	YJR099W	snap_masked-NODE_3_length_402036_cov_21.609_ID_5-processed-gene-2.1-mRNA-1_1&gene=snap_masked-NODE_3_length_402036_cov_21.609_ID_5-processed-gene-2.1&CDS=1-708
OG0002302	YJR100C	augustus_masked-NODE_3_length_402036_cov_21.609_ID_5-processed-gene-2.61-mRNA-1_1&gene=augustus_masked-NODE_3_length_402036_cov_21.609_ID_5-processed-gene-2.61&CDS=1-783
OG0002303	YJR101W	snap_masked-NODE_3_length_402036_cov_21.609_ID_5-processed-gene-2.3-mRNA-1_1&gene=snap_masked-NODE_3_length_402036_cov_21.609_ID_5-processed-gene-2.3&CDS=1-762
OG0002304	YJR102C	snap_masked-NODE_3_length_402036_cov_21.609_ID_5-processed-gene-2.27-mRNA-1_1&gene=snap_masked-NODE_3_length_402036_cov_21.609_ID_5-processed-gene-2.27&CDS=1-570
OG0002305	YJR104C	snap_masked-NODE_3_length_402036_cov_21.609_ID_5-processed-gene-2.28-mRNA-1_1&gene=snap_masked-NODE_3_length_402036_cov_21.609_ID_5-processed-gene-2.28&CDS=1-462
OG0002306	YJR105W	snap_masked-NODE_3_length_402036_cov_21.609_ID_5-processed-gene-2.35-mRNA-1_1&gene=snap_masked-NODE_3_length_402036_cov_21.609_ID_5-processed-gene-2.35&CDS=1-1017
OG0002307	YJR106W	augustus_masked-NODE_3_length_402036_cov_21.609_ID_5-processed-gene-2.87-mRNA-1_1&gene=augustus_masked-NODE_3_length_402036_cov_21.609_ID_5-processed-gene-2.87&CDS=1-1845
OG0002308	YJR107W	snap_masked-NODE_3_length_402036_cov_21.609_ID_5-processed-gene-2.33-mRNA-1_1&gene=snap_masked-NODE_3_length_402036_cov_21.609_ID_5-processed-gene-2.33&CDS=1-1062
OG0002309	YJR109C	snap_masked-NODE_3_length_402036_cov_21.609_ID_5-processed-gene-2.10-mRNA-1_1&gene=snap_masked-NODE_3_length_402036_cov_21.609_ID_5-processed-gene-2.10&CDS=1-3336
OG0002310	YJR110W	augustus_masked-NODE_3_length_402036_cov_21.609_ID_5-processed-gene-2.85-mRNA-1_1&gene=augustus_masked-NODE_3_length_402036_cov_21.609_ID_5-processed-gene-2.85&CDS=1-2556
OG0002311	YJR111C	augustus_masked-NODE_3_length_402036_cov_21.609_ID_5-processed-gene-2.65-mRNA-1_1&gene=augustus_masked-NODE_3_length_402036_cov_21.609_ID_5-processed-gene-2.65&CDS=1-870
OG0002312	YJR112W	snap_masked-NODE_3_length_402036_cov_21.609_ID_5-processed-gene-2.30-mRNA-1_1&gene=snap_masked-NODE_3_length_402036_cov_21.609_ID_5-processed-gene-2.30&CDS=1-648
OG0002313	YJR113C	snap_masked-NODE_3_length_402036_cov_21.609_ID_5-processed-gene-2.7-mRNA-1_1&gene=snap_masked-NODE_3_length_402036_cov_21.609_ID_5-processed-gene-2.7&CDS=1-780
OG0002314	YJR116W	snap_masked-NODE_3_length_402036_cov_21.609_ID_5-processed-gene-2.12-mRNA-1_1&gene=snap_masked-NODE_3_length_402036_cov_21.609_ID_5-processed-gene-2.12&CDS=1-819
OG0002315	YJR117W	snap_masked-NODE_3_length_402036_cov_21.609_ID_5-processed-gene-2.13-mRNA-1_1&gene=snap_masked-NODE_3_length_402036_cov_21.609_ID_5-processed-gene-2.13&CDS=1-1371
OG0002316	YJR118C	snap_masked-NODE_17_length_190182_cov_22.7835_ID_33-processed-gene-0.222-mRNA-1_1&gene=snap_masked-NODE_17_length_190182_cov_22.7835_ID_33-processed-gene-0.222&CDS=1-480
OG0002317	YJR119C	snap_masked-NODE_17_length_190182_cov_22.7835_ID_33-processed-gene-0.223-mRNA-1_1&gene=snap_masked-NODE_17_length_190182_cov_22.7835_ID_33-processed-gene-0.223&CDS=1-2097
OG0002318	YJR121W	snap_masked-NODE_17_length_190182_cov_22.7835_ID_33-processed-gene-0.179-mRNA-1_1&gene=snap_masked-NODE_17_length_190182_cov_22.7835_ID_33-processed-gene-0.179&CDS=1-1557
OG0002319	YJR122W	snap_masked-NODE_17_length_190182_cov_22.7835_ID_33-processed-gene-0.180-mRNA-1_1&gene=snap_masked-NODE_17_length_190182_cov_22.7835_ID_33-processed-gene-0.180&CDS=1-1365
OG0002320	YJR123W	snap_masked-NODE_17_length_190182_cov_22.7835_ID_33-processed-gene-0.181-mRNA-1_1&gene=snap_masked-NODE_17_length_190182_cov_22.7835_ID_33-processed-gene-0.181&CDS=1-675
OG0002321	YJR124C	snap_masked-NODE_17_length_190182_cov_22.7835_ID_33-processed-gene-0.224-mRNA-1_1&gene=snap_masked-NODE_17_length_190182_cov_22.7835_ID_33-processed-gene-0.224&CDS=1-1377
OG0002322	YJR125C	snap_masked-NODE_10_length_278180_cov_22.5073_ID_19-processed-gene-1.171-mRNA-1_1&gene=snap_masked-NODE_10_length_278180_cov_22.5073_ID_19-processed-gene-1.171&CDS=1-1173
OG0002323	YJR126C	snap_masked-NODE_49_length_73337_cov_24.7863_ID_97-processed-gene-0.34-mRNA-1_1&gene=snap_masked-NODE_49_length_73337_cov_24.7863_ID_97-processed-gene-0.34&CDS=1-2346
OG0002324	YJR132W	augustus_masked-NODE_49_length_73337_cov_24.7863_ID_97-processed-gene-0.19-mRNA-1_1&gene=augustus_masked-NODE_49_length_73337_cov_24.7863_ID_97-processed-gene-0.19&CDS=1-5349
OG0002325	YJR134C	augustus_masked-NODE_49_length_73337_cov_24.7863_ID_97-processed-gene-0.6-mRNA-1_1&gene=augustus_masked-NODE_49_length_73337_cov_24.7863_ID_97-processed-gene-0.6&CDS=1-2157
OG0002326	YJR135C	augustus_masked-NODE_49_length_73337_cov_24.7863_ID_97-processed-gene-0.5-mRNA-1_1&gene=augustus_masked-NODE_49_length_73337_cov_24.7863_ID_97-processed-gene-0.5&CDS=1-723
OG0002327	YJR135W-A	snap_masked-NODE_49_length_73337_cov_24.7863_ID_97-processed-gene-0.44-mRNA-1_1&gene=snap_masked-NODE_49_length_73337_cov_24.7863_ID_97-processed-gene-0.44&CDS=1-261
OG0002328	YJR137C	augustus_masked-NODE_49_length_73337_cov_24.7863_ID_97-processed-gene-0.4-mRNA-1_1&gene=augustus_masked-NODE_49_length_73337_cov_24.7863_ID_97-processed-gene-0.4&CDS=1-10473
OG0002329	YJR138W	snap_masked-NODE_49_length_73337_cov_24.7863_ID_97-processed-gene-0.43-mRNA-1_1&gene=snap_masked-NODE_49_length_73337_cov_24.7863_ID_97-processed-gene-0.43&CDS=1-4668
OG0002330	YJR139C	snap_masked-NODE_10_length_278180_cov_22.5073_ID_19-processed-gene-1.181-mRNA-1_1&gene=snap_masked-NODE_10_length_278180_cov_22.5073_ID_19-processed-gene-1.181&CDS=1-1077
OG0002331	YJR140C	snap_masked-NODE_49_length_73337_cov_24.7863_ID_97-processed-gene-0.25-mRNA-1_1&gene=snap_masked-NODE_49_length_73337_cov_24.7863_ID_97-processed-gene-0.25&CDS=1-4464
OG0002332	YJR141W	augustus_masked-NODE_49_length_73337_cov_24.7863_ID_97-processed-gene-0.16-mRNA-1_1&gene=augustus_masked-NODE_49_length_73337_cov_24.7863_ID_97-processed-gene-0.16&CDS=1-1077
OG0002333	YJR142W	snap_masked-NODE_49_length_73337_cov_24.7863_ID_97-processed-gene-0.41-mRNA-1_1&gene=snap_masked-NODE_49_length_73337_cov_24.7863_ID_97-processed-gene-0.41&CDS=1-1038
OG0002334	YJR143C	snap_masked-NODE_49_length_73337_cov_24.7863_ID_97-processed-gene-0.24-mRNA-1_1&gene=snap_masked-NODE_49_length_73337_cov_24.7863_ID_97-processed-gene-0.24&CDS=1-2283
OG0002335	YJR144W	snap_masked-NODE_10_length_278180_cov_22.5073_ID_19-processed-gene-1.130-mRNA-1_1&gene=snap_masked-NODE_10_length_278180_cov_22.5073_ID_19-processed-gene-1.130&CDS=1-855
OG0002336	YKL002W	maker-NODE_40_length_94096_cov_21.267_ID_79-snap-gene-0.2-mRNA-1_1&gene=maker-NODE_40_length_94096_cov_21.267_ID_79-snap-gene-0.2&CDS=1-705
OG0002337	YKL003C	snap_masked-NODE_40_length_94096_cov_21.267_ID_79-processed-gene-0.109-mRNA-1_1&gene=snap_masked-NODE_40_length_94096_cov_21.267_ID_79-processed-gene-0.109&CDS=1-387
OG0002338	YKL004W	snap_masked-NODE_40_length_94096_cov_21.267_ID_79-processed-gene-0.87-mRNA-1_1&gene=snap_masked-NODE_40_length_94096_cov_21.267_ID_79-processed-gene-0.87&CDS=1-1227
OG0002339	YKL005C	augustus_masked-NODE_40_length_94096_cov_21.267_ID_79-processed-gene-0.56-mRNA-1_1&gene=augustus_masked-NODE_40_length_94096_cov_21.267_ID_79-processed-gene-0.56&CDS=1-1713
OG0002340	YKL006C-A	snap_masked-NODE_40_length_94096_cov_21.267_ID_79-processed-gene-0.107-mRNA-1_1&gene=snap_masked-NODE_40_length_94096_cov_21.267_ID_79-processed-gene-0.107&CDS=1-291
OG0002341	YKL007W	snap_masked-NODE_40_length_94096_cov_21.267_ID_79-processed-gene-0.85-mRNA-1_1&gene=snap_masked-NODE_40_length_94096_cov_21.267_ID_79-processed-gene-0.85&CDS=1-786
OG0002342	YKL009W	snap_masked-NODE_4_length_372424_cov_21.2575_ID_7-processed-gene-2.218-mRNA-1_1&gene=snap_masked-NODE_4_length_372424_cov_21.2575_ID_7-processed-gene-2.218&CDS=1-708
OG0002343	YKL010C	snap_masked-NODE_40_length_94096_cov_21.267_ID_79-processed-gene-0.104-mRNA-1_1&gene=snap_masked-NODE_40_length_94096_cov_21.267_ID_79-processed-gene-0.104&CDS=1-4425
OG0002344	YKL012W	snap_masked-NODE_27_length_129316_cov_23.4348_ID_53-processed-gene-0.79-mRNA-1_1&gene=snap_masked-NODE_27_length_129316_cov_23.4348_ID_53-processed-gene-0.79&CDS=1-1827
OG0002345	YKL013C	augustus_masked-NODE_65_length_46413_cov_20.6311_ID_129-processed-gene-0.34-mRNA-1_1&gene=augustus_masked-NODE_65_length_46413_cov_20.6311_ID_129-processed-gene-0.34&CDS=1-1749
OG0002346	YKL014C	snap_masked-NODE_27_length_129316_cov_23.4348_ID_53-processed-gene-0.112-mRNA-1_1&gene=snap_masked-NODE_27_length_129316_cov_23.4348_ID_53-processed-gene-0.112&CDS=1-5067
OG0002347	YKL015W	augustus_masked-NODE_65_length_46413_cov_20.6311_ID_129-processed-gene-0.48-mRNA-1_1&gene=augustus_masked-NODE_65_length_46413_cov_20.6311_ID_129-processed-gene-0.48&CDS=1-2379
OG0002348	YKL016C	snap_masked-NODE_65_length_46413_cov_20.6311_ID_129-processed-gene-0.10-mRNA-1_1&gene=snap_masked-NODE_65_length_46413_cov_20.6311_ID_129-processed-gene-0.10&CDS=1-522
OG0002349	YKL017C	snap_masked-NODE_65_length_46413_cov_20.6311_ID_129-processed-gene-0.11-mRNA-1_1&gene=snap_masked-NODE_65_length_46413_cov_20.6311_ID_129-processed-gene-0.11&CDS=1-2037
OG0002350	YKL018C-A	augustus_masked-NODE_65_length_46413_cov_20.6311_ID_129-processed-gene-0.37-mRNA-1_1&gene=augustus_masked-NODE_65_length_46413_cov_20.6311_ID_129-processed-gene-0.37&CDS=1-315
OG0002351	YKL018W	snap_masked-NODE_65_length_46413_cov_20.6311_ID_129-processed-gene-0.23-mRNA-1_1&gene=snap_masked-NODE_65_length_46413_cov_20.6311_ID_129-processed-gene-0.23&CDS=1-987
OG0002352	YKL019W	snap_masked-NODE_65_length_46413_cov_20.6311_ID_129-processed-gene-0.24-mRNA-1_1&gene=snap_masked-NODE_65_length_46413_cov_20.6311_ID_129-processed-gene-0.24&CDS=1-948
OG0002353	YKL021C	snap_masked-NODE_65_length_46413_cov_20.6311_ID_129-processed-gene-0.13-mRNA-1_1&gene=snap_masked-NODE_65_length_46413_cov_20.6311_ID_129-processed-gene-0.13&CDS=1-1131
OG0002354	YKL022C	snap_masked-NODE_65_length_46413_cov_20.6311_ID_129-processed-gene-0.14-mRNA-1_1&gene=snap_masked-NODE_65_length_46413_cov_20.6311_ID_129-processed-gene-0.14&CDS=1-2262
OG0002355	YKL024C	augustus_masked-NODE_65_length_46413_cov_20.6311_ID_129-processed-gene-0.41-mRNA-1_1&gene=augustus_masked-NODE_65_length_46413_cov_20.6311_ID_129-processed-gene-0.41&CDS=1-837
OG0002356	YKL025C	snap_masked-NODE_65_length_46413_cov_20.6311_ID_129-processed-gene-0.16-mRNA-1_1&gene=snap_masked-NODE_65_length_46413_cov_20.6311_ID_129-processed-gene-0.16&CDS=1-2016
OG0002357	YKL027W	snap_masked-NODE_40_length_94096_cov_21.267_ID_79-processed-gene-0.73-mRNA-1_1&gene=snap_masked-NODE_40_length_94096_cov_21.267_ID_79-processed-gene-0.73&CDS=1-1320
OG0002358	YKL028W	genemark-NODE_40_length_94096_cov_21.267_ID_79-processed-gene-0.127-mRNA-1_1&gene=genemark-NODE_40_length_94096_cov_21.267_ID_79-processed-gene-0.127&CDS=1-1368
OG0002359	YKL029C	snap_masked-NODE_40_length_94096_cov_21.267_ID_79-processed-gene-0.96-mRNA-1_1&gene=snap_masked-NODE_40_length_94096_cov_21.267_ID_79-processed-gene-0.96&CDS=1-1974
OG0002360	YKL033W	augustus_masked-NODE_79_length_25970_cov_21.2646_ID_157-processed-gene-0.16-mRNA-1_1&gene=augustus_masked-NODE_79_length_25970_cov_21.2646_ID_157-processed-gene-0.16&CDS=1-4371
OG0002361	YKL033W-A	snap_masked-NODE_40_length_94096_cov_21.267_ID_79-processed-gene-0.71-mRNA-1_1&gene=snap_masked-NODE_40_length_94096_cov_21.267_ID_79-processed-gene-0.71&CDS=1-705
OG0002362	YKL034W	snap_masked-NODE_40_length_94096_cov_21.267_ID_79-processed-gene-0.70-mRNA-1_1&gene=snap_masked-NODE_40_length_94096_cov_21.267_ID_79-processed-gene-0.70&CDS=1-2280
OG0002363	YKL035W	snap_masked-NODE_62_length_47433_cov_19.885_ID_123-processed-gene-0.45-mRNA-1_1&gene=snap_masked-NODE_62_length_47433_cov_19.885_ID_123-processed-gene-0.45&CDS=1-1497
OG0002364	YKL038W	snap_masked-NODE_40_length_94096_cov_21.267_ID_79-processed-gene-0.69-mRNA-1_1&gene=snap_masked-NODE_40_length_94096_cov_21.267_ID_79-processed-gene-0.69&CDS=1-3420
OG0002365	YKL039W	snap_masked-NODE_40_length_94096_cov_21.267_ID_79-processed-gene-0.68-mRNA-1_1&gene=snap_masked-NODE_40_length_94096_cov_21.267_ID_79-processed-gene-0.68&CDS=1-1557
OG0002366	YKL041W	snap_masked-NODE_40_length_94096_cov_21.267_ID_79-processed-gene-0.67-mRNA-1_1&gene=snap_masked-NODE_40_length_94096_cov_21.267_ID_79-processed-gene-0.67&CDS=1-672
OG0002367	YKL042W	augustus_masked-NODE_40_length_94096_cov_21.267_ID_79-processed-gene-0.17-mRNA-1_1&gene=augustus_masked-NODE_40_length_94096_cov_21.267_ID_79-processed-gene-0.17&CDS=1-888
OG0002368	YKL045W	snap_masked-NODE_40_length_94096_cov_21.267_ID_79-processed-gene-0.64-mRNA-1_1&gene=snap_masked-NODE_40_length_94096_cov_21.267_ID_79-processed-gene-0.64&CDS=1-1527
OG0002369	YKL046C	augustus_masked-NODE_40_length_94096_cov_21.267_ID_79-processed-gene-0.39-mRNA-1_1&gene=augustus_masked-NODE_40_length_94096_cov_21.267_ID_79-processed-gene-0.39&CDS=1-1368
OG0002370	YKL047W	augustus_masked-NODE_40_length_94096_cov_21.267_ID_79-processed-gene-0.14-mRNA-1_1&gene=augustus_masked-NODE_40_length_94096_cov_21.267_ID_79-processed-gene-0.14&CDS=1-1434
OG0002371	YKL048C	augustus_masked-NODE_2_length_515064_cov_21.8181_ID_3-processed-gene-2.66-mRNA-1_1&gene=augustus_masked-NODE_2_length_515064_cov_21.8181_ID_3-processed-gene-2.66&CDS=1-1605
OG0002372	YKL049C	snap_masked-NODE_2_length_515064_cov_21.8181_ID_3-processed-gene-2.116-mRNA-1_1&gene=snap_masked-NODE_2_length_515064_cov_21.8181_ID_3-processed-gene-2.116&CDS=1-762
OG0002373	YKL052C	maker-NODE_55_length_58048_cov_21.4705_ID_109-augustus-gene-0.35-mRNA-1_1&gene=maker-NODE_55_length_58048_cov_21.4705_ID_109-augustus-gene-0.35&CDS=1-747
OG0002374	YKL055C	snap_masked-NODE_40_length_94096_cov_21.267_ID_79-processed-gene-0.59-mRNA-1_1&gene=snap_masked-NODE_40_length_94096_cov_21.267_ID_79-processed-gene-0.59&CDS=1-849
OG0002375	YKL056C	snap_masked-NODE_40_length_94096_cov_21.267_ID_79-processed-gene-0.60-mRNA-1_1&gene=snap_masked-NODE_40_length_94096_cov_21.267_ID_79-processed-gene-0.60&CDS=1-504
OG0002376	YKL057C	snap_masked-NODE_27_length_129316_cov_23.4348_ID_53-processed-gene-0.97-mRNA-1_1&gene=snap_masked-NODE_27_length_129316_cov_23.4348_ID_53-processed-gene-0.97&CDS=1-3141
OG0002377	YKL058W	snap_masked-NODE_40_length_94096_cov_21.267_ID_79-processed-gene-0.88-mRNA-1_1&gene=snap_masked-NODE_40_length_94096_cov_21.267_ID_79-processed-gene-0.88&CDS=1-360
OG0002378	YKL059C	augustus_masked-NODE_40_length_94096_cov_21.267_ID_79-processed-gene-0.12-mRNA-1_1&gene=augustus_masked-NODE_40_length_94096_cov_21.267_ID_79-processed-gene-0.12&CDS=1-1278
OG0002379	YKL060C	augustus_masked-NODE_40_length_94096_cov_21.267_ID_79-processed-gene-0.13-mRNA-1_1&gene=augustus_masked-NODE_40_length_94096_cov_21.267_ID_79-processed-gene-0.13&CDS=1-2058
OG0002380	YKL061W	snap_masked-NODE_40_length_94096_cov_21.267_ID_79-processed-gene-0.89-mRNA-1_1&gene=snap_masked-NODE_40_length_94096_cov_21.267_ID_79-processed-gene-0.89&CDS=1-354
OG0002381	YKL062W	augustus_masked-NODE_2_length_515064_cov_21.8181_ID_3-processed-gene-2.65-mRNA-1_1&gene=augustus_masked-NODE_2_length_515064_cov_21.8181_ID_3-processed-gene-2.65&CDS=1-1464
OG0002382	YKL063C	snap_masked-NODE_2_length_515064_cov_21.8181_ID_3-processed-gene-2.137-mRNA-1_1&gene=snap_masked-NODE_2_length_515064_cov_21.8181_ID_3-processed-gene-2.137&CDS=1-477
OG0002383	YKL064W	snap_masked-NODE_2_length_515064_cov_21.8181_ID_3-processed-gene-2.114-mRNA-1_1&gene=snap_masked-NODE_2_length_515064_cov_21.8181_ID_3-processed-gene-2.114&CDS=1-3009
OG0002384	YKL065C	snap_masked-NODE_2_length_515064_cov_21.8181_ID_3-processed-gene-2.113-mRNA-1_1&gene=snap_masked-NODE_2_length_515064_cov_21.8181_ID_3-processed-gene-2.113&CDS=1-597
OG0002385	YKL067W	snap_masked-NODE_2_length_515064_cov_21.8181_ID_3-processed-gene-2.110-mRNA-1_1&gene=snap_masked-NODE_2_length_515064_cov_21.8181_ID_3-processed-gene-2.110&CDS=1-453
OG0002386	YKL068W-A	augustus_masked-NODE_2_length_515064_cov_21.8181_ID_3-processed-gene-2.57-mRNA-1_1&gene=augustus_masked-NODE_2_length_515064_cov_21.8181_ID_3-processed-gene-2.57&CDS=1-237
OG0002387	YKL069W	augustus_masked-NODE_2_length_515064_cov_21.8181_ID_3-processed-gene-1.65-mRNA-1_1&gene=augustus_masked-NODE_2_length_515064_cov_21.8181_ID_3-processed-gene-1.65&CDS=1-543
OG0002388	YKL073W	snap_masked-NODE_2_length_515064_cov_21.8181_ID_3-processed-gene-1.104-mRNA-1_1&gene=snap_masked-NODE_2_length_515064_cov_21.8181_ID_3-processed-gene-1.104&CDS=1-2661
OG0002389	YKL074C	snap_masked-NODE_2_length_515064_cov_21.8181_ID_3-processed-gene-1.124-mRNA-1_1&gene=snap_masked-NODE_2_length_515064_cov_21.8181_ID_3-processed-gene-1.124&CDS=1-1551
OG0002390	YKL075C	augustus_masked-NODE_2_length_515064_cov_21.8181_ID_3-processed-gene-1.79-mRNA-1_1&gene=augustus_masked-NODE_2_length_515064_cov_21.8181_ID_3-processed-gene-1.79&CDS=1-1335
OG0002391	YKL077W	snap_masked-NODE_2_length_515064_cov_21.8181_ID_3-processed-gene-1.103-mRNA-1_1&gene=snap_masked-NODE_2_length_515064_cov_21.8181_ID_3-processed-gene-1.103&CDS=1-1161
OG0002392	YKL078W	snap_masked-NODE_2_length_515064_cov_21.8181_ID_3-processed-gene-1.102-mRNA-1_1&gene=snap_masked-NODE_2_length_515064_cov_21.8181_ID_3-processed-gene-1.102&CDS=1-2208
OG0002393	YKL079W	snap_masked-NODE_65_length_46413_cov_20.6311_ID_129-processed-gene-0.19-mRNA-1_1&gene=snap_masked-NODE_65_length_46413_cov_20.6311_ID_129-processed-gene-0.19&CDS=1-1881
OG0002394	YKL080W	snap_masked-NODE_65_length_46413_cov_20.6311_ID_129-processed-gene-0.20-mRNA-1_1&gene=snap_masked-NODE_65_length_46413_cov_20.6311_ID_129-processed-gene-0.20&CDS=1-1185
OG0002395	YKL082C	snap_masked-NODE_65_length_46413_cov_20.6311_ID_129-processed-gene-0.4-mRNA-1_1&gene=snap_masked-NODE_65_length_46413_cov_20.6311_ID_129-processed-gene-0.4&CDS=1-1266
OG0002396	YKL085W	augustus_masked-NODE_65_length_46413_cov_20.6311_ID_129-processed-gene-0.47-mRNA-1_1&gene=augustus_masked-NODE_65_length_46413_cov_20.6311_ID_129-processed-gene-0.47&CDS=1-1032
OG0002397	YKL088W	augustus_masked-NODE_27_length_129316_cov_23.4348_ID_53-processed-gene-0.137-mRNA-1_1&gene=augustus_masked-NODE_27_length_129316_cov_23.4348_ID_53-processed-gene-0.137&CDS=1-1779
OG0002398	YKL090W	augustus_masked-NODE_40_length_94096_cov_21.267_ID_79-processed-gene-0.31-mRNA-1_1&gene=augustus_masked-NODE_40_length_94096_cov_21.267_ID_79-processed-gene-0.31&CDS=1-1341
OG0002399	YKL092C	snap_masked-NODE_72_length_31228_cov_21.041_ID_143-processed-gene-0.7-mRNA-1_1&gene=snap_masked-NODE_72_length_31228_cov_21.041_ID_143-processed-gene-0.7&CDS=1-3012
OG0002400	YKL094W	maker-NODE_72_length_31228_cov_21.041_ID_143-augustus-gene-0.1-mRNA-1_1&gene=maker-NODE_72_length_31228_cov_21.041_ID_143-augustus-gene-0.1&CDS=1-3060
OG0002401	YKL096W	maker-NODE_62_length_47433_cov_19.885_ID_123-snap-gene-0.52-mRNA-1_1&gene=maker-NODE_62_length_47433_cov_19.885_ID_123-snap-gene-0.52&CDS=1-4866
OG0002402	YKL099C	snap_masked-NODE_72_length_31228_cov_21.041_ID_143-processed-gene-0.8-mRNA-1_1&gene=snap_masked-NODE_72_length_31228_cov_21.041_ID_143-processed-gene-0.8&CDS=1-753
OG0002403	YKL100C	snap_masked-NODE_1_length_611906_cov_21.093_ID_1-processed-gene-3.59-mRNA-1_1&gene=snap_masked-NODE_1_length_611906_cov_21.093_ID_1-processed-gene-3.59&CDS=1-1701
OG0002404	YKL101W	snap_masked-NODE_72_length_31228_cov_21.041_ID_143-processed-gene-0.6-mRNA-1_1&gene=snap_masked-NODE_72_length_31228_cov_21.041_ID_143-processed-gene-0.6&CDS=1-4173
OG0002405	YKL103C	augustus_masked-NODE_72_length_31228_cov_21.041_ID_143-processed-gene-0.24-mRNA-1_1&gene=augustus_masked-NODE_72_length_31228_cov_21.041_ID_143-processed-gene-0.24&CDS=1-1527
OG0002406	YKL104C	snap_masked-NODE_72_length_31228_cov_21.041_ID_143-processed-gene-0.10-mRNA-1_1&gene=snap_masked-NODE_72_length_31228_cov_21.041_ID_143-processed-gene-0.10&CDS=1-2163
OG0002407	YKL106W	augustus_masked-NODE_72_length_31228_cov_21.041_ID_143-processed-gene-0.18-mRNA-1_1&gene=augustus_masked-NODE_72_length_31228_cov_21.041_ID_143-processed-gene-0.18&CDS=1-2148
OG0002408	YKL108W	snap_masked-NODE_72_length_31228_cov_21.041_ID_143-processed-gene-0.3-mRNA-1_1&gene=snap_masked-NODE_72_length_31228_cov_21.041_ID_143-processed-gene-0.3&CDS=1-972
OG0002409	YKL110C	snap_masked-NODE_59_length_54112_cov_20.9613_ID_117-processed-gene-0.85-mRNA-1_1&gene=snap_masked-NODE_59_length_54112_cov_20.9613_ID_117-processed-gene-0.85&CDS=1-915
OG0002410	YKL112W	maker-NODE_1_length_611906_cov_21.093_ID_1-snap-gene-2.1-mRNA-1_1&gene=maker-NODE_1_length_611906_cov_21.093_ID_1-snap-gene-2.1&CDS=1-1578
OG0002411	YKL113C	snap_masked-NODE_1_length_611906_cov_21.093_ID_1-processed-gene-2.105-mRNA-1_1&gene=snap_masked-NODE_1_length_611906_cov_21.093_ID_1-processed-gene-2.105&CDS=1-1131
OG0002412	YKL114C	snap_masked-NODE_59_length_54112_cov_20.9613_ID_117-processed-gene-0.84-mRNA-1_1&gene=snap_masked-NODE_59_length_54112_cov_20.9613_ID_117-processed-gene-0.84&CDS=1-1026
OG0002413	YKL116C	snap_masked-NODE_59_length_54112_cov_20.9613_ID_117-processed-gene-0.83-mRNA-1_1&gene=snap_masked-NODE_59_length_54112_cov_20.9613_ID_117-processed-gene-0.83&CDS=1-1512
OG0002414	YKL117W	snap_masked-NODE_59_length_54112_cov_20.9613_ID_117-processed-gene-0.68-mRNA-1_1&gene=snap_masked-NODE_59_length_54112_cov_20.9613_ID_117-processed-gene-0.68&CDS=1-741
OG0002415	YKL119C	snap_masked-NODE_59_length_54112_cov_20.9613_ID_117-processed-gene-0.82-mRNA-1_1&gene=snap_masked-NODE_59_length_54112_cov_20.9613_ID_117-processed-gene-0.82&CDS=1-657
OG0002416	YKL120W	snap_masked-NODE_59_length_54112_cov_20.9613_ID_117-processed-gene-0.67-mRNA-1_1&gene=snap_masked-NODE_59_length_54112_cov_20.9613_ID_117-processed-gene-0.67&CDS=1-963
OG0002417	YKL122C	snap_masked-NODE_59_length_54112_cov_20.9613_ID_117-processed-gene-0.81-mRNA-1_1&gene=snap_masked-NODE_59_length_54112_cov_20.9613_ID_117-processed-gene-0.81&CDS=1-453
OG0002418	YKL124W	augustus_masked-NODE_59_length_54112_cov_20.9613_ID_117-processed-gene-0.39-mRNA-1_1&gene=augustus_masked-NODE_59_length_54112_cov_20.9613_ID_117-processed-gene-0.39&CDS=1-1617
OG0002419	YKL128C	snap_masked-NODE_59_length_54112_cov_20.9613_ID_117-processed-gene-0.80-mRNA-1_1&gene=snap_masked-NODE_59_length_54112_cov_20.9613_ID_117-processed-gene-0.80&CDS=1-864
OG0002420	YKL130C	snap_masked-NODE_59_length_54112_cov_20.9613_ID_117-processed-gene-0.77-mRNA-1_1&gene=snap_masked-NODE_59_length_54112_cov_20.9613_ID_117-processed-gene-0.77&CDS=1-714
OG0002421	YKL134C	snap_masked-NODE_59_length_54112_cov_20.9613_ID_117-processed-gene-0.74-mRNA-1_1&gene=snap_masked-NODE_59_length_54112_cov_20.9613_ID_117-processed-gene-0.74&CDS=1-2337
OG0002422	YKL135C	snap_masked-NODE_59_length_54112_cov_20.9613_ID_117-processed-gene-0.73-mRNA-1_1&gene=snap_masked-NODE_59_length_54112_cov_20.9613_ID_117-processed-gene-0.73&CDS=1-2148
OG0002423	YKL137W	snap_masked-NODE_59_length_54112_cov_20.9613_ID_117-processed-gene-0.62-mRNA-1_1&gene=snap_masked-NODE_59_length_54112_cov_20.9613_ID_117-processed-gene-0.62&CDS=1-321
OG0002424	YKL138C	augustus_masked-NODE_59_length_54112_cov_20.9613_ID_117-processed-gene-0.45-mRNA-1_1&gene=augustus_masked-NODE_59_length_54112_cov_20.9613_ID_117-processed-gene-0.45&CDS=1-576
OG0002425	YKL140W	snap_masked-NODE_59_length_54112_cov_20.9613_ID_117-processed-gene-0.60-mRNA-1_1&gene=snap_masked-NODE_59_length_54112_cov_20.9613_ID_117-processed-gene-0.60&CDS=1-1539
OG0002426	YKL141W	snap_masked-NODE_59_length_54112_cov_20.9613_ID_117-processed-gene-0.59-mRNA-1_1&gene=snap_masked-NODE_59_length_54112_cov_20.9613_ID_117-processed-gene-0.59&CDS=1-537
OG0002427	YKL142W	snap_masked-NODE_75_length_28403_cov_20.7601_ID_149-processed-gene-0.36-mRNA-1_1&gene=snap_masked-NODE_75_length_28403_cov_20.7601_ID_149-processed-gene-0.36&CDS=1-660
OG0002428	YKL143W	snap_masked-NODE_75_length_28403_cov_20.7601_ID_149-processed-gene-0.37-mRNA-1_1&gene=snap_masked-NODE_75_length_28403_cov_20.7601_ID_149-processed-gene-0.37&CDS=1-1440
OG0002429	YKL144C	snap_masked-NODE_75_length_28403_cov_20.7601_ID_149-processed-gene-0.30-mRNA-1_1&gene=snap_masked-NODE_75_length_28403_cov_20.7601_ID_149-processed-gene-0.30&CDS=1-663
OG0002430	YKL145W	snap_masked-NODE_85_length_20361_cov_19.8046_ID_169-processed-gene-0.11-mRNA-1_1&gene=snap_masked-NODE_85_length_20361_cov_19.8046_ID_169-processed-gene-0.11&CDS=1-1446
OG0002431	YKL146W	snap_masked-NODE_85_length_20361_cov_19.8046_ID_169-processed-gene-0.9-mRNA-1_1&gene=snap_masked-NODE_85_length_20361_cov_19.8046_ID_169-processed-gene-0.9&CDS=1-1917
OG0002432	YKL148C	augustus_masked-NODE_85_length_20361_cov_19.8046_ID_169-processed-gene-0.22-mRNA-1_1&gene=augustus_masked-NODE_85_length_20361_cov_19.8046_ID_169-processed-gene-0.22&CDS=1-1908
OG0002433	YKL149C	snap_masked-NODE_45_length_86374_cov_21.9482_ID_89-processed-gene-0.97-mRNA-1_1&gene=snap_masked-NODE_45_length_86374_cov_21.9482_ID_89-processed-gene-0.97&CDS=1-1146
OG0002434	YKL150W	snap_masked-NODE_45_length_86374_cov_21.9482_ID_89-processed-gene-0.81-mRNA-1_1&gene=snap_masked-NODE_45_length_86374_cov_21.9482_ID_89-processed-gene-0.81&CDS=1-942
OG0002435	YKL152C	augustus_masked-NODE_45_length_86374_cov_21.9482_ID_89-processed-gene-0.59-mRNA-1_1&gene=augustus_masked-NODE_45_length_86374_cov_21.9482_ID_89-processed-gene-0.59&CDS=1-1668
OG0002436	YKL154W	snap_masked-NODE_45_length_86374_cov_21.9482_ID_89-processed-gene-0.94-mRNA-1_1&gene=snap_masked-NODE_45_length_86374_cov_21.9482_ID_89-processed-gene-0.94&CDS=1-726
OG0002437	YKL155C	snap_masked-NODE_45_length_86374_cov_21.9482_ID_89-processed-gene-0.109-mRNA-1_1&gene=snap_masked-NODE_45_length_86374_cov_21.9482_ID_89-processed-gene-0.109&CDS=1-1683
OG0002438	YKL159C	genemark-NODE_45_length_86374_cov_21.9482_ID_89-processed-gene-0.18-mRNA-1_1&gene=genemark-NODE_45_length_86374_cov_21.9482_ID_89-processed-gene-0.18&CDS=1-615
OG0002439	YKL160W	augustus_masked-NODE_48_length_80761_cov_21.8578_ID_95-processed-gene-0.109-mRNA-1_1&gene=augustus_masked-NODE_48_length_80761_cov_21.8578_ID_95-processed-gene-0.109&CDS=1-372
OG0002440	YKL162C	augustus_masked-NODE_10_length_278180_cov_22.5073_ID_19-processed-gene-0.62-mRNA-1_1&gene=augustus_masked-NODE_10_length_278180_cov_22.5073_ID_19-processed-gene-0.62&CDS=1-1194
OG0002441	YKL165C	snap_masked-NODE_21_length_168541_cov_21.5361_ID_41-processed-gene-0.99-mRNA-1_1&gene=snap_masked-NODE_21_length_168541_cov_21.5361_ID_41-processed-gene-0.99&CDS=1-2775
OG0002442	YKL167C	augustus_masked-NODE_21_length_168541_cov_21.5361_ID_41-processed-gene-0.26-mRNA-1_1&gene=augustus_masked-NODE_21_length_168541_cov_21.5361_ID_41-processed-gene-0.26&CDS=1-402
OG0002443	YKL170W	augustus_masked-NODE_21_length_168541_cov_21.5361_ID_41-processed-gene-0.65-mRNA-1_1&gene=augustus_masked-NODE_21_length_168541_cov_21.5361_ID_41-processed-gene-0.65&CDS=1-2565
OG0002444	YKL172W	snap_masked-NODE_21_length_168541_cov_21.5361_ID_41-processed-gene-0.148-mRNA-1_1&gene=snap_masked-NODE_21_length_168541_cov_21.5361_ID_41-processed-gene-0.148&CDS=1-1230
OG0002445	YKL173W	augustus_masked-NODE_21_length_168541_cov_21.5361_ID_41-processed-gene-0.68-mRNA-1_1&gene=augustus_masked-NODE_21_length_168541_cov_21.5361_ID_41-processed-gene-0.68&CDS=1-2805
OG0002446	YKL174C	snap_masked-NODE_21_length_168541_cov_21.5361_ID_41-processed-gene-0.104-mRNA-1_1&gene=snap_masked-NODE_21_length_168541_cov_21.5361_ID_41-processed-gene-0.104&CDS=1-2001
OG0002447	YKL175W	snap_masked-NODE_21_length_168541_cov_21.5361_ID_41-processed-gene-0.150-mRNA-1_1&gene=snap_masked-NODE_21_length_168541_cov_21.5361_ID_41-processed-gene-0.150&CDS=1-1461
OG0002448	YKL176C	snap_masked-NODE_21_length_168541_cov_21.5361_ID_41-processed-gene-0.105-mRNA-1_1&gene=snap_masked-NODE_21_length_168541_cov_21.5361_ID_41-processed-gene-0.105&CDS=1-2325
OG0002449	YKL178C	snap_masked-NODE_21_length_168541_cov_21.5361_ID_41-processed-gene-0.106-mRNA-1_1&gene=snap_masked-NODE_21_length_168541_cov_21.5361_ID_41-processed-gene-0.106&CDS=1-1476
OG0002450	YKL179C	snap_masked-NODE_21_length_168541_cov_21.5361_ID_41-processed-gene-0.107-mRNA-1_1&gene=snap_masked-NODE_21_length_168541_cov_21.5361_ID_41-processed-gene-0.107&CDS=1-2055
OG0002451	YKL181W	snap_masked-NODE_33_length_108832_cov_20.4996_ID_65-processed-gene-0.78-mRNA-1_1&gene=snap_masked-NODE_33_length_108832_cov_20.4996_ID_65-processed-gene-0.78&CDS=1-1293
OG0002452	YKL182W	snap_masked-NODE_13_length_242978_cov_21.7015_ID_25-processed-gene-0.17-mRNA-1_1&gene=snap_masked-NODE_13_length_242978_cov_21.7015_ID_25-processed-gene-0.17&CDS=1-6126
OG0002453	YKL183W	snap_masked-NODE_33_length_108832_cov_20.4996_ID_65-processed-gene-0.77-mRNA-1_1&gene=snap_masked-NODE_33_length_108832_cov_20.4996_ID_65-processed-gene-0.77&CDS=1-879
OG0002454	YKL184W	snap_masked-NODE_33_length_108832_cov_20.4996_ID_65-processed-gene-0.76-mRNA-1_1&gene=snap_masked-NODE_33_length_108832_cov_20.4996_ID_65-processed-gene-0.76&CDS=1-1326
OG0002455	YKL185W	snap_masked-NODE_33_length_108832_cov_20.4996_ID_65-processed-gene-0.75-mRNA-1_1&gene=snap_masked-NODE_33_length_108832_cov_20.4996_ID_65-processed-gene-0.75&CDS=1-1566
OG0002456	YKL188C	snap_masked-NODE_33_length_108832_cov_20.4996_ID_65-processed-gene-0.104-mRNA-1_1&gene=snap_masked-NODE_33_length_108832_cov_20.4996_ID_65-processed-gene-0.104&CDS=1-2505
OG0002457	YKL189W	augustus_masked-NODE_33_length_108832_cov_20.4996_ID_65-processed-gene-0.127-mRNA-1_1&gene=augustus_masked-NODE_33_length_108832_cov_20.4996_ID_65-processed-gene-0.127&CDS=1-1158
OG0002458	YKL190W	snap_masked-NODE_13_length_242978_cov_21.7015_ID_25-processed-gene-0.14-mRNA-1_1&gene=snap_masked-NODE_13_length_242978_cov_21.7015_ID_25-processed-gene-0.14&CDS=1-525
OG0002459	YKL191W	snap_masked-NODE_33_length_108832_cov_20.4996_ID_65-processed-gene-0.72-mRNA-1_1&gene=snap_masked-NODE_33_length_108832_cov_20.4996_ID_65-processed-gene-0.72&CDS=1-1677
OG0002460	YKL192C	snap_masked-NODE_13_length_242978_cov_21.7015_ID_25-processed-gene-0.6-mRNA-1_1&gene=snap_masked-NODE_13_length_242978_cov_21.7015_ID_25-processed-gene-0.6&CDS=1-372
OG0002461	YKL193C	snap_masked-NODE_33_length_108832_cov_20.4996_ID_65-processed-gene-0.102-mRNA-1_1&gene=snap_masked-NODE_33_length_108832_cov_20.4996_ID_65-processed-gene-0.102&CDS=1-1014
OG0002462	YKL194C	snap_masked-NODE_33_length_108832_cov_20.4996_ID_65-processed-gene-0.101-mRNA-1_1&gene=snap_masked-NODE_33_length_108832_cov_20.4996_ID_65-processed-gene-0.101&CDS=1-1374
OG0002463	YKL195W	snap_masked-NODE_13_length_242978_cov_21.7015_ID_25-processed-gene-0.29-mRNA-1_1&gene=snap_masked-NODE_13_length_242978_cov_21.7015_ID_25-processed-gene-0.29&CDS=1-987
OG0002464	YKL196C	snap_masked-NODE_33_length_108832_cov_20.4996_ID_65-processed-gene-0.100-mRNA-1_1&gene=snap_masked-NODE_33_length_108832_cov_20.4996_ID_65-processed-gene-0.100&CDS=1-600
OG0002465	YKL197C	augustus_masked-NODE_44_length_88190_cov_24.0211_ID_87-processed-gene-0.63-mRNA-1_1&gene=augustus_masked-NODE_44_length_88190_cov_24.0211_ID_87-processed-gene-0.63&CDS=1-3030
OG0002466	YKL205W	snap_masked-NODE_44_length_88190_cov_24.0211_ID_87-processed-gene-0.8-mRNA-1_1&gene=snap_masked-NODE_44_length_88190_cov_24.0211_ID_87-processed-gene-0.8&CDS=1-3189
OG0002467	YKL206C	augustus_masked-NODE_54_length_62112_cov_22.9458_ID_107-processed-gene-0.33-mRNA-1_1&gene=augustus_masked-NODE_54_length_62112_cov_22.9458_ID_107-processed-gene-0.33&CDS=1-876
OG0002468	YKL207W	snap_masked-NODE_44_length_88190_cov_24.0211_ID_87-processed-gene-0.4-mRNA-1_1&gene=snap_masked-NODE_44_length_88190_cov_24.0211_ID_87-processed-gene-0.4&CDS=1-822
OG0002469	YKL208W	snap_masked-NODE_44_length_88190_cov_24.0211_ID_87-processed-gene-0.3-mRNA-1_1&gene=snap_masked-NODE_44_length_88190_cov_24.0211_ID_87-processed-gene-0.3&CDS=1-693
OG0002470	YKL209C	snap_masked-NODE_44_length_88190_cov_24.0211_ID_87-processed-gene-0.22-mRNA-1_1&gene=snap_masked-NODE_44_length_88190_cov_24.0211_ID_87-processed-gene-0.22&CDS=1-3750
OG0002471	YKL210W	snap_masked-NODE_44_length_88190_cov_24.0211_ID_87-processed-gene-0.2-mRNA-1_1&gene=snap_masked-NODE_44_length_88190_cov_24.0211_ID_87-processed-gene-0.2&CDS=1-3036
OG0002472	YKL211C	augustus_masked-NODE_44_length_88190_cov_24.0211_ID_87-processed-gene-0.57-mRNA-1_1&gene=augustus_masked-NODE_44_length_88190_cov_24.0211_ID_87-processed-gene-0.57&CDS=1-1473
OG0002473	YKL212W	snap_masked-NODE_44_length_88190_cov_24.0211_ID_87-processed-gene-0.0-mRNA-1_1&gene=snap_masked-NODE_44_length_88190_cov_24.0211_ID_87-processed-gene-0.0&CDS=1-1872
OG0002474	YKL213C	maker-NODE_44_length_88190_cov_24.0211_ID_87-snap-gene-0.75-mRNA-1_1&gene=maker-NODE_44_length_88190_cov_24.0211_ID_87-snap-gene-0.75&CDS=1-2697
OG0002475	YKL215C	snap_masked-NODE_87_length_17139_cov_25.1836_ID_173-processed-gene-0.4-mRNA-1_1&gene=snap_masked-NODE_87_length_17139_cov_25.1836_ID_173-processed-gene-0.4&CDS=1-3855
OG0002476	YKL216W	augustus_masked-NODE_28_length_123417_cov_23.6155_ID_55-processed-gene-0.123-mRNA-1_1&gene=augustus_masked-NODE_28_length_123417_cov_23.6155_ID_55-processed-gene-0.123&CDS=1-1920
OG0002477	YKR001C	maker-NODE_40_length_94096_cov_21.267_ID_79-augustus-gene-0.4-mRNA-1_1&gene=maker-NODE_40_length_94096_cov_21.267_ID_79-augustus-gene-0.4&CDS=1-2724
OG0002478	YKR002W	snap_masked-NODE_40_length_94096_cov_21.267_ID_79-processed-gene-0.102-mRNA-1_1&gene=snap_masked-NODE_40_length_94096_cov_21.267_ID_79-processed-gene-0.102&CDS=1-1677
OG0002479	YKR003W	snap_masked-NODE_40_length_94096_cov_21.267_ID_79-processed-gene-0.101-mRNA-1_1&gene=snap_masked-NODE_40_length_94096_cov_21.267_ID_79-processed-gene-0.101&CDS=1-1338
OG0002480	YKR004C	snap_masked-NODE_40_length_94096_cov_21.267_ID_79-processed-gene-0.78-mRNA-1_1&gene=snap_masked-NODE_40_length_94096_cov_21.267_ID_79-processed-gene-0.78&CDS=1-1053
OG0002481	YKR005C	augustus_masked-NODE_40_length_94096_cov_21.267_ID_79-processed-gene-0.26-mRNA-1_1&gene=augustus_masked-NODE_40_length_94096_cov_21.267_ID_79-processed-gene-0.26&CDS=1-1506
OG0002482	YKR006C	snap_masked-NODE_40_length_94096_cov_21.267_ID_79-processed-gene-0.76-mRNA-1_1&gene=snap_masked-NODE_40_length_94096_cov_21.267_ID_79-processed-gene-0.76&CDS=1-762
OG0002483	YKR007W	snap_masked-NODE_40_length_94096_cov_21.267_ID_79-processed-gene-0.100-mRNA-1_1&gene=snap_masked-NODE_40_length_94096_cov_21.267_ID_79-processed-gene-0.100&CDS=1-537
OG0002484	YKR008W	snap_masked-NODE_40_length_94096_cov_21.267_ID_79-processed-gene-0.99-mRNA-1_1&gene=snap_masked-NODE_40_length_94096_cov_21.267_ID_79-processed-gene-0.99&CDS=1-1692
OG0002485	YKR009C	snap_masked-NODE_40_length_94096_cov_21.267_ID_79-processed-gene-0.75-mRNA-1_1&gene=snap_masked-NODE_40_length_94096_cov_21.267_ID_79-processed-gene-0.75&CDS=1-3615
OG0002486	YKR011C	augustus_masked-NODE_21_length_168541_cov_21.5361_ID_41-processed-gene-0.36-mRNA-1_1&gene=augustus_masked-NODE_21_length_168541_cov_21.5361_ID_41-processed-gene-0.36&CDS=1-978
OG0002487	YKR013W	snap_masked-NODE_21_length_168541_cov_21.5361_ID_41-processed-gene-0.78-mRNA-1_1&gene=snap_masked-NODE_21_length_168541_cov_21.5361_ID_41-processed-gene-0.78&CDS=1-840
OG0002488	YKR014C	snap_masked-NODE_21_length_168541_cov_21.5361_ID_41-processed-gene-0.115-mRNA-1_1&gene=snap_masked-NODE_21_length_168541_cov_21.5361_ID_41-processed-gene-0.115&CDS=1-624
OG0002489	YKR016W	augustus_masked-NODE_21_length_168541_cov_21.5361_ID_41-processed-gene-0.1-mRNA-1_1&gene=augustus_masked-NODE_21_length_168541_cov_21.5361_ID_41-processed-gene-0.1&CDS=1-1629
OG0002490	YKR017C	augustus_masked-NODE_21_length_168541_cov_21.5361_ID_41-processed-gene-0.39-mRNA-1_1&gene=augustus_masked-NODE_21_length_168541_cov_21.5361_ID_41-processed-gene-0.39&CDS=1-1617
OG0002491	YKR018C	snap_masked-NODE_21_length_168541_cov_21.5361_ID_41-processed-gene-0.118-mRNA-1_1&gene=snap_masked-NODE_21_length_168541_cov_21.5361_ID_41-processed-gene-0.118&CDS=1-2166
OG0002492	YKR020W	augustus_masked-NODE_21_length_168541_cov_21.5361_ID_41-processed-gene-0.2-mRNA-1_1&gene=augustus_masked-NODE_21_length_168541_cov_21.5361_ID_41-processed-gene-0.2&CDS=1-393
OG0002493	YKR022C	snap_masked-NODE_21_length_168541_cov_21.5361_ID_41-processed-gene-0.119-mRNA-1_1&gene=snap_masked-NODE_21_length_168541_cov_21.5361_ID_41-processed-gene-0.119&CDS=1-753
OG0002494	YKR023W	snap_masked-NODE_21_length_168541_cov_21.5361_ID_41-processed-gene-0.123-mRNA-1_1&gene=snap_masked-NODE_21_length_168541_cov_21.5361_ID_41-processed-gene-0.123&CDS=1-1569
OG0002495	YKR024C	snap_masked-NODE_21_length_168541_cov_21.5361_ID_41-processed-gene-0.82-mRNA-1_1&gene=snap_masked-NODE_21_length_168541_cov_21.5361_ID_41-processed-gene-0.82&CDS=1-2244
OG0002496	YKR025W	snap_masked-NODE_21_length_168541_cov_21.5361_ID_41-processed-gene-0.122-mRNA-1_1&gene=snap_masked-NODE_21_length_168541_cov_21.5361_ID_41-processed-gene-0.122&CDS=1-801
OG0002497	YKR026C	snap_masked-NODE_21_length_168541_cov_21.5361_ID_41-processed-gene-0.81-mRNA-1_1&gene=snap_masked-NODE_21_length_168541_cov_21.5361_ID_41-processed-gene-0.81&CDS=1-918
OG0002498	YKR035W-A	genemark-NODE_21_length_168541_cov_21.5361_ID_41-processed-gene-0.181-mRNA-1_1&gene=genemark-NODE_21_length_168541_cov_21.5361_ID_41-processed-gene-0.181&CDS=1-606
OG0002499	YKR037C	augustus_masked-NODE_21_length_168541_cov_21.5361_ID_41-processed-gene-0.50-mRNA-1_1&gene=augustus_masked-NODE_21_length_168541_cov_21.5361_ID_41-processed-gene-0.50&CDS=1-771
OG0002500	YKR038C	snap_masked-NODE_21_length_168541_cov_21.5361_ID_41-processed-gene-0.129-mRNA-1_1&gene=snap_masked-NODE_21_length_168541_cov_21.5361_ID_41-processed-gene-0.129&CDS=1-1158
OG0002501	YKR039W	snap_masked-NODE_19_length_179553_cov_20.8368_ID_37-processed-gene-0.120-mRNA-1_1&gene=snap_masked-NODE_19_length_179553_cov_20.8368_ID_37-processed-gene-0.120&CDS=1-1782
OG0002502	YKR043C	snap_masked-NODE_21_length_168541_cov_21.5361_ID_41-processed-gene-0.130-mRNA-1_1&gene=snap_masked-NODE_21_length_168541_cov_21.5361_ID_41-processed-gene-0.130&CDS=1-813
OG0002503	YKR044W	snap_masked-NODE_21_length_168541_cov_21.5361_ID_41-processed-gene-0.85-mRNA-1_1&gene=snap_masked-NODE_21_length_168541_cov_21.5361_ID_41-processed-gene-0.85&CDS=1-1326
OG0002504	YKR045C	snap_masked-NODE_21_length_168541_cov_21.5361_ID_41-processed-gene-0.131-mRNA-1_1&gene=snap_masked-NODE_21_length_168541_cov_21.5361_ID_41-processed-gene-0.131&CDS=1-762
OG0002505	YKR046C	augustus_masked-NODE_21_length_168541_cov_21.5361_ID_41-processed-gene-0.54-mRNA-1_1&gene=augustus_masked-NODE_21_length_168541_cov_21.5361_ID_41-processed-gene-0.54&CDS=1-798
OG0002506	YKR048C	snap_masked-NODE_21_length_168541_cov_21.5361_ID_41-processed-gene-0.133-mRNA-1_1&gene=snap_masked-NODE_21_length_168541_cov_21.5361_ID_41-processed-gene-0.133&CDS=1-1227
OG0002507	YKR049C	snap_masked-NODE_21_length_168541_cov_21.5361_ID_41-processed-gene-0.134-mRNA-1_1&gene=snap_masked-NODE_21_length_168541_cov_21.5361_ID_41-processed-gene-0.134&CDS=1-390
OG0002508	YKR051W	snap_masked-NODE_21_length_168541_cov_21.5361_ID_41-processed-gene-0.87-mRNA-1_1&gene=snap_masked-NODE_21_length_168541_cov_21.5361_ID_41-processed-gene-0.87&CDS=1-1152
OG0002509	YKR054C	maker-NODE_21_length_168541_cov_21.5361_ID_41-snap-gene-0.167-mRNA-1_1&gene=maker-NODE_21_length_168541_cov_21.5361_ID_41-snap-gene-0.167&CDS=1-13479
OG0002510	YKR056W	maker-NODE_21_length_168541_cov_21.5361_ID_41-snap-gene-0.164-mRNA-1_1&gene=maker-NODE_21_length_168541_cov_21.5361_ID_41-snap-gene-0.164&CDS=1-2475
OG0002511	YKR060W	snap_masked-NODE_21_length_168541_cov_21.5361_ID_41-processed-gene-0.91-mRNA-1_1&gene=snap_masked-NODE_21_length_168541_cov_21.5361_ID_41-processed-gene-0.91&CDS=1-819
OG0002512	YKR062W	snap_masked-NODE_21_length_168541_cov_21.5361_ID_41-processed-gene-0.93-mRNA-1_1&gene=snap_masked-NODE_21_length_168541_cov_21.5361_ID_41-processed-gene-0.93&CDS=1-942
OG0002513	YKR063C	snap_masked-NODE_21_length_168541_cov_21.5361_ID_41-processed-gene-0.141-mRNA-1_1&gene=snap_masked-NODE_21_length_168541_cov_21.5361_ID_41-processed-gene-0.141&CDS=1-1437
OG0002514	YKR066C	maker-NODE_21_length_168541_cov_21.5361_ID_41-snap-gene-0.168-mRNA-1_1&gene=maker-NODE_21_length_168541_cov_21.5361_ID_41-snap-gene-0.168&CDS=1-1713
OG0002515	YKR067W	snap_masked-NODE_10_length_278180_cov_22.5073_ID_19-processed-gene-0.17-mRNA-1_1&gene=snap_masked-NODE_10_length_278180_cov_22.5073_ID_19-processed-gene-0.17&CDS=1-2142
OG0002516	YKR068C	augustus_masked-NODE_10_length_278180_cov_22.5073_ID_19-processed-gene-0.86-mRNA-1_1&gene=augustus_masked-NODE_10_length_278180_cov_22.5073_ID_19-processed-gene-0.86&CDS=1-621
OG0002517	YKR069W	snap_masked-NODE_10_length_278180_cov_22.5073_ID_19-processed-gene-0.18-mRNA-1_1&gene=snap_masked-NODE_10_length_278180_cov_22.5073_ID_19-processed-gene-0.18&CDS=1-1770
OG0002518	YKR070W	augustus_masked-NODE_10_length_278180_cov_22.5073_ID_19-processed-gene-0.65-mRNA-1_1&gene=augustus_masked-NODE_10_length_278180_cov_22.5073_ID_19-processed-gene-0.65&CDS=1-1050
OG0002519	YKR071C	snap_masked-NODE_10_length_278180_cov_22.5073_ID_19-processed-gene-0.44-mRNA-1_1&gene=snap_masked-NODE_10_length_278180_cov_22.5073_ID_19-processed-gene-0.44&CDS=1-954
OG0002520	YKR074W	snap_masked-NODE_88_length_16995_cov_24.747_ID_175-processed-gene-0.21-mRNA-1_1&gene=snap_masked-NODE_88_length_16995_cov_24.747_ID_175-processed-gene-0.21&CDS=1-432
OG0002521	YKR075C	augustus_masked-NODE_88_length_16995_cov_24.747_ID_175-processed-gene-0.18-mRNA-1_1&gene=augustus_masked-NODE_88_length_16995_cov_24.747_ID_175-processed-gene-0.18&CDS=1-699
OG0002522	YKR076W	snap_masked-NODE_50_length_70364_cov_20.7158_ID_99-processed-gene-0.85-mRNA-1_1&gene=snap_masked-NODE_50_length_70364_cov_20.7158_ID_99-processed-gene-0.85&CDS=1-1074
OG0002523	YKR079C	augustus_masked-NODE_50_length_70364_cov_20.7158_ID_99-processed-gene-0.42-mRNA-1_1&gene=augustus_masked-NODE_50_length_70364_cov_20.7158_ID_99-processed-gene-0.42&CDS=1-2445
OG0002524	YKR080W	snap_masked-NODE_50_length_70364_cov_20.7158_ID_99-processed-gene-0.83-mRNA-1_1&gene=snap_masked-NODE_50_length_70364_cov_20.7158_ID_99-processed-gene-0.83&CDS=1-969
OG0002525	YKR081C	snap_masked-NODE_70_length_34369_cov_23.842_ID_139-processed-gene-0.25-mRNA-1_1&gene=snap_masked-NODE_70_length_34369_cov_23.842_ID_139-processed-gene-0.25&CDS=1-1041
OG0002526	YKR082W	snap_masked-NODE_50_length_70364_cov_20.7158_ID_99-processed-gene-0.82-mRNA-1_1&gene=snap_masked-NODE_50_length_70364_cov_20.7158_ID_99-processed-gene-0.82&CDS=1-3504
OG0002527	YKR083C	snap_masked-NODE_9_length_289189_cov_21.4249_ID_17-processed-gene-1.38-mRNA-1_1&gene=snap_masked-NODE_9_length_289189_cov_21.4249_ID_17-processed-gene-1.38&CDS=1-336
OG0002528	YKR084C	snap_masked-NODE_50_length_70364_cov_20.7158_ID_99-processed-gene-0.65-mRNA-1_1&gene=snap_masked-NODE_50_length_70364_cov_20.7158_ID_99-processed-gene-0.65&CDS=1-1821
OG0002529	YKR085C	augustus_masked-NODE_50_length_70364_cov_20.7158_ID_99-processed-gene-0.39-mRNA-1_1&gene=augustus_masked-NODE_50_length_70364_cov_20.7158_ID_99-processed-gene-0.39&CDS=1-465
OG0002530	YKR086W	augustus_masked-NODE_50_length_70364_cov_20.7158_ID_99-processed-gene-0.52-mRNA-1_1&gene=augustus_masked-NODE_50_length_70364_cov_20.7158_ID_99-processed-gene-0.52&CDS=1-3327
OG0002531	YKR087C	augustus_masked-NODE_50_length_70364_cov_20.7158_ID_99-processed-gene-0.38-mRNA-1_1&gene=augustus_masked-NODE_50_length_70364_cov_20.7158_ID_99-processed-gene-0.38&CDS=1-993
OG0002532	YKR088C	snap_masked-NODE_50_length_70364_cov_20.7158_ID_99-processed-gene-0.63-mRNA-1_1&gene=snap_masked-NODE_50_length_70364_cov_20.7158_ID_99-processed-gene-0.63&CDS=1-963
OG0002533	YKR090W	snap_masked-NODE_50_length_70364_cov_20.7158_ID_99-processed-gene-0.78-mRNA-1_1&gene=snap_masked-NODE_50_length_70364_cov_20.7158_ID_99-processed-gene-0.78&CDS=1-1956
OG0002534	YKR092C	snap_masked-NODE_50_length_70364_cov_20.7158_ID_99-processed-gene-0.62-mRNA-1_1&gene=snap_masked-NODE_50_length_70364_cov_20.7158_ID_99-processed-gene-0.62&CDS=1-1005
OG0002535	YKR093W	snap_masked-NODE_50_length_70364_cov_20.7158_ID_99-processed-gene-0.77-mRNA-1_1&gene=snap_masked-NODE_50_length_70364_cov_20.7158_ID_99-processed-gene-0.77&CDS=1-1764
OG0002536	YKR095W-A	snap_masked-NODE_50_length_70364_cov_20.7158_ID_99-processed-gene-0.75-mRNA-1_1&gene=snap_masked-NODE_50_length_70364_cov_20.7158_ID_99-processed-gene-0.75&CDS=1-243
OG0002537	YKR097W	augustus_masked-NODE_50_length_70364_cov_20.7158_ID_99-processed-gene-0.48-mRNA-1_1&gene=augustus_masked-NODE_50_length_70364_cov_20.7158_ID_99-processed-gene-0.48&CDS=1-5844
OG0002538	YKR099W	snap_masked-NODE_50_length_70364_cov_20.7158_ID_99-processed-gene-0.72-mRNA-1_1&gene=snap_masked-NODE_50_length_70364_cov_20.7158_ID_99-processed-gene-0.72&CDS=1-2433
OG0002539	YKR100C	snap_masked-NODE_50_length_70364_cov_20.7158_ID_99-processed-gene-0.60-mRNA-1_1&gene=snap_masked-NODE_50_length_70364_cov_20.7158_ID_99-processed-gene-0.60&CDS=1-861
OG0002540	YKR101W	snap_masked-NODE_22_length_167286_cov_23.0006_ID_43-processed-gene-0.117-mRNA-1_1&gene=snap_masked-NODE_22_length_167286_cov_23.0006_ID_43-processed-gene-0.117&CDS=1-1818
OG0002541	YLL001W	snap_masked-NODE_85_length_20361_cov_19.8046_ID_169-processed-gene-0.8-mRNA-1_1&gene=snap_masked-NODE_85_length_20361_cov_19.8046_ID_169-processed-gene-0.8&CDS=1-2301
OG0002542	YLL002W	snap_masked-NODE_45_length_86374_cov_21.9482_ID_89-processed-gene-0.98-mRNA-1_1&gene=snap_masked-NODE_45_length_86374_cov_21.9482_ID_89-processed-gene-0.98&CDS=1-1275
OG0002543	YLL003W	augustus_masked-NODE_24_length_134792_cov_22.0422_ID_47-processed-gene-0.101-mRNA-1_1&gene=augustus_masked-NODE_24_length_134792_cov_22.0422_ID_47-processed-gene-0.101&CDS=1-2913
OG0002544	YLL004W	snap_masked-NODE_24_length_134792_cov_22.0422_ID_47-processed-gene-0.37-mRNA-1_1&gene=snap_masked-NODE_24_length_134792_cov_22.0422_ID_47-processed-gene-0.37&CDS=1-1872
OG0002545	YLL005C	augustus_masked-NODE_24_length_134792_cov_22.0422_ID_47-processed-gene-0.104-mRNA-1_1&gene=augustus_masked-NODE_24_length_134792_cov_22.0422_ID_47-processed-gene-0.104&CDS=1-2265
OG0002546	YLL006W	snap_masked-NODE_24_length_134792_cov_22.0422_ID_47-processed-gene-0.6-mRNA-1_1&gene=snap_masked-NODE_24_length_134792_cov_22.0422_ID_47-processed-gene-0.6&CDS=1-1401
OG0002547	YLL007C	augustus_masked-NODE_24_length_134792_cov_22.0422_ID_47-processed-gene-0.103-mRNA-1_1&gene=augustus_masked-NODE_24_length_134792_cov_22.0422_ID_47-processed-gene-0.103&CDS=1-2004
OG0002548	YLL008W	augustus_masked-NODE_24_length_134792_cov_22.0422_ID_47-processed-gene-0.105-mRNA-1_1&gene=augustus_masked-NODE_24_length_134792_cov_22.0422_ID_47-processed-gene-0.105&CDS=1-2241
OG0002549	YLL009C	snap_masked-NODE_24_length_134792_cov_22.0422_ID_47-processed-gene-0.7-mRNA-1_1&gene=snap_masked-NODE_24_length_134792_cov_22.0422_ID_47-processed-gene-0.7&CDS=1-201
OG0002550	YLL011W	maker-NODE_9_length_289189_cov_21.4249_ID_17-augustus-gene-1.3-mRNA-1_1&gene=maker-NODE_9_length_289189_cov_21.4249_ID_17-augustus-gene-1.3&CDS=1-3021
OG0002551	YLL013C	snap_masked-NODE_24_length_134792_cov_22.0422_ID_47-processed-gene-0.8-mRNA-1_1&gene=snap_masked-NODE_24_length_134792_cov_22.0422_ID_47-processed-gene-0.8&CDS=1-2469
OG0002552	YLL014W	snap_masked-NODE_24_length_134792_cov_22.0422_ID_47-processed-gene-0.42-mRNA-1_1&gene=snap_masked-NODE_24_length_134792_cov_22.0422_ID_47-processed-gene-0.42&CDS=1-336
OG0002553	YLL018C	snap_masked-NODE_25_length_134608_cov_22.6927_ID_49-processed-gene-0.26-mRNA-1_1&gene=snap_masked-NODE_25_length_134608_cov_22.6927_ID_49-processed-gene-0.26&CDS=1-1662
OG0002554	YLL018C-A	augustus_masked-NODE_25_length_134608_cov_22.6927_ID_49-processed-gene-0.82-mRNA-1_1&gene=augustus_masked-NODE_25_length_134608_cov_22.6927_ID_49-processed-gene-0.82&CDS=1-318
OG0002555	YLL019C	augustus_masked-NODE_25_length_134608_cov_22.6927_ID_49-processed-gene-0.83-mRNA-1_1&gene=augustus_masked-NODE_25_length_134608_cov_22.6927_ID_49-processed-gene-0.83&CDS=1-2040
OG0002556	YLL022C	augustus_masked-NODE_25_length_134608_cov_22.6927_ID_49-processed-gene-0.84-mRNA-1_1&gene=augustus_masked-NODE_25_length_134608_cov_22.6927_ID_49-processed-gene-0.84&CDS=1-1026
OG0002557	YLL023C	snap_masked-NODE_25_length_134608_cov_22.6927_ID_49-processed-gene-0.29-mRNA-1_1&gene=snap_masked-NODE_25_length_134608_cov_22.6927_ID_49-processed-gene-0.29&CDS=1-804
OG0002558	YLL026W	snap_masked-NODE_25_length_134608_cov_22.6927_ID_49-processed-gene-0.60-mRNA-1_1&gene=snap_masked-NODE_25_length_134608_cov_22.6927_ID_49-processed-gene-0.60&CDS=1-2736
OG0002559	YLL027W	augustus_masked-NODE_25_length_134608_cov_22.6927_ID_49-processed-gene-0.115-mRNA-1_1&gene=augustus_masked-NODE_25_length_134608_cov_22.6927_ID_49-processed-gene-0.115&CDS=1-738
OG0002560	YLL029W	augustus_masked-NODE_25_length_134608_cov_22.6927_ID_49-processed-gene-0.86-mRNA-1_1&gene=augustus_masked-NODE_25_length_134608_cov_22.6927_ID_49-processed-gene-0.86&CDS=1-2151
OG0002561	YLL031C	snap_masked-NODE_23_length_135800_cov_19.7169_ID_45-processed-gene-0.29-mRNA-1_1&gene=snap_masked-NODE_23_length_135800_cov_19.7169_ID_45-processed-gene-0.29&CDS=1-3042
OG0002562	YLL032C	snap_masked-NODE_32_length_114782_cov_21.7396_ID_63-processed-gene-0.92-mRNA-1_1&gene=snap_masked-NODE_32_length_114782_cov_21.7396_ID_63-processed-gene-0.92&CDS=1-2103
OG0002563	YLL033W	snap_masked-NODE_32_length_114782_cov_21.7396_ID_63-processed-gene-0.66-mRNA-1_1&gene=snap_masked-NODE_32_length_114782_cov_21.7396_ID_63-processed-gene-0.66&CDS=1-591
OG0002564	YLL034C	snap_masked-NODE_32_length_114782_cov_21.7396_ID_63-processed-gene-0.65-mRNA-1_1&gene=snap_masked-NODE_32_length_114782_cov_21.7396_ID_63-processed-gene-0.65&CDS=1-2490
OG0002565	YLL035W	snap_masked-NODE_32_length_114782_cov_21.7396_ID_63-processed-gene-0.91-mRNA-1_1&gene=snap_masked-NODE_32_length_114782_cov_21.7396_ID_63-processed-gene-0.91&CDS=1-1965
OG0002566	YLL036C	snap_masked-NODE_32_length_114782_cov_21.7396_ID_63-processed-gene-0.90-mRNA-1_1&gene=snap_masked-NODE_32_length_114782_cov_21.7396_ID_63-processed-gene-0.90&CDS=1-1509
OG0002567	YLL040C	maker-NODE_32_length_114782_cov_21.7396_ID_63-augustus-gene-0.157-mRNA-1_1&gene=maker-NODE_32_length_114782_cov_21.7396_ID_63-augustus-gene-0.157&CDS=1-10152
OG0002568	YLL043W	snap_masked-NODE_23_length_135800_cov_19.7169_ID_45-processed-gene-0.61-mRNA-1_1&gene=snap_masked-NODE_23_length_135800_cov_19.7169_ID_45-processed-gene-0.61&CDS=1-1830
OG0002569	YLL048C	snap_masked-NODE_32_length_114782_cov_21.7396_ID_63-processed-gene-0.87-mRNA-1_1&gene=snap_masked-NODE_32_length_114782_cov_21.7396_ID_63-processed-gene-0.87&CDS=1-4872
OG0002570	YLL050C	maker-NODE_32_length_114782_cov_21.7396_ID_63-snap-gene-0.160-mRNA-1_1&gene=maker-NODE_32_length_114782_cov_21.7396_ID_63-snap-gene-0.160&CDS=1-429
OG0002571	YLL051C	augustus_masked-NODE_23_length_135800_cov_19.7169_ID_45-processed-gene-0.88-mRNA-1_1&gene=augustus_masked-NODE_23_length_135800_cov_19.7169_ID_45-processed-gene-0.88&CDS=1-2070
OG0002572	YLR001C	snap_masked-NODE_85_length_20361_cov_19.8046_ID_169-processed-gene-0.10-mRNA-1_1&gene=snap_masked-NODE_85_length_20361_cov_19.8046_ID_169-processed-gene-0.10&CDS=1-2619
OG0002573	YLR002C	snap_masked-NODE_9_length_289189_cov_21.4249_ID_17-processed-gene-1.84-mRNA-1_1&gene=snap_masked-NODE_9_length_289189_cov_21.4249_ID_17-processed-gene-1.84&CDS=1-2013
OG0002574	YLR003C	snap_masked-NODE_9_length_289189_cov_21.4249_ID_17-processed-gene-1.102-mRNA-1_1&gene=snap_masked-NODE_9_length_289189_cov_21.4249_ID_17-processed-gene-1.102&CDS=1-837
OG0002575	YLR005W	snap_masked-NODE_9_length_289189_cov_21.4249_ID_17-processed-gene-1.107-mRNA-1_1&gene=snap_masked-NODE_9_length_289189_cov_21.4249_ID_17-processed-gene-1.107&CDS=1-1386
OG0002576	YLR006C	snap_masked-NODE_9_length_289189_cov_21.4249_ID_17-processed-gene-1.57-mRNA-1_1&gene=snap_masked-NODE_9_length_289189_cov_21.4249_ID_17-processed-gene-1.57&CDS=1-1953
OG0002577	YLR007W	augustus_masked-NODE_24_length_134792_cov_22.0422_ID_47-processed-gene-0.68-mRNA-1_1&gene=augustus_masked-NODE_24_length_134792_cov_22.0422_ID_47-processed-gene-0.68&CDS=1-882
OG0002578	YLR008C	augustus_masked-NODE_24_length_134792_cov_22.0422_ID_47-processed-gene-0.99-mRNA-1_1&gene=augustus_masked-NODE_24_length_134792_cov_22.0422_ID_47-processed-gene-0.99&CDS=1-522
OG0002579	YLR009W	snap_masked-NODE_24_length_134792_cov_22.0422_ID_47-processed-gene-0.4-mRNA-1_1&gene=snap_masked-NODE_24_length_134792_cov_22.0422_ID_47-processed-gene-0.4&CDS=1-591
OG0002580	YLR010C	maker-NODE_24_length_134792_cov_22.0422_ID_47-snap-gene-0.135-mRNA-1_1&gene=maker-NODE_24_length_134792_cov_22.0422_ID_47-snap-gene-0.135&CDS=1-483
OG0002581	YLR014C	genemark-NODE_9_length_289189_cov_21.4249_ID_17-processed-gene-1.246-mRNA-1_1&gene=genemark-NODE_9_length_289189_cov_21.4249_ID_17-processed-gene-1.246&CDS=1-2613
OG0002582	YLR015W	augustus_masked-NODE_9_length_289189_cov_21.4249_ID_17-processed-gene-1.197-mRNA-1_1&gene=augustus_masked-NODE_9_length_289189_cov_21.4249_ID_17-processed-gene-1.197&CDS=1-1395
OG0002583	YLR016C	snap_masked-NODE_9_length_289189_cov_21.4249_ID_17-processed-gene-1.34-mRNA-1_1&gene=snap_masked-NODE_9_length_289189_cov_21.4249_ID_17-processed-gene-1.34&CDS=1-594
OG0002584	YLR017W	augustus_masked-NODE_9_length_289189_cov_21.4249_ID_17-processed-gene-1.134-mRNA-1_1&gene=augustus_masked-NODE_9_length_289189_cov_21.4249_ID_17-processed-gene-1.134&CDS=1-966
OG0002585	YLR018C	snap_masked-NODE_9_length_289189_cov_21.4249_ID_17-processed-gene-1.80-mRNA-1_1&gene=snap_masked-NODE_9_length_289189_cov_21.4249_ID_17-processed-gene-1.80&CDS=1-1335
OG0002586	YLR019W	snap_masked-NODE_9_length_289189_cov_21.4249_ID_17-processed-gene-1.35-mRNA-1_1&gene=snap_masked-NODE_9_length_289189_cov_21.4249_ID_17-processed-gene-1.35&CDS=1-1389
OG0002587	YLR021W	snap_masked-NODE_9_length_289189_cov_21.4249_ID_17-processed-gene-1.36-mRNA-1_1&gene=snap_masked-NODE_9_length_289189_cov_21.4249_ID_17-processed-gene-1.36&CDS=1-495
OG0002588	YLR022C	snap_masked-NODE_9_length_289189_cov_21.4249_ID_17-processed-gene-1.83-mRNA-1_1&gene=snap_masked-NODE_9_length_289189_cov_21.4249_ID_17-processed-gene-1.83&CDS=1-738
OG0002589	YLR023C	augustus_masked-NODE_9_length_289189_cov_21.4249_ID_17-processed-gene-1.152-mRNA-1_1&gene=augustus_masked-NODE_9_length_289189_cov_21.4249_ID_17-processed-gene-1.152&CDS=1-1563
OG0002590	YLR024C	snap_masked-NODE_9_length_289189_cov_21.4249_ID_17-processed-gene-1.54-mRNA-1_1&gene=snap_masked-NODE_9_length_289189_cov_21.4249_ID_17-processed-gene-1.54&CDS=1-5526
OG0002591	YLR025W	augustus_masked-NODE_59_length_54112_cov_20.9613_ID_117-processed-gene-0.44-mRNA-1_1&gene=augustus_masked-NODE_59_length_54112_cov_20.9613_ID_117-processed-gene-0.44&CDS=1-687
OG0002592	YLR027C	maker-NODE_59_length_54112_cov_20.9613_ID_117-augustus-gene-0.29-mRNA-1_1&gene=maker-NODE_59_length_54112_cov_20.9613_ID_117-augustus-gene-0.29&CDS=1-2223
OG0002593	YLR034C	snap_masked-NODE_12_length_246126_cov_21.8889_ID_23-processed-gene-1.61-mRNA-1_1&gene=snap_masked-NODE_12_length_246126_cov_21.8889_ID_23-processed-gene-1.61&CDS=1-1410
OG0002594	YLR035C	augustus_masked-NODE_12_length_246126_cov_21.8889_ID_23-processed-gene-1.131-mRNA-1_1&gene=augustus_masked-NODE_12_length_246126_cov_21.8889_ID_23-processed-gene-1.131&CDS=1-2073
OG0002595	YLR038C	snap_masked-NODE_12_length_246126_cov_21.8889_ID_23-processed-gene-1.63-mRNA-1_1&gene=snap_masked-NODE_12_length_246126_cov_21.8889_ID_23-processed-gene-1.63&CDS=1-291
OG0002596	YLR039C	maker-NODE_12_length_246126_cov_21.8889_ID_23-snap-gene-1.6-mRNA-1_1&gene=maker-NODE_12_length_246126_cov_21.8889_ID_23-snap-gene-1.6&CDS=1-3678
OG0002597	YLR045C	genemark-NODE_31_length_115296_cov_21.7371_ID_61-processed-gene-0.131-mRNA-1_1&gene=genemark-NODE_31_length_115296_cov_21.7371_ID_61-processed-gene-0.131&CDS=1-1902
OG0002598	YLR047C	genemark-NODE_31_length_115296_cov_21.7371_ID_61-processed-gene-0.160-mRNA-1_1&gene=genemark-NODE_31_length_115296_cov_21.7371_ID_61-processed-gene-0.160&CDS=1-1599
OG0002599	YLR051C	snap_masked-NODE_13_length_242978_cov_21.7015_ID_25-processed-gene-1.102-mRNA-1_1&gene=snap_masked-NODE_13_length_242978_cov_21.7015_ID_25-processed-gene-1.102&CDS=1-657
OG0002600	YLR052W	augustus_masked-NODE_20_length_173093_cov_21.6662_ID_39-processed-gene-0.260-mRNA-1_1&gene=augustus_masked-NODE_20_length_173093_cov_21.6662_ID_39-processed-gene-0.260&CDS=1-705
OG0002601	YLR055C	snap_masked-NODE_13_length_242978_cov_21.7015_ID_25-processed-gene-1.100-mRNA-1_1&gene=snap_masked-NODE_13_length_242978_cov_21.7015_ID_25-processed-gene-1.100&CDS=1-1620
OG0002602	YLR056W	snap_masked-NODE_13_length_242978_cov_21.7015_ID_25-processed-gene-1.138-mRNA-1_1&gene=snap_masked-NODE_13_length_242978_cov_21.7015_ID_25-processed-gene-1.138&CDS=1-1044
OG0002603	YLR057W	snap_masked-NODE_13_length_242978_cov_21.7015_ID_25-processed-gene-1.137-mRNA-1_1&gene=snap_masked-NODE_13_length_242978_cov_21.7015_ID_25-processed-gene-1.137&CDS=1-2277
OG0002604	YLR059C	snap_masked-NODE_22_length_167286_cov_23.0006_ID_43-processed-gene-0.112-mRNA-1_1&gene=snap_masked-NODE_22_length_167286_cov_23.0006_ID_43-processed-gene-0.112&CDS=1-867
OG0002605	YLR060W	snap_masked-NODE_20_length_173093_cov_21.6662_ID_39-processed-gene-0.160-mRNA-1_1&gene=snap_masked-NODE_20_length_173093_cov_21.6662_ID_39-processed-gene-0.160&CDS=1-1785
OG0002606	YLR061W	maker-NODE_22_length_167286_cov_23.0006_ID_43-snap-gene-0.4-mRNA-1_1&gene=maker-NODE_22_length_167286_cov_23.0006_ID_43-snap-gene-0.4&CDS=1-363
OG0002607	YLR063W	augustus_masked-NODE_22_length_167286_cov_23.0006_ID_43-processed-gene-0.74-mRNA-1_1&gene=augustus_masked-NODE_22_length_167286_cov_23.0006_ID_43-processed-gene-0.74&CDS=1-1563
OG0002608	YLR065C	snap_masked-NODE_22_length_167286_cov_23.0006_ID_43-processed-gene-0.111-mRNA-1_1&gene=snap_masked-NODE_22_length_167286_cov_23.0006_ID_43-processed-gene-0.111&CDS=1-531
OG0002609	YLR066W	snap_masked-NODE_20_length_173093_cov_21.6662_ID_39-processed-gene-0.155-mRNA-1_1&gene=snap_masked-NODE_20_length_173093_cov_21.6662_ID_39-processed-gene-0.155&CDS=1-573
OG0002610	YLR067C	snap_masked-NODE_22_length_167286_cov_23.0006_ID_43-processed-gene-0.110-mRNA-1_1&gene=snap_masked-NODE_22_length_167286_cov_23.0006_ID_43-processed-gene-0.110&CDS=1-2709
OG0002611	YLR068W	snap_masked-NODE_22_length_167286_cov_23.0006_ID_43-processed-gene-0.165-mRNA-1_1&gene=snap_masked-NODE_22_length_167286_cov_23.0006_ID_43-processed-gene-0.165&CDS=1-456
OG0002612	YLR069C	snap_masked-NODE_22_length_167286_cov_23.0006_ID_43-processed-gene-0.109-mRNA-1_1&gene=snap_masked-NODE_22_length_167286_cov_23.0006_ID_43-processed-gene-0.109&CDS=1-2187
OG0002613	YLR071C	snap_masked-NODE_22_length_167286_cov_23.0006_ID_43-processed-gene-0.108-mRNA-1_1&gene=snap_masked-NODE_22_length_167286_cov_23.0006_ID_43-processed-gene-0.108&CDS=1-3081
OG0002614	YLR073C	augustus_masked-NODE_20_length_173093_cov_21.6662_ID_39-processed-gene-0.199-mRNA-1_1&gene=augustus_masked-NODE_20_length_173093_cov_21.6662_ID_39-processed-gene-0.199&CDS=1-672
OG0002615	YLR074C	augustus_masked-NODE_22_length_167286_cov_23.0006_ID_43-processed-gene-0.19-mRNA-1_1&gene=augustus_masked-NODE_22_length_167286_cov_23.0006_ID_43-processed-gene-0.19&CDS=1-459
OG0002616	YLR075W	snap_masked-NODE_22_length_167286_cov_23.0006_ID_43-processed-gene-0.162-mRNA-1_1&gene=snap_masked-NODE_22_length_167286_cov_23.0006_ID_43-processed-gene-0.162&CDS=1-663
OG0002617	YLR078C	snap_masked-NODE_22_length_167286_cov_23.0006_ID_43-processed-gene-0.107-mRNA-1_1&gene=snap_masked-NODE_22_length_167286_cov_23.0006_ID_43-processed-gene-0.107&CDS=1-681
OG0002618	YLR079W	snap_masked-NODE_22_length_167286_cov_23.0006_ID_43-processed-gene-0.161-mRNA-1_1&gene=snap_masked-NODE_22_length_167286_cov_23.0006_ID_43-processed-gene-0.161&CDS=1-690
OG0002619	YLR086W	snap_masked-NODE_5_length_371082_cov_21.955_ID_9-processed-gene-1.92-mRNA-1_1&gene=snap_masked-NODE_5_length_371082_cov_21.955_ID_9-processed-gene-1.92&CDS=1-4284
OG0002620	YLR087C	augustus_masked-NODE_5_length_371082_cov_21.955_ID_9-processed-gene-1.49-mRNA-1_1&gene=augustus_masked-NODE_5_length_371082_cov_21.955_ID_9-processed-gene-1.49&CDS=1-8898
OG0002621	YLR088W	snap_masked-NODE_42_length_89786_cov_21.7221_ID_83-processed-gene-0.62-mRNA-1_1&gene=snap_masked-NODE_42_length_89786_cov_21.7221_ID_83-processed-gene-0.62&CDS=1-1752
OG0002622	YLR090W	snap_masked-NODE_5_length_371082_cov_21.955_ID_9-processed-gene-1.91-mRNA-1_1&gene=snap_masked-NODE_5_length_371082_cov_21.955_ID_9-processed-gene-1.91&CDS=1-1245
OG0002623	YLR093C	snap_masked-NODE_5_length_371082_cov_21.955_ID_9-processed-gene-1.79-mRNA-1_1&gene=snap_masked-NODE_5_length_371082_cov_21.955_ID_9-processed-gene-1.79&CDS=1-696
OG0002624	YLR095C	augustus_masked-NODE_5_length_371082_cov_21.955_ID_9-processed-gene-1.46-mRNA-1_1&gene=augustus_masked-NODE_5_length_371082_cov_21.955_ID_9-processed-gene-1.46&CDS=1-2793
OG0002625	YLR097C	augustus_masked-NODE_5_length_371082_cov_21.955_ID_9-processed-gene-1.45-mRNA-1_1&gene=augustus_masked-NODE_5_length_371082_cov_21.955_ID_9-processed-gene-1.45&CDS=1-1038
OG0002626	YLR098C	genemark-NODE_5_length_371082_cov_21.955_ID_9-processed-gene-1.9-mRNA-1_1&gene=genemark-NODE_5_length_371082_cov_21.955_ID_9-processed-gene-1.9&CDS=1-1824
OG0002627	YLR099W-A	snap_masked-NODE_5_length_371082_cov_21.955_ID_9-processed-gene-1.88-mRNA-1_1&gene=snap_masked-NODE_5_length_371082_cov_21.955_ID_9-processed-gene-1.88&CDS=1-327
OG0002628	YLR100W	snap_masked-NODE_5_length_371082_cov_21.955_ID_9-processed-gene-1.71-mRNA-1_1&gene=snap_masked-NODE_5_length_371082_cov_21.955_ID_9-processed-gene-1.71&CDS=1-1050
OG0002629	YLR102C	snap_masked-NODE_5_length_371082_cov_21.955_ID_9-processed-gene-1.69-mRNA-1_1&gene=snap_masked-NODE_5_length_371082_cov_21.955_ID_9-processed-gene-1.69&CDS=1-825
OG0002630	YLR103C	snap_masked-NODE_5_length_371082_cov_21.955_ID_9-processed-gene-1.68-mRNA-1_1&gene=snap_masked-NODE_5_length_371082_cov_21.955_ID_9-processed-gene-1.68&CDS=1-1965
OG0002631	YLR104W	augustus_masked-NODE_5_length_371082_cov_21.955_ID_9-processed-gene-0.79-mRNA-1_1&gene=augustus_masked-NODE_5_length_371082_cov_21.955_ID_9-processed-gene-0.79&CDS=1-393
OG0002632	YLR105C	snap_masked-NODE_5_length_371082_cov_21.955_ID_9-processed-gene-0.99-mRNA-1_1&gene=snap_masked-NODE_5_length_371082_cov_21.955_ID_9-processed-gene-0.99&CDS=1-1113
OG0002633	YLR106C	snap_masked-NODE_5_length_371082_cov_21.955_ID_9-processed-gene-0.98-mRNA-1_1&gene=snap_masked-NODE_5_length_371082_cov_21.955_ID_9-processed-gene-0.98&CDS=1-14814
OG0002634	YLR107W	snap_masked-NODE_5_length_371082_cov_21.955_ID_9-processed-gene-0.117-mRNA-1_1&gene=snap_masked-NODE_5_length_371082_cov_21.955_ID_9-processed-gene-0.117&CDS=1-1194
OG0002635	YLR109W	snap_masked-NODE_5_length_371082_cov_21.955_ID_9-processed-gene-0.116-mRNA-1_1&gene=snap_masked-NODE_5_length_371082_cov_21.955_ID_9-processed-gene-0.116&CDS=1-528
OG0002636	YLR113W	augustus_masked-NODE_5_length_371082_cov_21.955_ID_9-processed-gene-0.76-mRNA-1_1&gene=augustus_masked-NODE_5_length_371082_cov_21.955_ID_9-processed-gene-0.76&CDS=1-1224
OG0002637	YLR114C	snap_masked-NODE_5_length_371082_cov_21.955_ID_9-processed-gene-0.95-mRNA-1_1&gene=snap_masked-NODE_5_length_371082_cov_21.955_ID_9-processed-gene-0.95&CDS=1-1857
OG0002638	YLR115W	snap_masked-NODE_5_length_371082_cov_21.955_ID_9-processed-gene-0.114-mRNA-1_1&gene=snap_masked-NODE_5_length_371082_cov_21.955_ID_9-processed-gene-0.114&CDS=1-2454
OG0002639	YLR116W	snap_masked-NODE_5_length_371082_cov_21.955_ID_9-processed-gene-0.113-mRNA-1_1&gene=snap_masked-NODE_5_length_371082_cov_21.955_ID_9-processed-gene-0.113&CDS=1-1458
OG0002640	YLR117C	snap_masked-NODE_5_length_371082_cov_21.955_ID_9-processed-gene-0.94-mRNA-1_1&gene=snap_masked-NODE_5_length_371082_cov_21.955_ID_9-processed-gene-0.94&CDS=1-2052
OG0002641	YLR118C	snap_masked-NODE_5_length_371082_cov_21.955_ID_9-processed-gene-0.93-mRNA-1_1&gene=snap_masked-NODE_5_length_371082_cov_21.955_ID_9-processed-gene-0.93&CDS=1-684
OG0002642	YLR119W	snap_masked-NODE_5_length_371082_cov_21.955_ID_9-processed-gene-0.112-mRNA-1_1&gene=snap_masked-NODE_5_length_371082_cov_21.955_ID_9-processed-gene-0.112&CDS=1-513
OG0002643	YLR126C	snap_masked-NODE_5_length_371082_cov_21.955_ID_9-processed-gene-0.90-mRNA-1_1&gene=snap_masked-NODE_5_length_371082_cov_21.955_ID_9-processed-gene-0.90&CDS=1-795
OG0002644	YLR127C	snap_masked-NODE_5_length_371082_cov_21.955_ID_9-processed-gene-0.89-mRNA-1_1&gene=snap_masked-NODE_5_length_371082_cov_21.955_ID_9-processed-gene-0.89&CDS=1-2361
OG0002645	YLR128W	snap_masked-NODE_5_length_371082_cov_21.955_ID_9-processed-gene-0.111-mRNA-1_1&gene=snap_masked-NODE_5_length_371082_cov_21.955_ID_9-processed-gene-0.111&CDS=1-804
OG0002646	YLR129W	snap_masked-NODE_5_length_371082_cov_21.955_ID_9-processed-gene-0.110-mRNA-1_1&gene=snap_masked-NODE_5_length_371082_cov_21.955_ID_9-processed-gene-0.110&CDS=1-2823
OG0002647	YLR130C	snap_masked-NODE_15_length_201512_cov_20.2718_ID_29-processed-gene-1.28-mRNA-1_1&gene=snap_masked-NODE_15_length_201512_cov_20.2718_ID_29-processed-gene-1.28&CDS=1-1134
OG0002648	YLR132C	snap_masked-NODE_5_length_371082_cov_21.955_ID_9-processed-gene-0.86-mRNA-1_1&gene=snap_masked-NODE_5_length_371082_cov_21.955_ID_9-processed-gene-0.86&CDS=1-789
OG0002649	YLR133W	snap_masked-NODE_5_length_371082_cov_21.955_ID_9-processed-gene-0.109-mRNA-1_1&gene=snap_masked-NODE_5_length_371082_cov_21.955_ID_9-processed-gene-0.109&CDS=1-1806
OG0002650	YLR135W	snap_masked-NODE_5_length_371082_cov_21.955_ID_9-processed-gene-0.108-mRNA-1_1&gene=snap_masked-NODE_5_length_371082_cov_21.955_ID_9-processed-gene-0.108&CDS=1-1956
OG0002651	YLR137W	snap_masked-NODE_5_length_371082_cov_21.955_ID_9-processed-gene-0.107-mRNA-1_1&gene=snap_masked-NODE_5_length_371082_cov_21.955_ID_9-processed-gene-0.107&CDS=1-1098
OG0002652	YLR138W	snap_masked-NODE_5_length_371082_cov_21.955_ID_9-processed-gene-0.106-mRNA-1_1&gene=snap_masked-NODE_5_length_371082_cov_21.955_ID_9-processed-gene-0.106&CDS=1-2898
OG0002653	YLR139C	snap_masked-NODE_5_length_371082_cov_21.955_ID_9-processed-gene-0.85-mRNA-1_1&gene=snap_masked-NODE_5_length_371082_cov_21.955_ID_9-processed-gene-0.85&CDS=1-1914
OG0002654	YLR141W	augustus_masked-NODE_5_length_371082_cov_21.955_ID_9-processed-gene-0.67-mRNA-1_1&gene=augustus_masked-NODE_5_length_371082_cov_21.955_ID_9-processed-gene-0.67&CDS=1-1542
OG0002655	YLR142W	augustus_masked-NODE_5_length_371082_cov_21.955_ID_9-processed-gene-0.66-mRNA-1_1&gene=augustus_masked-NODE_5_length_371082_cov_21.955_ID_9-processed-gene-0.66&CDS=1-1470
OG0002656	YLR143W	snap_masked-NODE_5_length_371082_cov_21.955_ID_9-processed-gene-0.104-mRNA-1_1&gene=snap_masked-NODE_5_length_371082_cov_21.955_ID_9-processed-gene-0.104&CDS=1-2094
OG0002657	YLR144C	snap_masked-NODE_5_length_371082_cov_21.955_ID_9-processed-gene-0.84-mRNA-1_1&gene=snap_masked-NODE_5_length_371082_cov_21.955_ID_9-processed-gene-0.84&CDS=1-2511
OG0002658	YLR145W	augustus_masked-NODE_5_length_371082_cov_21.955_ID_9-processed-gene-0.63-mRNA-1_1&gene=augustus_masked-NODE_5_length_371082_cov_21.955_ID_9-processed-gene-0.63&CDS=1-654
OG0002659	YLR147C	augustus_masked-NODE_5_length_371082_cov_21.955_ID_9-processed-gene-0.44-mRNA-1_1&gene=augustus_masked-NODE_5_length_371082_cov_21.955_ID_9-processed-gene-0.44&CDS=1-306
OG0002660	YLR148W	augustus_masked-NODE_5_length_371082_cov_21.955_ID_9-processed-gene-0.62-mRNA-1_1&gene=augustus_masked-NODE_5_length_371082_cov_21.955_ID_9-processed-gene-0.62&CDS=1-2841
OG0002661	YLR149C	snap_masked-NODE_5_length_371082_cov_21.955_ID_9-processed-gene-0.82-mRNA-1_1&gene=snap_masked-NODE_5_length_371082_cov_21.955_ID_9-processed-gene-0.82&CDS=1-2097
OG0002662	YLR150W	snap_masked-NODE_15_length_201512_cov_20.2718_ID_29-processed-gene-1.43-mRNA-1_1&gene=snap_masked-NODE_15_length_201512_cov_20.2718_ID_29-processed-gene-1.43&CDS=1-777
OG0002663	YLR151C	snap_masked-NODE_5_length_371082_cov_21.955_ID_9-processed-gene-0.80-mRNA-1_1&gene=snap_masked-NODE_5_length_371082_cov_21.955_ID_9-processed-gene-0.80&CDS=1-981
OG0002664	YLR152C	snap_masked-NODE_15_length_201512_cov_20.2718_ID_29-processed-gene-1.19-mRNA-1_1&gene=snap_masked-NODE_15_length_201512_cov_20.2718_ID_29-processed-gene-1.19&CDS=1-1797
OG0002665	YLR163C	snap_masked-NODE_52_length_67019_cov_23.3557_ID_103-processed-gene-0.52-mRNA-1_1&gene=snap_masked-NODE_52_length_67019_cov_23.3557_ID_103-processed-gene-0.52&CDS=1-1377
OG0002666	YLR164W	snap_masked-NODE_52_length_67019_cov_23.3557_ID_103-processed-gene-0.67-mRNA-1_1&gene=snap_masked-NODE_52_length_67019_cov_23.3557_ID_103-processed-gene-0.67&CDS=1-468
OG0002667	YLR166C	snap_masked-NODE_52_length_67019_cov_23.3557_ID_103-processed-gene-0.51-mRNA-1_1&gene=snap_masked-NODE_52_length_67019_cov_23.3557_ID_103-processed-gene-0.51&CDS=1-2418
OG0002668	YLR170C	snap_masked-NODE_1_length_611906_cov_21.093_ID_1-processed-gene-3.74-mRNA-1_1&gene=snap_masked-NODE_1_length_611906_cov_21.093_ID_1-processed-gene-3.74&CDS=1-468
OG0002669	YLR172C	snap_masked-NODE_1_length_611906_cov_21.093_ID_1-processed-gene-3.73-mRNA-1_1&gene=snap_masked-NODE_1_length_611906_cov_21.093_ID_1-processed-gene-3.73&CDS=1-897
OG0002670	YLR173W	snap_masked-NODE_1_length_611906_cov_21.093_ID_1-processed-gene-3.97-mRNA-1_1&gene=snap_masked-NODE_1_length_611906_cov_21.093_ID_1-processed-gene-3.97&CDS=1-1800
OG0002671	YLR180W	snap_masked-NODE_29_length_115528_cov_22.4131_ID_57-processed-gene-0.135-mRNA-1_1&gene=snap_masked-NODE_29_length_115528_cov_22.4131_ID_57-processed-gene-0.135&CDS=1-1146
OG0002672	YLR181C	snap_masked-NODE_29_length_115528_cov_22.4131_ID_57-processed-gene-0.167-mRNA-1_1&gene=snap_masked-NODE_29_length_115528_cov_22.4131_ID_57-processed-gene-0.167&CDS=1-1167
OG0002673	YLR182W	snap_masked-NODE_29_length_115528_cov_22.4131_ID_57-processed-gene-0.136-mRNA-1_1&gene=snap_masked-NODE_29_length_115528_cov_22.4131_ID_57-processed-gene-0.136&CDS=1-2265
OG0002674	YLR183C	snap_masked-NODE_29_length_115528_cov_22.4131_ID_57-processed-gene-0.168-mRNA-1_1&gene=snap_masked-NODE_29_length_115528_cov_22.4131_ID_57-processed-gene-0.168&CDS=1-1272
OG0002675	YLR189C	snap_masked-NODE_29_length_115528_cov_22.4131_ID_57-processed-gene-0.169-mRNA-1_1&gene=snap_masked-NODE_29_length_115528_cov_22.4131_ID_57-processed-gene-0.169&CDS=1-5070
OG0002676	YLR190W	augustus_masked-NODE_6_length_297843_cov_20.8202_ID_11-processed-gene-1.21-mRNA-1_1&gene=augustus_masked-NODE_6_length_297843_cov_20.8202_ID_11-processed-gene-1.21&CDS=1-1638
OG0002677	YLR191W	snap_masked-NODE_6_length_297843_cov_20.8202_ID_11-processed-gene-1.116-mRNA-1_1&gene=snap_masked-NODE_6_length_297843_cov_20.8202_ID_11-processed-gene-1.116&CDS=1-1077
OG0002678	YLR192C	snap_masked-NODE_6_length_297843_cov_20.8202_ID_11-processed-gene-1.111-mRNA-1_1&gene=snap_masked-NODE_6_length_297843_cov_20.8202_ID_11-processed-gene-1.111&CDS=1-792
OG0002679	YLR193C	snap_masked-NODE_6_length_297843_cov_20.8202_ID_11-processed-gene-1.110-mRNA-1_1&gene=snap_masked-NODE_6_length_297843_cov_20.8202_ID_11-processed-gene-1.110&CDS=1-528
OG0002680	YLR195C	snap_masked-NODE_6_length_297843_cov_20.8202_ID_11-processed-gene-1.108-mRNA-1_1&gene=snap_masked-NODE_6_length_297843_cov_20.8202_ID_11-processed-gene-1.108&CDS=1-1353
OG0002681	YLR196W	snap_masked-NODE_6_length_297843_cov_20.8202_ID_11-processed-gene-0.106-mRNA-1_1&gene=snap_masked-NODE_6_length_297843_cov_20.8202_ID_11-processed-gene-0.106&CDS=1-1680
OG0002682	YLR197W	snap_masked-NODE_6_length_297843_cov_20.8202_ID_11-processed-gene-0.105-mRNA-1_1&gene=snap_masked-NODE_6_length_297843_cov_20.8202_ID_11-processed-gene-0.105&CDS=1-1527
OG0002683	YLR199C	snap_masked-NODE_6_length_297843_cov_20.8202_ID_11-processed-gene-0.76-mRNA-1_1&gene=snap_masked-NODE_6_length_297843_cov_20.8202_ID_11-processed-gene-0.76&CDS=1-843
OG0002684	YLR200W	snap_masked-NODE_6_length_297843_cov_20.8202_ID_11-processed-gene-0.104-mRNA-1_1&gene=snap_masked-NODE_6_length_297843_cov_20.8202_ID_11-processed-gene-0.104&CDS=1-315
OG0002685	YLR201C	snap_masked-NODE_6_length_297843_cov_20.8202_ID_11-processed-gene-0.75-mRNA-1_1&gene=snap_masked-NODE_6_length_297843_cov_20.8202_ID_11-processed-gene-0.75&CDS=1-813
OG0002686	YLR205C	snap_masked-NODE_6_length_297843_cov_20.8202_ID_11-processed-gene-0.73-mRNA-1_1&gene=snap_masked-NODE_6_length_297843_cov_20.8202_ID_11-processed-gene-0.73&CDS=1-900
OG0002687	YLR207W	snap_masked-NODE_6_length_297843_cov_20.8202_ID_11-processed-gene-0.100-mRNA-1_1&gene=snap_masked-NODE_6_length_297843_cov_20.8202_ID_11-processed-gene-0.100&CDS=1-2412
OG0002688	YLR208W	snap_masked-NODE_6_length_297843_cov_20.8202_ID_11-processed-gene-0.99-mRNA-1_1&gene=snap_masked-NODE_6_length_297843_cov_20.8202_ID_11-processed-gene-0.99&CDS=1-900
OG0002689	YLR209C	snap_masked-NODE_6_length_297843_cov_20.8202_ID_11-processed-gene-0.71-mRNA-1_1&gene=snap_masked-NODE_6_length_297843_cov_20.8202_ID_11-processed-gene-0.71&CDS=1-933
OG0002690	YLR211C	snap_masked-NODE_6_length_297843_cov_20.8202_ID_11-processed-gene-0.70-mRNA-1_1&gene=snap_masked-NODE_6_length_297843_cov_20.8202_ID_11-processed-gene-0.70&CDS=1-684
OG0002691	YLR212C	snap_masked-NODE_6_length_297843_cov_20.8202_ID_11-processed-gene-0.69-mRNA-1_1&gene=snap_masked-NODE_6_length_297843_cov_20.8202_ID_11-processed-gene-0.69&CDS=1-1419
OG0002692	YLR214W	maker-NODE_6_length_297843_cov_20.8202_ID_11-snap-gene-0.51-mRNA-1_1&gene=maker-NODE_6_length_297843_cov_20.8202_ID_11-snap-gene-0.51&CDS=1-4116
OG0002693	YLR216C	maker-NODE_6_length_297843_cov_20.8202_ID_11-augustus-gene-0.53-mRNA-1_1&gene=maker-NODE_6_length_297843_cov_20.8202_ID_11-augustus-gene-0.53&CDS=1-2826
OG0002694	YLR219W	augustus_masked-NODE_52_length_67019_cov_23.3557_ID_103-processed-gene-0.69-mRNA-1_1&gene=augustus_masked-NODE_52_length_67019_cov_23.3557_ID_103-processed-gene-0.69&CDS=1-2382
OG0002695	YLR220W	snap_masked-NODE_15_length_201512_cov_20.2718_ID_29-processed-gene-0.52-mRNA-1_1&gene=snap_masked-NODE_15_length_201512_cov_20.2718_ID_29-processed-gene-0.52&CDS=1-864
OG0002696	YLR221C	snap_masked-NODE_52_length_67019_cov_23.3557_ID_103-processed-gene-0.54-mRNA-1_1&gene=snap_masked-NODE_52_length_67019_cov_23.3557_ID_103-processed-gene-0.54&CDS=1-612
OG0002697	YLR222C	maker-NODE_52_length_67019_cov_23.3557_ID_103-snap-gene-0.36-mRNA-1_1&gene=maker-NODE_52_length_67019_cov_23.3557_ID_103-snap-gene-0.36&CDS=1-5301
OG0002698	YLR224W	augustus_masked-NODE_52_length_67019_cov_23.3557_ID_103-processed-gene-0.71-mRNA-1_1&gene=augustus_masked-NODE_52_length_67019_cov_23.3557_ID_103-processed-gene-0.71&CDS=1-1005
OG0002699	YLR226W	snap_masked-NODE_52_length_67019_cov_23.3557_ID_103-processed-gene-0.43-mRNA-1_1&gene=snap_masked-NODE_52_length_67019_cov_23.3557_ID_103-processed-gene-0.43&CDS=1-1173
OG0002700	YLR227C	augustus_masked-NODE_52_length_67019_cov_23.3557_ID_103-processed-gene-0.84-mRNA-1_1&gene=augustus_masked-NODE_52_length_67019_cov_23.3557_ID_103-processed-gene-0.84&CDS=1-1332
OG0002701	YLR234W	snap_masked-NODE_52_length_67019_cov_23.3557_ID_103-processed-gene-0.44-mRNA-1_1&gene=snap_masked-NODE_52_length_67019_cov_23.3557_ID_103-processed-gene-0.44&CDS=1-1956
OG0002702	YLR239C	snap_masked-NODE_52_length_67019_cov_23.3557_ID_103-processed-gene-0.61-mRNA-1_1&gene=snap_masked-NODE_52_length_67019_cov_23.3557_ID_103-processed-gene-0.61&CDS=1-945
OG0002703	YLR240W	snap_masked-NODE_52_length_67019_cov_23.3557_ID_103-processed-gene-0.47-mRNA-1_1&gene=snap_masked-NODE_52_length_67019_cov_23.3557_ID_103-processed-gene-0.47&CDS=1-4983
OG0002704	YLR242C	snap_masked-NODE_52_length_67019_cov_23.3557_ID_103-processed-gene-0.62-mRNA-1_1&gene=snap_masked-NODE_52_length_67019_cov_23.3557_ID_103-processed-gene-0.62&CDS=1-882
OG0002705	YLR243W	snap_masked-NODE_52_length_67019_cov_23.3557_ID_103-processed-gene-0.48-mRNA-1_1&gene=snap_masked-NODE_52_length_67019_cov_23.3557_ID_103-processed-gene-0.48&CDS=1-810
OG0002706	YLR245C	snap_masked-NODE_52_length_67019_cov_23.3557_ID_103-processed-gene-0.66-mRNA-1_1&gene=snap_masked-NODE_52_length_67019_cov_23.3557_ID_103-processed-gene-0.66&CDS=1-411
OG0002707	YLR247C	snap_masked-NODE_1_length_611906_cov_21.093_ID_1-processed-gene-3.98-mRNA-1_1&gene=snap_masked-NODE_1_length_611906_cov_21.093_ID_1-processed-gene-3.98&CDS=1-4533
OG0002708	YLR250W	snap_masked-NODE_1_length_611906_cov_21.093_ID_1-processed-gene-3.76-mRNA-1_1&gene=snap_masked-NODE_1_length_611906_cov_21.093_ID_1-processed-gene-3.76&CDS=1-714
OG0002709	YLR251W	snap_masked-NODE_35_length_106366_cov_23.7165_ID_69-processed-gene-0.3-mRNA-1_1&gene=snap_masked-NODE_35_length_106366_cov_23.7165_ID_69-processed-gene-0.3&CDS=1-639
OG0002710	YLR253W	snap_masked-NODE_1_length_611906_cov_21.093_ID_1-processed-gene-3.96-mRNA-1_1&gene=snap_masked-NODE_1_length_611906_cov_21.093_ID_1-processed-gene-3.96&CDS=1-1752
OG0002711	YLR256W	snap_masked-NODE_1_length_611906_cov_21.093_ID_1-processed-gene-3.95-mRNA-1_1&gene=snap_masked-NODE_1_length_611906_cov_21.093_ID_1-processed-gene-3.95&CDS=1-4314
OG0002712	YLR259C	maker-NODE_40_length_94096_cov_21.267_ID_79-augustus-gene-0.6-mRNA-1_1&gene=maker-NODE_40_length_94096_cov_21.267_ID_79-augustus-gene-0.6&CDS=1-2715
OG0002713	YLR262C	augustus_masked-NODE_94_length_12554_cov_25.0426_ID_187-processed-gene-0.12-mRNA-1_1&gene=augustus_masked-NODE_94_length_12554_cov_25.0426_ID_187-processed-gene-0.12&CDS=1-783
OG0002714	YLR266C	augustus_masked-NODE_22_length_167286_cov_23.0006_ID_43-processed-gene-0.81-mRNA-1_1&gene=augustus_masked-NODE_22_length_167286_cov_23.0006_ID_43-processed-gene-0.81&CDS=1-2205
OG0002715	YLR267W	snap_masked-NODE_22_length_167286_cov_23.0006_ID_43-processed-gene-0.119-mRNA-1_1&gene=snap_masked-NODE_22_length_167286_cov_23.0006_ID_43-processed-gene-0.119&CDS=1-1797
OG0002716	YLR268W	snap_masked-NODE_22_length_167286_cov_23.0006_ID_43-processed-gene-0.120-mRNA-1_1&gene=snap_masked-NODE_22_length_167286_cov_23.0006_ID_43-processed-gene-0.120&CDS=1-642
OG0002717	YLR271W	snap_masked-NODE_22_length_167286_cov_23.0006_ID_43-processed-gene-0.122-mRNA-1_1&gene=snap_masked-NODE_22_length_167286_cov_23.0006_ID_43-processed-gene-0.122&CDS=1-717
OG0002718	YLR272C	snap_masked-NODE_61_length_49157_cov_21.7454_ID_121-processed-gene-0.9-mRNA-1_1&gene=snap_masked-NODE_61_length_49157_cov_21.7454_ID_121-processed-gene-0.9&CDS=1-3429
OG0002719	YLR274W	augustus_masked-NODE_61_length_49157_cov_21.7454_ID_121-processed-gene-0.43-mRNA-1_1&gene=augustus_masked-NODE_61_length_49157_cov_21.7454_ID_121-processed-gene-0.43&CDS=1-2583
OG0002720	YLR277C	maker-NODE_61_length_49157_cov_21.7454_ID_121-snap-gene-0.0-mRNA-1_1&gene=maker-NODE_61_length_49157_cov_21.7454_ID_121-snap-gene-0.0&CDS=1-4167
OG0002721	YLR281C	snap_masked-NODE_12_length_246126_cov_21.8889_ID_23-processed-gene-0.129-mRNA-1_1&gene=snap_masked-NODE_12_length_246126_cov_21.8889_ID_23-processed-gene-0.129&CDS=1-465
OG0002722	YLR283W	genemark-NODE_12_length_246126_cov_21.8889_ID_23-processed-gene-0.0-mRNA-1_1&gene=genemark-NODE_12_length_246126_cov_21.8889_ID_23-processed-gene-0.0&CDS=1-762
OG0002723	YLR285W	augustus_masked-NODE_12_length_246126_cov_21.8889_ID_23-processed-gene-0.58-mRNA-1_1&gene=augustus_masked-NODE_12_length_246126_cov_21.8889_ID_23-processed-gene-0.58&CDS=1-750
OG0002724	YLR286C	augustus_masked-NODE_12_length_246126_cov_21.8889_ID_23-processed-gene-0.83-mRNA-1_1&gene=augustus_masked-NODE_12_length_246126_cov_21.8889_ID_23-processed-gene-0.83&CDS=1-1599
OG0002725	YLR287C	snap_masked-NODE_12_length_246126_cov_21.8889_ID_23-processed-gene-0.131-mRNA-1_1&gene=snap_masked-NODE_12_length_246126_cov_21.8889_ID_23-processed-gene-0.131&CDS=1-1029
OG0002726	YLR288C	snap_masked-NODE_12_length_246126_cov_21.8889_ID_23-processed-gene-0.132-mRNA-1_1&gene=snap_masked-NODE_12_length_246126_cov_21.8889_ID_23-processed-gene-0.132&CDS=1-1347
OG0002727	YLR289W	augustus_masked-NODE_12_length_246126_cov_21.8889_ID_23-processed-gene-0.60-mRNA-1_1&gene=augustus_masked-NODE_12_length_246126_cov_21.8889_ID_23-processed-gene-0.60&CDS=1-1794
OG0002728	YLR290C	augustus_masked-NODE_12_length_246126_cov_21.8889_ID_23-processed-gene-0.85-mRNA-1_1&gene=augustus_masked-NODE_12_length_246126_cov_21.8889_ID_23-processed-gene-0.85&CDS=1-813
OG0002729	YLR291C	snap_masked-NODE_12_length_246126_cov_21.8889_ID_23-processed-gene-0.133-mRNA-1_1&gene=snap_masked-NODE_12_length_246126_cov_21.8889_ID_23-processed-gene-0.133&CDS=1-1131
OG0002730	YLR292C	snap_masked-NODE_12_length_246126_cov_21.8889_ID_23-processed-gene-0.134-mRNA-1_1&gene=snap_masked-NODE_12_length_246126_cov_21.8889_ID_23-processed-gene-0.134&CDS=1-585
OG0002731	YLR293C	snap_masked-NODE_12_length_246126_cov_21.8889_ID_23-processed-gene-0.135-mRNA-1_1&gene=snap_masked-NODE_12_length_246126_cov_21.8889_ID_23-processed-gene-0.135&CDS=1-654
OG0002732	YLR295C	snap_masked-NODE_51_length_67151_cov_20.3142_ID_101-processed-gene-0.21-mRNA-1_1&gene=snap_masked-NODE_51_length_67151_cov_20.3142_ID_101-processed-gene-0.21&CDS=1-330
OG0002733	YLR298C	snap_masked-NODE_12_length_246126_cov_21.8889_ID_23-processed-gene-0.136-mRNA-1_1&gene=snap_masked-NODE_12_length_246126_cov_21.8889_ID_23-processed-gene-0.136&CDS=1-492
OG0002734	YLR299W	snap_masked-NODE_12_length_246126_cov_21.8889_ID_23-processed-gene-0.108-mRNA-1_1&gene=snap_masked-NODE_12_length_246126_cov_21.8889_ID_23-processed-gene-0.108&CDS=1-1767
OG0002735	YLR303W	snap_masked-NODE_25_length_134608_cov_22.6927_ID_49-processed-gene-0.24-mRNA-1_1&gene=snap_masked-NODE_25_length_134608_cov_22.6927_ID_49-processed-gene-0.24&CDS=1-1332
OG0002736	YLR304C	snap_masked-NODE_23_length_135800_cov_19.7169_ID_45-processed-gene-0.51-mRNA-1_1&gene=snap_masked-NODE_23_length_135800_cov_19.7169_ID_45-processed-gene-0.51&CDS=1-2331
OG0002737	YLR305C	snap_masked-NODE_25_length_134608_cov_22.6927_ID_49-processed-gene-0.55-mRNA-1_1&gene=snap_masked-NODE_25_length_134608_cov_22.6927_ID_49-processed-gene-0.55&CDS=1-5703
OG0002738	YLR306W	maker-NODE_25_length_134608_cov_22.6927_ID_49-augustus-gene-0.2-mRNA-1_1&gene=maker-NODE_25_length_134608_cov_22.6927_ID_49-augustus-gene-0.2&CDS=1-573
OG0002739	YLR308W	genemark-NODE_25_length_134608_cov_22.6927_ID_49-processed-gene-0.138-mRNA-1_1&gene=genemark-NODE_25_length_134608_cov_22.6927_ID_49-processed-gene-0.138&CDS=1-867
OG0002740	YLR309C	snap_masked-NODE_25_length_134608_cov_22.6927_ID_49-processed-gene-0.56-mRNA-1_1&gene=snap_masked-NODE_25_length_134608_cov_22.6927_ID_49-processed-gene-0.56&CDS=1-2931
OG0002741	YLR310C	snap_masked-NODE_23_length_135800_cov_19.7169_ID_45-processed-gene-0.53-mRNA-1_1&gene=snap_masked-NODE_23_length_135800_cov_19.7169_ID_45-processed-gene-0.53&CDS=1-4626
OG0002742	YLR312C	snap_masked-NODE_23_length_135800_cov_19.7169_ID_45-processed-gene-0.54-mRNA-1_1&gene=snap_masked-NODE_23_length_135800_cov_19.7169_ID_45-processed-gene-0.54&CDS=1-1737
OG0002743	YLR312W-A	snap_masked-NODE_23_length_135800_cov_19.7169_ID_45-processed-gene-0.26-mRNA-1_1&gene=snap_masked-NODE_23_length_135800_cov_19.7169_ID_45-processed-gene-0.26&CDS=1-717
OG0002744	YLR314C	augustus_masked-NODE_23_length_135800_cov_19.7169_ID_45-processed-gene-0.109-mRNA-1_1&gene=augustus_masked-NODE_23_length_135800_cov_19.7169_ID_45-processed-gene-0.109&CDS=1-1644
OG0002745	YLR315W	snap_masked-NODE_1_length_611906_cov_21.093_ID_1-processed-gene-0.36-mRNA-1_1&gene=snap_masked-NODE_1_length_611906_cov_21.093_ID_1-processed-gene-0.36&CDS=1-486
OG0002746	YLR316C	snap_masked-NODE_1_length_611906_cov_21.093_ID_1-processed-gene-0.14-mRNA-1_1&gene=snap_masked-NODE_1_length_611906_cov_21.093_ID_1-processed-gene-0.14&CDS=1-981
OG0002747	YLR318W	genemark-NODE_1_length_611906_cov_21.093_ID_1-processed-gene-0.114-mRNA-1_1&gene=genemark-NODE_1_length_611906_cov_21.093_ID_1-processed-gene-0.114&CDS=1-2583
OG0002748	YLR319C	snap_masked-NODE_1_length_611906_cov_21.093_ID_1-processed-gene-0.13-mRNA-1_1&gene=snap_masked-NODE_1_length_611906_cov_21.093_ID_1-processed-gene-0.13&CDS=1-2190
OG0002749	YLR320W	augustus_masked-NODE_1_length_611906_cov_21.093_ID_1-processed-gene-0.71-mRNA-1_1&gene=augustus_masked-NODE_1_length_611906_cov_21.093_ID_1-processed-gene-0.71&CDS=1-3756
OG0002750	YLR321C	snap_masked-NODE_1_length_611906_cov_21.093_ID_1-processed-gene-0.3-mRNA-1_1&gene=snap_masked-NODE_1_length_611906_cov_21.093_ID_1-processed-gene-0.3&CDS=1-1185
OG0002751	YLR323C	snap_masked-NODE_1_length_611906_cov_21.093_ID_1-processed-gene-0.12-mRNA-1_1&gene=snap_masked-NODE_1_length_611906_cov_21.093_ID_1-processed-gene-0.12&CDS=1-810
OG0002752	YLR325C	snap_masked-NODE_1_length_611906_cov_21.093_ID_1-processed-gene-0.11-mRNA-1_1&gene=snap_masked-NODE_1_length_611906_cov_21.093_ID_1-processed-gene-0.11&CDS=1-234
OG0002753	YLR326W	snap_masked-NODE_1_length_611906_cov_21.093_ID_1-processed-gene-0.31-mRNA-1_1&gene=snap_masked-NODE_1_length_611906_cov_21.093_ID_1-processed-gene-0.31&CDS=1-1056
OG0002754	YLR327C	snap_masked-NODE_1_length_611906_cov_21.093_ID_1-processed-gene-0.10-mRNA-1_1&gene=snap_masked-NODE_1_length_611906_cov_21.093_ID_1-processed-gene-0.10&CDS=1-255
OG0002755	YLR329W	snap_masked-NODE_1_length_611906_cov_21.093_ID_1-processed-gene-0.0-mRNA-1_1&gene=snap_masked-NODE_1_length_611906_cov_21.093_ID_1-processed-gene-0.0&CDS=1-735
OG0002756	YLR330W	snap_masked-NODE_1_length_611906_cov_21.093_ID_1-processed-gene-0.1-mRNA-1_1&gene=snap_masked-NODE_1_length_611906_cov_21.093_ID_1-processed-gene-0.1&CDS=1-1665
OG0002757	YLR335W	snap_masked-NODE_1_length_611906_cov_21.093_ID_1-processed-gene-0.15-mRNA-1_1&gene=snap_masked-NODE_1_length_611906_cov_21.093_ID_1-processed-gene-0.15&CDS=1-2184
OG0002758	YLR336C	snap_masked-NODE_1_length_611906_cov_21.093_ID_1-processed-gene-0.37-mRNA-1_1&gene=snap_masked-NODE_1_length_611906_cov_21.093_ID_1-processed-gene-0.37&CDS=1-2928
OG0002759	YLR337C	maker-NODE_1_length_611906_cov_21.093_ID_1-snap-gene-0.80-mRNA-1_1&gene=maker-NODE_1_length_611906_cov_21.093_ID_1-snap-gene-0.80&CDS=1-1503
OG0002760	YLR338W	snap_masked-NODE_1_length_611906_cov_21.093_ID_1-processed-gene-0.18-mRNA-1_1&gene=snap_masked-NODE_1_length_611906_cov_21.093_ID_1-processed-gene-0.18&CDS=1-246
OG0002761	YLR340W	snap_masked-NODE_36_length_103538_cov_22.3022_ID_71-processed-gene-0.80-mRNA-1_1&gene=snap_masked-NODE_36_length_103538_cov_22.3022_ID_71-processed-gene-0.80&CDS=1-939
OG0002762	YLR343W	snap_masked-NODE_1_length_611906_cov_21.093_ID_1-processed-gene-0.20-mRNA-1_1&gene=snap_masked-NODE_1_length_611906_cov_21.093_ID_1-processed-gene-0.20&CDS=1-1635
OG0002763	YLR345W	snap_masked-NODE_1_length_611906_cov_21.093_ID_1-processed-gene-0.22-mRNA-1_1&gene=snap_masked-NODE_1_length_611906_cov_21.093_ID_1-processed-gene-0.22&CDS=1-1425
OG0002764	YLR347C	snap_masked-NODE_1_length_611906_cov_21.093_ID_1-processed-gene-0.38-mRNA-1_1&gene=snap_masked-NODE_1_length_611906_cov_21.093_ID_1-processed-gene-0.38&CDS=1-2583
OG0002765	YLR348C	augustus_masked-NODE_1_length_611906_cov_21.093_ID_1-processed-gene-0.77-mRNA-1_1&gene=augustus_masked-NODE_1_length_611906_cov_21.093_ID_1-processed-gene-0.77&CDS=1-882
OG0002766	YLR351C	snap_masked-NODE_22_length_167286_cov_23.0006_ID_43-processed-gene-0.116-mRNA-1_1&gene=snap_masked-NODE_22_length_167286_cov_23.0006_ID_43-processed-gene-0.116&CDS=1-858
OG0002767	YLR352W	snap_masked-NODE_22_length_167286_cov_23.0006_ID_43-processed-gene-0.174-mRNA-1_1&gene=snap_masked-NODE_22_length_167286_cov_23.0006_ID_43-processed-gene-0.174&CDS=1-2358
OG0002768	YLR355C	snap_masked-NODE_22_length_167286_cov_23.0006_ID_43-processed-gene-0.114-mRNA-1_1&gene=snap_masked-NODE_22_length_167286_cov_23.0006_ID_43-processed-gene-0.114&CDS=1-1182
OG0002769	YLR356W	snap_masked-NODE_22_length_167286_cov_23.0006_ID_43-processed-gene-0.172-mRNA-1_1&gene=snap_masked-NODE_22_length_167286_cov_23.0006_ID_43-processed-gene-0.172&CDS=1-561
OG0002770	YLR359W	snap_masked-NODE_13_length_242978_cov_21.7015_ID_25-processed-gene-1.135-mRNA-1_1&gene=snap_masked-NODE_13_length_242978_cov_21.7015_ID_25-processed-gene-1.135&CDS=1-1446
OG0002771	YLR360W	snap_masked-NODE_13_length_242978_cov_21.7015_ID_25-processed-gene-1.134-mRNA-1_1&gene=snap_masked-NODE_13_length_242978_cov_21.7015_ID_25-processed-gene-1.134&CDS=1-1281
OG0002772	YLR361C	genemark-NODE_13_length_242978_cov_21.7015_ID_25-processed-gene-1.22-mRNA-1_1&gene=genemark-NODE_13_length_242978_cov_21.7015_ID_25-processed-gene-1.22&CDS=1-1815
OG0002773	YLR362W	snap_masked-NODE_13_length_242978_cov_21.7015_ID_25-processed-gene-1.133-mRNA-1_1&gene=snap_masked-NODE_13_length_242978_cov_21.7015_ID_25-processed-gene-1.133&CDS=1-2169
OG0002774	YLR363C	snap_masked-NODE_13_length_242978_cov_21.7015_ID_25-processed-gene-1.97-mRNA-1_1&gene=snap_masked-NODE_13_length_242978_cov_21.7015_ID_25-processed-gene-1.97&CDS=1-660
OG0002775	YLR363W-A	snap_masked-NODE_36_length_103538_cov_22.3022_ID_71-processed-gene-0.92-mRNA-1_1&gene=snap_masked-NODE_36_length_103538_cov_22.3022_ID_71-processed-gene-0.92&CDS=1-279
OG0002776	YLR364W	snap_masked-NODE_2_length_515064_cov_21.8181_ID_3-processed-gene-0.117-mRNA-1_1&gene=snap_masked-NODE_2_length_515064_cov_21.8181_ID_3-processed-gene-0.117&CDS=1-336
OG0002777	YLR368W	snap_masked-NODE_13_length_242978_cov_21.7015_ID_25-processed-gene-1.132-mRNA-1_1&gene=snap_masked-NODE_13_length_242978_cov_21.7015_ID_25-processed-gene-1.132&CDS=1-1527
OG0002778	YLR369W	snap_masked-NODE_13_length_242978_cov_21.7015_ID_25-processed-gene-1.131-mRNA-1_1&gene=snap_masked-NODE_13_length_242978_cov_21.7015_ID_25-processed-gene-1.131&CDS=1-1929
OG0002779	YLR370C	snap_masked-NODE_36_length_103538_cov_22.3022_ID_71-processed-gene-0.113-mRNA-1_1&gene=snap_masked-NODE_36_length_103538_cov_22.3022_ID_71-processed-gene-0.113&CDS=1-525
OG0002780	YLR371W	snap_masked-NODE_36_length_103538_cov_22.3022_ID_71-processed-gene-0.94-mRNA-1_1&gene=snap_masked-NODE_36_length_103538_cov_22.3022_ID_71-processed-gene-0.94&CDS=1-3678
OG0002781	YLR373C	snap_masked-NODE_13_length_242978_cov_21.7015_ID_25-processed-gene-1.96-mRNA-1_1&gene=snap_masked-NODE_13_length_242978_cov_21.7015_ID_25-processed-gene-1.96&CDS=1-2529
OG0002782	YLR375W	augustus_masked-NODE_13_length_242978_cov_21.7015_ID_25-processed-gene-1.202-mRNA-1_1&gene=augustus_masked-NODE_13_length_242978_cov_21.7015_ID_25-processed-gene-1.202&CDS=1-870
OG0002783	YLR378C	snap_masked-NODE_13_length_242978_cov_21.7015_ID_25-processed-gene-1.128-mRNA-1_1&gene=snap_masked-NODE_13_length_242978_cov_21.7015_ID_25-processed-gene-1.128&CDS=1-1437
OG0002784	YLR380W	snap_masked-NODE_13_length_242978_cov_21.7015_ID_25-processed-gene-1.127-mRNA-1_1&gene=snap_masked-NODE_13_length_242978_cov_21.7015_ID_25-processed-gene-1.127&CDS=1-1239
OG0002785	YLR381W	snap_masked-NODE_13_length_242978_cov_21.7015_ID_25-processed-gene-1.126-mRNA-1_1&gene=snap_masked-NODE_13_length_242978_cov_21.7015_ID_25-processed-gene-1.126&CDS=1-2160
OG0002786	YLR382C	snap_masked-NODE_13_length_242978_cov_21.7015_ID_25-processed-gene-1.94-mRNA-1_1&gene=snap_masked-NODE_13_length_242978_cov_21.7015_ID_25-processed-gene-1.94&CDS=1-2622
OG0002787	YLR383W	snap_masked-NODE_13_length_242978_cov_21.7015_ID_25-processed-gene-1.125-mRNA-1_1&gene=snap_masked-NODE_13_length_242978_cov_21.7015_ID_25-processed-gene-1.125&CDS=1-3339
OG0002788	YLR384C	snap_masked-NODE_13_length_242978_cov_21.7015_ID_25-processed-gene-1.93-mRNA-1_1&gene=snap_masked-NODE_13_length_242978_cov_21.7015_ID_25-processed-gene-1.93&CDS=1-4344
OG0002789	YLR386W	snap_masked-NODE_13_length_242978_cov_21.7015_ID_25-processed-gene-1.124-mRNA-1_1&gene=snap_masked-NODE_13_length_242978_cov_21.7015_ID_25-processed-gene-1.124&CDS=1-2658
OG0002790	YLR389C	snap_masked-NODE_13_length_242978_cov_21.7015_ID_25-processed-gene-1.90-mRNA-1_1&gene=snap_masked-NODE_13_length_242978_cov_21.7015_ID_25-processed-gene-1.90&CDS=1-3015
OG0002791	YLR390W	snap_masked-NODE_13_length_242978_cov_21.7015_ID_25-processed-gene-1.123-mRNA-1_1&gene=snap_masked-NODE_13_length_242978_cov_21.7015_ID_25-processed-gene-1.123&CDS=1-258
OG0002792	YLR390W-A	snap_masked-NODE_13_length_242978_cov_21.7015_ID_25-processed-gene-1.122-mRNA-1_1&gene=snap_masked-NODE_13_length_242978_cov_21.7015_ID_25-processed-gene-1.122&CDS=1-753
OG0002793	YLR392C	snap_masked-NODE_13_length_242978_cov_21.7015_ID_25-processed-gene-1.89-mRNA-1_1&gene=snap_masked-NODE_13_length_242978_cov_21.7015_ID_25-processed-gene-1.89&CDS=1-1653
OG0002794	YLR393W	snap_masked-NODE_13_length_242978_cov_21.7015_ID_25-processed-gene-1.121-mRNA-1_1&gene=snap_masked-NODE_13_length_242978_cov_21.7015_ID_25-processed-gene-1.121&CDS=1-828
OG0002795	YLR394W	snap_masked-NODE_13_length_242978_cov_21.7015_ID_25-processed-gene-1.120-mRNA-1_1&gene=snap_masked-NODE_13_length_242978_cov_21.7015_ID_25-processed-gene-1.120&CDS=1-1167
OG0002796	YLR396C	maker-NODE_13_length_242978_cov_21.7015_ID_25-augustus-gene-1.232-mRNA-1_1&gene=maker-NODE_13_length_242978_cov_21.7015_ID_25-augustus-gene-1.232&CDS=1-2208
OG0002797	YLR397C	snap_masked-NODE_13_length_242978_cov_21.7015_ID_25-processed-gene-1.86-mRNA-1_1&gene=snap_masked-NODE_13_length_242978_cov_21.7015_ID_25-processed-gene-1.86&CDS=1-2307
OG0002798	YLR398C	snap_masked-NODE_13_length_242978_cov_21.7015_ID_25-processed-gene-1.85-mRNA-1_1&gene=snap_masked-NODE_13_length_242978_cov_21.7015_ID_25-processed-gene-1.85&CDS=1-3717
OG0002799	YLR401C	maker-NODE_13_length_242978_cov_21.7015_ID_25-snap-gene-1.226-mRNA-1_1&gene=maker-NODE_13_length_242978_cov_21.7015_ID_25-snap-gene-1.226&CDS=1-3606
OG0002800	YLR403W	maker-NODE_13_length_242978_cov_21.7015_ID_25-snap-gene-1.229-mRNA-1_1&gene=maker-NODE_13_length_242978_cov_21.7015_ID_25-snap-gene-1.229&CDS=1-1677
OG0002801	YLR404W	snap_masked-NODE_13_length_242978_cov_21.7015_ID_25-processed-gene-1.83-mRNA-1_1&gene=snap_masked-NODE_13_length_242978_cov_21.7015_ID_25-processed-gene-1.83&CDS=1-804
OG0002802	YLR405W	snap_masked-NODE_13_length_242978_cov_21.7015_ID_25-processed-gene-1.82-mRNA-1_1&gene=snap_masked-NODE_13_length_242978_cov_21.7015_ID_25-processed-gene-1.82&CDS=1-1659
OG0002803	YLR408C	snap_masked-NODE_13_length_242978_cov_21.7015_ID_25-processed-gene-1.80-mRNA-1_1&gene=snap_masked-NODE_13_length_242978_cov_21.7015_ID_25-processed-gene-1.80&CDS=1-312
OG0002804	YLR409C	snap_masked-NODE_13_length_242978_cov_21.7015_ID_25-processed-gene-1.79-mRNA-1_1&gene=snap_masked-NODE_13_length_242978_cov_21.7015_ID_25-processed-gene-1.79&CDS=1-2811
OG0002805	YLR410W	snap_masked-NODE_13_length_242978_cov_21.7015_ID_25-processed-gene-0.38-mRNA-1_1&gene=snap_masked-NODE_13_length_242978_cov_21.7015_ID_25-processed-gene-0.38&CDS=1-3462
OG0002806	YLR412W	snap_masked-NODE_13_length_242978_cov_21.7015_ID_25-processed-gene-0.37-mRNA-1_1&gene=snap_masked-NODE_13_length_242978_cov_21.7015_ID_25-processed-gene-0.37&CDS=1-792
OG0002807	YLR414C	snap_masked-NODE_13_length_242978_cov_21.7015_ID_25-processed-gene-0.16-mRNA-1_1&gene=snap_masked-NODE_13_length_242978_cov_21.7015_ID_25-processed-gene-0.16&CDS=1-795
OG0002808	YLR417W	snap_masked-NODE_13_length_242978_cov_21.7015_ID_25-processed-gene-0.35-mRNA-1_1&gene=snap_masked-NODE_13_length_242978_cov_21.7015_ID_25-processed-gene-0.35&CDS=1-1575
OG0002809	YLR418C	snap_masked-NODE_13_length_242978_cov_21.7015_ID_25-processed-gene-0.15-mRNA-1_1&gene=snap_masked-NODE_13_length_242978_cov_21.7015_ID_25-processed-gene-0.15&CDS=1-1191
OG0002810	YLR419W	snap_masked-NODE_13_length_242978_cov_21.7015_ID_25-processed-gene-0.34-mRNA-1_1&gene=snap_masked-NODE_13_length_242978_cov_21.7015_ID_25-processed-gene-0.34&CDS=1-4314
OG0002811	YLR420W	snap_masked-NODE_13_length_242978_cov_21.7015_ID_25-processed-gene-0.4-mRNA-1_1&gene=snap_masked-NODE_13_length_242978_cov_21.7015_ID_25-processed-gene-0.4&CDS=1-1083
OG0002812	YLR421C	snap_masked-NODE_13_length_242978_cov_21.7015_ID_25-processed-gene-0.27-mRNA-1_1&gene=snap_masked-NODE_13_length_242978_cov_21.7015_ID_25-processed-gene-0.27&CDS=1-435
OG0002813	YLR422W	snap_masked-NODE_13_length_242978_cov_21.7015_ID_25-processed-gene-0.5-mRNA-1_1&gene=snap_masked-NODE_13_length_242978_cov_21.7015_ID_25-processed-gene-0.5&CDS=1-5730
OG0002814	YLR423C	snap_masked-NODE_13_length_242978_cov_21.7015_ID_25-processed-gene-0.28-mRNA-1_1&gene=snap_masked-NODE_13_length_242978_cov_21.7015_ID_25-processed-gene-0.28&CDS=1-1260
OG0002815	YLR424W	snap_masked-NODE_13_length_242978_cov_21.7015_ID_25-processed-gene-0.7-mRNA-1_1&gene=snap_masked-NODE_13_length_242978_cov_21.7015_ID_25-processed-gene-0.7&CDS=1-2001
OG0002816	YLR425W	augustus_masked-NODE_13_length_242978_cov_21.7015_ID_25-processed-gene-0.47-mRNA-1_1&gene=augustus_masked-NODE_13_length_242978_cov_21.7015_ID_25-processed-gene-0.47&CDS=1-4632
OG0002817	YLR427W	snap_masked-NODE_13_length_242978_cov_21.7015_ID_25-processed-gene-0.10-mRNA-1_1&gene=snap_masked-NODE_13_length_242978_cov_21.7015_ID_25-processed-gene-0.10&CDS=1-1953
OG0002818	YLR429W	snap_masked-NODE_13_length_242978_cov_21.7015_ID_25-processed-gene-0.11-mRNA-1_1&gene=snap_masked-NODE_13_length_242978_cov_21.7015_ID_25-processed-gene-0.11&CDS=1-1890
OG0002819	YLR430W	snap_masked-NODE_13_length_242978_cov_21.7015_ID_25-processed-gene-0.12-mRNA-1_1&gene=snap_masked-NODE_13_length_242978_cov_21.7015_ID_25-processed-gene-0.12&CDS=1-6693
OG0002820	YLR431C	augustus_masked-NODE_13_length_242978_cov_21.7015_ID_25-processed-gene-0.69-mRNA-1_1&gene=augustus_masked-NODE_13_length_242978_cov_21.7015_ID_25-processed-gene-0.69&CDS=1-1344
OG0002821	YLR435W	augustus_masked-NODE_13_length_242978_cov_21.7015_ID_25-processed-gene-0.51-mRNA-1_1&gene=augustus_masked-NODE_13_length_242978_cov_21.7015_ID_25-processed-gene-0.51&CDS=1-603
OG0002822	YLR436C	augustus_masked-NODE_13_length_242978_cov_21.7015_ID_25-processed-gene-0.70-mRNA-1_1&gene=augustus_masked-NODE_13_length_242978_cov_21.7015_ID_25-processed-gene-0.70&CDS=1-3531
OG0002823	YLR437C	snap_masked-NODE_13_length_242978_cov_21.7015_ID_25-processed-gene-0.32-mRNA-1_1&gene=snap_masked-NODE_13_length_242978_cov_21.7015_ID_25-processed-gene-0.32&CDS=1-366
OG0002824	YLR438C-A	snap_masked-NODE_13_length_242978_cov_21.7015_ID_25-processed-gene-0.33-mRNA-1_1&gene=snap_masked-NODE_13_length_242978_cov_21.7015_ID_25-processed-gene-0.33&CDS=1-249
OG0002825	YLR438W	snap_masked-NODE_13_length_242978_cov_21.7015_ID_25-processed-gene-0.13-mRNA-1_1&gene=snap_masked-NODE_13_length_242978_cov_21.7015_ID_25-processed-gene-0.13&CDS=1-1278
OG0002826	YLR439W	snap_masked-NODE_13_length_242978_cov_21.7015_ID_25-processed-gene-0.26-mRNA-1_1&gene=snap_masked-NODE_13_length_242978_cov_21.7015_ID_25-processed-gene-0.26&CDS=1-945
OG0002827	YLR440C	snap_masked-NODE_13_length_242978_cov_21.7015_ID_25-processed-gene-0.3-mRNA-1_1&gene=snap_masked-NODE_13_length_242978_cov_21.7015_ID_25-processed-gene-0.3&CDS=1-2031
OG0002828	YLR443W	augustus_masked-NODE_13_length_242978_cov_21.7015_ID_25-processed-gene-0.64-mRNA-1_1&gene=augustus_masked-NODE_13_length_242978_cov_21.7015_ID_25-processed-gene-0.64&CDS=1-1038
OG0002829	YLR445W	augustus_masked-NODE_13_length_242978_cov_21.7015_ID_25-processed-gene-0.63-mRNA-1_1&gene=augustus_masked-NODE_13_length_242978_cov_21.7015_ID_25-processed-gene-0.63&CDS=1-504
OG0002830	YLR446W	augustus_masked-NODE_13_length_242978_cov_21.7015_ID_25-processed-gene-0.62-mRNA-1_1&gene=augustus_masked-NODE_13_length_242978_cov_21.7015_ID_25-processed-gene-0.62&CDS=1-1233
OG0002831	YLR447C	snap_masked-NODE_13_length_242978_cov_21.7015_ID_25-processed-gene-0.0-mRNA-1_1&gene=snap_masked-NODE_13_length_242978_cov_21.7015_ID_25-processed-gene-0.0&CDS=1-1035
OG0002832	YLR449W	snap_masked-NODE_13_length_242978_cov_21.7015_ID_25-processed-gene-0.20-mRNA-1_1&gene=snap_masked-NODE_13_length_242978_cov_21.7015_ID_25-processed-gene-0.20&CDS=1-1221
OG0002833	YLR452C	genemark-NODE_17_length_190182_cov_22.7835_ID_33-processed-gene-0.67-mRNA-1_1&gene=genemark-NODE_17_length_190182_cov_22.7835_ID_33-processed-gene-0.67&CDS=1-2082
OG0002834	YLR454W	snap_masked-NODE_17_length_190182_cov_22.7835_ID_33-processed-gene-0.184-mRNA-1_1&gene=snap_masked-NODE_17_length_190182_cov_22.7835_ID_33-processed-gene-0.184&CDS=1-7797
OG0002835	YLR459W	maker-NODE_34_length_108161_cov_25.3038_ID_67-snap-gene-0.51-mRNA-1_1&gene=maker-NODE_34_length_108161_cov_25.3038_ID_67-snap-gene-0.51&CDS=1-1377
OG0002836	YML001W	snap_masked-NODE_32_length_114782_cov_21.7396_ID_63-processed-gene-0.100-mRNA-1_1&gene=snap_masked-NODE_32_length_114782_cov_21.7396_ID_63-processed-gene-0.100&CDS=1-621
OG0002837	YML002W	augustus_masked-NODE_32_length_114782_cov_21.7396_ID_63-processed-gene-0.146-mRNA-1_1&gene=augustus_masked-NODE_32_length_114782_cov_21.7396_ID_63-processed-gene-0.146&CDS=1-3240
OG0002838	YML004C	snap_masked-NODE_1_length_611906_cov_21.093_ID_1-processed-gene-0.8-mRNA-1_1&gene=snap_masked-NODE_1_length_611906_cov_21.093_ID_1-processed-gene-0.8&CDS=1-942
OG0002839	YML005W	snap_masked-NODE_16_length_197293_cov_20.9529_ID_31-processed-gene-0.139-mRNA-1_1&gene=snap_masked-NODE_16_length_197293_cov_20.9529_ID_31-processed-gene-0.139&CDS=1-1248
OG0002840	YML006C	snap_masked-NODE_14_length_224486_cov_20.7905_ID_27-processed-gene-1.97-mRNA-1_1&gene=snap_masked-NODE_14_length_224486_cov_20.7905_ID_27-processed-gene-1.97&CDS=1-1884
OG0002841	YML007W	augustus_masked-NODE_14_length_224486_cov_20.7905_ID_27-processed-gene-1.209-mRNA-1_1&gene=augustus_masked-NODE_14_length_224486_cov_20.7905_ID_27-processed-gene-1.209&CDS=1-1527
OG0002842	YML008C	snap_masked-NODE_14_length_224486_cov_20.7905_ID_27-processed-gene-1.98-mRNA-1_1&gene=snap_masked-NODE_14_length_224486_cov_20.7905_ID_27-processed-gene-1.98&CDS=1-1128
OG0002843	YML009C	snap_masked-NODE_14_length_224486_cov_20.7905_ID_27-processed-gene-1.100-mRNA-1_1&gene=snap_masked-NODE_14_length_224486_cov_20.7905_ID_27-processed-gene-1.100&CDS=1-210
OG0002844	YML010W	snap_masked-NODE_14_length_224486_cov_20.7905_ID_27-processed-gene-1.138-mRNA-1_1&gene=snap_masked-NODE_14_length_224486_cov_20.7905_ID_27-processed-gene-1.138&CDS=1-3024
OG0002845	YML011C	snap_masked-NODE_14_length_224486_cov_20.7905_ID_27-processed-gene-1.101-mRNA-1_1&gene=snap_masked-NODE_14_length_224486_cov_20.7905_ID_27-processed-gene-1.101&CDS=1-546
OG0002846	YML012W	snap_masked-NODE_14_length_224486_cov_20.7905_ID_27-processed-gene-1.139-mRNA-1_1&gene=snap_masked-NODE_14_length_224486_cov_20.7905_ID_27-processed-gene-1.139&CDS=1-636
OG0002847	YML014W	augustus_masked-NODE_14_length_224486_cov_20.7905_ID_27-processed-gene-1.213-mRNA-1_1&gene=augustus_masked-NODE_14_length_224486_cov_20.7905_ID_27-processed-gene-1.213&CDS=1-2526
OG0002848	YML015C	snap_masked-NODE_81_length_24228_cov_22.1613_ID_161-processed-gene-0.14-mRNA-1_1&gene=snap_masked-NODE_81_length_24228_cov_22.1613_ID_161-processed-gene-0.14&CDS=1-1002
OG0002849	YML017W	augustus_masked-NODE_14_length_224486_cov_20.7905_ID_27-processed-gene-1.214-mRNA-1_1&gene=augustus_masked-NODE_14_length_224486_cov_20.7905_ID_27-processed-gene-1.214&CDS=1-1500
OG0002850	YML018C	snap_masked-NODE_14_length_224486_cov_20.7905_ID_27-processed-gene-1.103-mRNA-1_1&gene=snap_masked-NODE_14_length_224486_cov_20.7905_ID_27-processed-gene-1.103&CDS=1-1194
OG0002851	YML020W	snap_masked-NODE_14_length_224486_cov_20.7905_ID_27-processed-gene-1.143-mRNA-1_1&gene=snap_masked-NODE_14_length_224486_cov_20.7905_ID_27-processed-gene-1.143&CDS=1-2745
OG0002852	YML021C	snap_masked-NODE_14_length_224486_cov_20.7905_ID_27-processed-gene-1.104-mRNA-1_1&gene=snap_masked-NODE_14_length_224486_cov_20.7905_ID_27-processed-gene-1.104&CDS=1-1035
OG0002853	YML022W	snap_masked-NODE_14_length_224486_cov_20.7905_ID_27-processed-gene-1.144-mRNA-1_1&gene=snap_masked-NODE_14_length_224486_cov_20.7905_ID_27-processed-gene-1.144&CDS=1-561
OG0002854	YML023C	snap_masked-NODE_14_length_224486_cov_20.7905_ID_27-processed-gene-1.105-mRNA-1_1&gene=snap_masked-NODE_14_length_224486_cov_20.7905_ID_27-processed-gene-1.105&CDS=1-1572
OG0002855	YML027W	snap_masked-NODE_14_length_224486_cov_20.7905_ID_27-processed-gene-1.146-mRNA-1_1&gene=snap_masked-NODE_14_length_224486_cov_20.7905_ID_27-processed-gene-1.146&CDS=1-1119
OG0002856	YML029W	snap_masked-NODE_14_length_224486_cov_20.7905_ID_27-processed-gene-1.149-mRNA-1_1&gene=snap_masked-NODE_14_length_224486_cov_20.7905_ID_27-processed-gene-1.149&CDS=1-2583
OG0002857	YML030W	snap_masked-NODE_14_length_224486_cov_20.7905_ID_27-processed-gene-1.150-mRNA-1_1&gene=snap_masked-NODE_14_length_224486_cov_20.7905_ID_27-processed-gene-1.150&CDS=1-486
OG0002858	YML031W	genemark-NODE_14_length_224486_cov_20.7905_ID_27-processed-gene-1.62-mRNA-1_1&gene=genemark-NODE_14_length_224486_cov_20.7905_ID_27-processed-gene-1.62&CDS=1-1860
OG0002859	YML032C	snap_masked-NODE_14_length_224486_cov_20.7905_ID_27-processed-gene-1.109-mRNA-1_1&gene=snap_masked-NODE_14_length_224486_cov_20.7905_ID_27-processed-gene-1.109&CDS=1-1434
OG0002860	YML034W	snap_masked-NODE_14_length_224486_cov_20.7905_ID_27-processed-gene-1.152-mRNA-1_1&gene=snap_masked-NODE_14_length_224486_cov_20.7905_ID_27-processed-gene-1.152&CDS=1-2397
OG0002861	YML035C	snap_masked-NODE_14_length_224486_cov_20.7905_ID_27-processed-gene-1.110-mRNA-1_1&gene=snap_masked-NODE_14_length_224486_cov_20.7905_ID_27-processed-gene-1.110&CDS=1-2325
OG0002862	YML036W	snap_masked-NODE_14_length_224486_cov_20.7905_ID_27-processed-gene-1.153-mRNA-1_1&gene=snap_masked-NODE_14_length_224486_cov_20.7905_ID_27-processed-gene-1.153&CDS=1-525
OG0002863	YML037C	augustus_masked-NODE_14_length_224486_cov_20.7905_ID_27-processed-gene-1.190-mRNA-1_1&gene=augustus_masked-NODE_14_length_224486_cov_20.7905_ID_27-processed-gene-1.190&CDS=1-1242
OG0002864	YML038C	augustus_masked-NODE_14_length_224486_cov_20.7905_ID_27-processed-gene-1.191-mRNA-1_1&gene=augustus_masked-NODE_14_length_224486_cov_20.7905_ID_27-processed-gene-1.191&CDS=1-2826
OG0002865	YML041C	snap_masked-NODE_14_length_224486_cov_20.7905_ID_27-processed-gene-1.106-mRNA-1_1&gene=snap_masked-NODE_14_length_224486_cov_20.7905_ID_27-processed-gene-1.106&CDS=1-783
OG0002866	YML042W	snap_masked-NODE_39_length_94383_cov_19.9911_ID_77-processed-gene-0.13-mRNA-1_1&gene=snap_masked-NODE_39_length_94383_cov_19.9911_ID_77-processed-gene-0.13&CDS=1-1989
OG0002867	YML043C	snap_masked-NODE_82_length_24187_cov_21.2298_ID_163-processed-gene-0.23-mRNA-1_1&gene=snap_masked-NODE_82_length_24187_cov_21.2298_ID_163-processed-gene-0.23&CDS=1-1431
OG0002868	YML046W	snap_masked-NODE_44_length_88190_cov_24.0211_ID_87-processed-gene-0.19-mRNA-1_1&gene=snap_masked-NODE_44_length_88190_cov_24.0211_ID_87-processed-gene-0.19&CDS=1-1863
OG0002869	YML048W	snap_masked-NODE_44_length_88190_cov_24.0211_ID_87-processed-gene-0.18-mRNA-1_1&gene=snap_masked-NODE_44_length_88190_cov_24.0211_ID_87-processed-gene-0.18&CDS=1-1164
OG0002870	YML049C	snap_masked-NODE_44_length_88190_cov_24.0211_ID_87-processed-gene-0.30-mRNA-1_1&gene=snap_masked-NODE_44_length_88190_cov_24.0211_ID_87-processed-gene-0.30&CDS=1-3735
OG0002871	YML051W	snap_masked-NODE_44_length_88190_cov_24.0211_ID_87-processed-gene-0.16-mRNA-1_1&gene=snap_masked-NODE_44_length_88190_cov_24.0211_ID_87-processed-gene-0.16&CDS=1-1299
OG0002872	YML052W	augustus_masked-NODE_44_length_88190_cov_24.0211_ID_87-processed-gene-0.51-mRNA-1_1&gene=augustus_masked-NODE_44_length_88190_cov_24.0211_ID_87-processed-gene-0.51&CDS=1-993
OG0002873	YML054C	snap_masked-NODE_33_length_108832_cov_20.4996_ID_65-processed-gene-0.99-mRNA-1_1&gene=snap_masked-NODE_33_length_108832_cov_20.4996_ID_65-processed-gene-0.99&CDS=1-1785
OG0002874	YML055W	snap_masked-NODE_33_length_108832_cov_20.4996_ID_65-processed-gene-0.70-mRNA-1_1&gene=snap_masked-NODE_33_length_108832_cov_20.4996_ID_65-processed-gene-0.70&CDS=1-510
OG0002875	YML058W	augustus_masked-NODE_33_length_108832_cov_20.4996_ID_65-processed-gene-0.121-mRNA-1_1&gene=augustus_masked-NODE_33_length_108832_cov_20.4996_ID_65-processed-gene-0.121&CDS=1-300
OG0002876	YML059C	augustus_masked-NODE_33_length_108832_cov_20.4996_ID_65-processed-gene-0.147-mRNA-1_1&gene=augustus_masked-NODE_33_length_108832_cov_20.4996_ID_65-processed-gene-0.147&CDS=1-3846
OG0002877	YML060W	snap_masked-NODE_33_length_108832_cov_20.4996_ID_65-processed-gene-0.67-mRNA-1_1&gene=snap_masked-NODE_33_length_108832_cov_20.4996_ID_65-processed-gene-0.67&CDS=1-1098
OG0002878	YML061C	augustus_masked-NODE_33_length_108832_cov_20.4996_ID_65-processed-gene-0.146-mRNA-1_1&gene=augustus_masked-NODE_33_length_108832_cov_20.4996_ID_65-processed-gene-0.146&CDS=1-3492
OG0002879	YML064C	snap_masked-NODE_33_length_108832_cov_20.4996_ID_65-processed-gene-0.94-mRNA-1_1&gene=snap_masked-NODE_33_length_108832_cov_20.4996_ID_65-processed-gene-0.94&CDS=1-681
OG0002880	YML065W	snap_masked-NODE_33_length_108832_cov_20.4996_ID_65-processed-gene-0.65-mRNA-1_1&gene=snap_masked-NODE_33_length_108832_cov_20.4996_ID_65-processed-gene-0.65&CDS=1-2631
OG0002881	YML066C	snap_masked-NODE_33_length_108832_cov_20.4996_ID_65-processed-gene-0.93-mRNA-1_1&gene=snap_masked-NODE_33_length_108832_cov_20.4996_ID_65-processed-gene-0.93&CDS=1-894
OG0002882	YML067C	maker-NODE_33_length_108832_cov_20.4996_ID_65-snap-gene-0.158-mRNA-1_1&gene=maker-NODE_33_length_108832_cov_20.4996_ID_65-snap-gene-0.158&CDS=1-1071
OG0002883	YML068W	snap_masked-NODE_33_length_108832_cov_20.4996_ID_65-processed-gene-0.64-mRNA-1_1&gene=snap_masked-NODE_33_length_108832_cov_20.4996_ID_65-processed-gene-0.64&CDS=1-1383
OG0002884	YML069W	snap_masked-NODE_33_length_108832_cov_20.4996_ID_65-processed-gene-0.63-mRNA-1_1&gene=snap_masked-NODE_33_length_108832_cov_20.4996_ID_65-processed-gene-0.63&CDS=1-1635
OG0002885	YML070W	snap_masked-NODE_33_length_108832_cov_20.4996_ID_65-processed-gene-0.62-mRNA-1_1&gene=snap_masked-NODE_33_length_108832_cov_20.4996_ID_65-processed-gene-0.62&CDS=1-1752
OG0002886	YML071C	snap_masked-NODE_33_length_108832_cov_20.4996_ID_65-processed-gene-0.91-mRNA-1_1&gene=snap_masked-NODE_33_length_108832_cov_20.4996_ID_65-processed-gene-0.91&CDS=1-1416
OG0002887	YML072C	genemark-NODE_33_length_108832_cov_20.4996_ID_65-processed-gene-0.34-mRNA-1_1&gene=genemark-NODE_33_length_108832_cov_20.4996_ID_65-processed-gene-0.34&CDS=1-4959
OG0002888	YML073C	snap_masked-NODE_13_length_242978_cov_21.7015_ID_25-processed-gene-0.22-mRNA-1_1&gene=snap_masked-NODE_13_length_242978_cov_21.7015_ID_25-processed-gene-0.22&CDS=1-531
OG0002889	YML077W	snap_masked-NODE_33_length_108832_cov_20.4996_ID_65-processed-gene-0.61-mRNA-1_1&gene=snap_masked-NODE_33_length_108832_cov_20.4996_ID_65-processed-gene-0.61&CDS=1-474
OG0002890	YML078W	snap_masked-NODE_10_length_278180_cov_22.5073_ID_19-processed-gene-1.172-mRNA-1_1&gene=snap_masked-NODE_10_length_278180_cov_22.5073_ID_19-processed-gene-1.172&CDS=1-546
OG0002891	YML079W	snap_masked-NODE_10_length_278180_cov_22.5073_ID_19-processed-gene-1.173-mRNA-1_1&gene=snap_masked-NODE_10_length_278180_cov_22.5073_ID_19-processed-gene-1.173&CDS=1-606
OG0002892	YML080W	snap_masked-NODE_10_length_278180_cov_22.5073_ID_19-processed-gene-1.174-mRNA-1_1&gene=snap_masked-NODE_10_length_278180_cov_22.5073_ID_19-processed-gene-1.174&CDS=1-1197
OG0002893	YML081C-A	snap_masked-NODE_10_length_278180_cov_22.5073_ID_19-processed-gene-1.124-mRNA-1_1&gene=snap_masked-NODE_10_length_278180_cov_22.5073_ID_19-processed-gene-1.124&CDS=1-180
OG0002894	YML086C	snap_masked-NODE_7_length_294517_cov_21.9556_ID_13-processed-gene-0.80-mRNA-1_1&gene=snap_masked-NODE_7_length_294517_cov_21.9556_ID_13-processed-gene-0.80&CDS=1-1563
OG0002895	YML088W	snap_masked-NODE_7_length_294517_cov_21.9556_ID_13-processed-gene-0.104-mRNA-1_1&gene=snap_masked-NODE_7_length_294517_cov_21.9556_ID_13-processed-gene-0.104&CDS=1-1935
OG0002896	YML092C	augustus_masked-NODE_7_length_294517_cov_21.9556_ID_13-processed-gene-0.48-mRNA-1_1&gene=augustus_masked-NODE_7_length_294517_cov_21.9556_ID_13-processed-gene-0.48&CDS=1-4227
OG0002897	YML093W	snap_masked-NODE_7_length_294517_cov_21.9556_ID_13-processed-gene-0.105-mRNA-1_1&gene=snap_masked-NODE_7_length_294517_cov_21.9556_ID_13-processed-gene-0.105&CDS=1-2643
OG0002898	YML094W	augustus_masked-NODE_11_length_248256_cov_21.6689_ID_21-processed-gene-1.93-mRNA-1_1&gene=augustus_masked-NODE_11_length_248256_cov_21.6689_ID_21-processed-gene-1.93&CDS=1-462
OG0002899	YML095C	snap_masked-NODE_11_length_248256_cov_21.6689_ID_21-processed-gene-1.141-mRNA-1_1&gene=snap_masked-NODE_11_length_248256_cov_21.6689_ID_21-processed-gene-1.141&CDS=1-609
OG0002900	YML096W	snap_masked-NODE_7_length_294517_cov_21.9556_ID_13-processed-gene-0.106-mRNA-1_1&gene=snap_masked-NODE_7_length_294517_cov_21.9556_ID_13-processed-gene-0.106&CDS=1-1548
OG0002901	YML097C	snap_masked-NODE_11_length_248256_cov_21.6689_ID_21-processed-gene-1.142-mRNA-1_1&gene=snap_masked-NODE_11_length_248256_cov_21.6689_ID_21-processed-gene-1.142&CDS=1-1341
OG0002902	YML098W	snap_masked-NODE_11_length_248256_cov_21.6689_ID_21-processed-gene-1.184-mRNA-1_1&gene=snap_masked-NODE_11_length_248256_cov_21.6689_ID_21-processed-gene-1.184&CDS=1-450
OG0002903	YML099C	snap_masked-NODE_7_length_294517_cov_21.9556_ID_13-processed-gene-0.85-mRNA-1_1&gene=snap_masked-NODE_7_length_294517_cov_21.9556_ID_13-processed-gene-0.85&CDS=1-2652
OG0002904	YML102W	snap_masked-NODE_11_length_248256_cov_21.6689_ID_21-processed-gene-1.168-mRNA-1_1&gene=snap_masked-NODE_11_length_248256_cov_21.6689_ID_21-processed-gene-1.168&CDS=1-1755
OG0002905	YML103C	snap_masked-NODE_11_length_248256_cov_21.6689_ID_21-processed-gene-1.128-mRNA-1_1&gene=snap_masked-NODE_11_length_248256_cov_21.6689_ID_21-processed-gene-1.128&CDS=1-5001
OG0002906	YML104C	snap_masked-NODE_11_length_248256_cov_21.6689_ID_21-processed-gene-1.129-mRNA-1_1&gene=snap_masked-NODE_11_length_248256_cov_21.6689_ID_21-processed-gene-1.129&CDS=1-3327
OG0002907	YML105C	snap_masked-NODE_11_length_248256_cov_21.6689_ID_21-processed-gene-1.130-mRNA-1_1&gene=snap_masked-NODE_11_length_248256_cov_21.6689_ID_21-processed-gene-1.130&CDS=1-816
OG0002908	YML106W	snap_masked-NODE_11_length_248256_cov_21.6689_ID_21-processed-gene-1.169-mRNA-1_1&gene=snap_masked-NODE_11_length_248256_cov_21.6689_ID_21-processed-gene-1.169&CDS=1-672
OG0002909	YML107C	snap_masked-NODE_11_length_248256_cov_21.6689_ID_21-processed-gene-1.131-mRNA-1_1&gene=snap_masked-NODE_11_length_248256_cov_21.6689_ID_21-processed-gene-1.131&CDS=1-987
OG0002910	YML108W	snap_masked-NODE_11_length_248256_cov_21.6689_ID_21-processed-gene-1.170-mRNA-1_1&gene=snap_masked-NODE_11_length_248256_cov_21.6689_ID_21-processed-gene-1.170&CDS=1-336
OG0002911	YML109W	snap_masked-NODE_11_length_248256_cov_21.6689_ID_21-processed-gene-1.171-mRNA-1_1&gene=snap_masked-NODE_11_length_248256_cov_21.6689_ID_21-processed-gene-1.171&CDS=1-3066
OG0002912	YML110C	snap_masked-NODE_11_length_248256_cov_21.6689_ID_21-processed-gene-1.132-mRNA-1_1&gene=snap_masked-NODE_11_length_248256_cov_21.6689_ID_21-processed-gene-1.132&CDS=1-852
OG0002913	YML113W	snap_masked-NODE_11_length_248256_cov_21.6689_ID_21-processed-gene-1.173-mRNA-1_1&gene=snap_masked-NODE_11_length_248256_cov_21.6689_ID_21-processed-gene-1.173&CDS=1-489
OG0002914	YML114C	augustus_masked-NODE_11_length_248256_cov_21.6689_ID_21-processed-gene-1.45-mRNA-1_1&gene=augustus_masked-NODE_11_length_248256_cov_21.6689_ID_21-processed-gene-1.45&CDS=1-1461
OG0002915	YML115C	snap_masked-NODE_11_length_248256_cov_21.6689_ID_21-processed-gene-1.133-mRNA-1_1&gene=snap_masked-NODE_11_length_248256_cov_21.6689_ID_21-processed-gene-1.133&CDS=1-1536
OG0002916	YML117W	snap_masked-NODE_11_length_248256_cov_21.6689_ID_21-processed-gene-1.176-mRNA-1_1&gene=snap_masked-NODE_11_length_248256_cov_21.6689_ID_21-processed-gene-1.176&CDS=1-3090
OG0002917	YML119W	augustus_masked-NODE_11_length_248256_cov_21.6689_ID_21-processed-gene-1.89-mRNA-1_1&gene=augustus_masked-NODE_11_length_248256_cov_21.6689_ID_21-processed-gene-1.89&CDS=1-756
OG0002918	YML120C	snap_masked-NODE_11_length_248256_cov_21.6689_ID_21-processed-gene-1.135-mRNA-1_1&gene=snap_masked-NODE_11_length_248256_cov_21.6689_ID_21-processed-gene-1.135&CDS=1-1557
OG0002919	YML121W	snap_masked-NODE_11_length_248256_cov_21.6689_ID_21-processed-gene-1.180-mRNA-1_1&gene=snap_masked-NODE_11_length_248256_cov_21.6689_ID_21-processed-gene-1.180&CDS=1-945
OG0002920	YML123C	snap_masked-NODE_11_length_248256_cov_21.6689_ID_21-processed-gene-1.136-mRNA-1_1&gene=snap_masked-NODE_11_length_248256_cov_21.6689_ID_21-processed-gene-1.136&CDS=1-1734
OG0002921	YML126C	snap_masked-NODE_7_length_294517_cov_21.9556_ID_13-processed-gene-0.82-mRNA-1_1&gene=snap_masked-NODE_7_length_294517_cov_21.9556_ID_13-processed-gene-0.82&CDS=1-1383
OG0002922	YML127W	augustus_masked-NODE_11_length_248256_cov_21.6689_ID_21-processed-gene-1.91-mRNA-1_1&gene=augustus_masked-NODE_11_length_248256_cov_21.6689_ID_21-processed-gene-1.91&CDS=1-1776
OG0002923	YML128C	snap_masked-NODE_11_length_248256_cov_21.6689_ID_21-processed-gene-1.139-mRNA-1_1&gene=snap_masked-NODE_11_length_248256_cov_21.6689_ID_21-processed-gene-1.139&CDS=1-1503
OG0002924	YML129C	snap_masked-NODE_11_length_248256_cov_21.6689_ID_21-processed-gene-1.140-mRNA-1_1&gene=snap_masked-NODE_11_length_248256_cov_21.6689_ID_21-processed-gene-1.140&CDS=1-192
OG0002925	YML130C	snap_masked-NODE_11_length_248256_cov_21.6689_ID_21-processed-gene-1.143-mRNA-1_1&gene=snap_masked-NODE_11_length_248256_cov_21.6689_ID_21-processed-gene-1.143&CDS=1-1692
OG0002926	YML131W	snap_masked-NODE_22_length_167286_cov_23.0006_ID_43-processed-gene-0.106-mRNA-1_1&gene=snap_masked-NODE_22_length_167286_cov_23.0006_ID_43-processed-gene-0.106&CDS=1-1098
OG0002927	YMR001C	snap_masked-NODE_82_length_24187_cov_21.2298_ID_163-processed-gene-0.21-mRNA-1_1&gene=snap_masked-NODE_82_length_24187_cov_21.2298_ID_163-processed-gene-0.21&CDS=1-2139
OG0002928	YMR003W	snap_masked-NODE_82_length_24187_cov_21.2298_ID_163-processed-gene-0.15-mRNA-1_1&gene=snap_masked-NODE_82_length_24187_cov_21.2298_ID_163-processed-gene-0.15&CDS=1-1086
OG0002929	YMR004W	snap_masked-NODE_22_length_167286_cov_23.0006_ID_43-processed-gene-0.184-mRNA-1_1&gene=snap_masked-NODE_22_length_167286_cov_23.0006_ID_43-processed-gene-0.184&CDS=1-1491
OG0002930	YMR005W	snap_masked-NODE_82_length_24187_cov_21.2298_ID_163-processed-gene-0.16-mRNA-1_1&gene=snap_masked-NODE_82_length_24187_cov_21.2298_ID_163-processed-gene-0.16&CDS=1-996
OG0002931	YMR009W	snap_masked-NODE_34_length_108161_cov_25.3038_ID_67-processed-gene-0.149-mRNA-1_1&gene=snap_masked-NODE_34_length_108161_cov_25.3038_ID_67-processed-gene-0.149&CDS=1-537
OG0002932	YMR010W	maker-NODE_34_length_108161_cov_25.3038_ID_67-snap-gene-0.54-mRNA-1_1&gene=maker-NODE_34_length_108161_cov_25.3038_ID_67-snap-gene-0.54&CDS=1-2421
OG0002933	YMR012W	snap_masked-NODE_62_length_47433_cov_19.885_ID_123-processed-gene-0.33-mRNA-1_1&gene=snap_masked-NODE_62_length_47433_cov_19.885_ID_123-processed-gene-0.33&CDS=1-3828
OG0002934	YMR013C	augustus_masked-NODE_62_length_47433_cov_19.885_ID_123-processed-gene-0.21-mRNA-1_1&gene=augustus_masked-NODE_62_length_47433_cov_19.885_ID_123-processed-gene-0.21&CDS=1-1530
OG0002935	YMR014W	snap_masked-NODE_62_length_47433_cov_19.885_ID_123-processed-gene-0.34-mRNA-1_1&gene=snap_masked-NODE_62_length_47433_cov_19.885_ID_123-processed-gene-0.34&CDS=1-1395
OG0002936	YMR015C	snap_masked-NODE_62_length_47433_cov_19.885_ID_123-processed-gene-0.49-mRNA-1_1&gene=snap_masked-NODE_62_length_47433_cov_19.885_ID_123-processed-gene-0.49&CDS=1-1509
OG0002937	YMR019W	snap_masked-NODE_27_length_129316_cov_23.4348_ID_53-processed-gene-0.63-mRNA-1_1&gene=snap_masked-NODE_27_length_129316_cov_23.4348_ID_53-processed-gene-0.63&CDS=1-1362
OG0002938	YMR020W	snap_masked-NODE_27_length_129316_cov_23.4348_ID_53-processed-gene-0.64-mRNA-1_1&gene=snap_masked-NODE_27_length_129316_cov_23.4348_ID_53-processed-gene-0.64&CDS=1-1485
OG0002939	YMR021C	snap_masked-NODE_27_length_129316_cov_23.4348_ID_53-processed-gene-0.93-mRNA-1_1&gene=snap_masked-NODE_27_length_129316_cov_23.4348_ID_53-processed-gene-0.93&CDS=1-1173
OG0002940	YMR022W	snap_masked-NODE_27_length_129316_cov_23.4348_ID_53-processed-gene-0.65-mRNA-1_1&gene=snap_masked-NODE_27_length_129316_cov_23.4348_ID_53-processed-gene-0.65&CDS=1-495
OG0002941	YMR023C	snap_masked-NODE_27_length_129316_cov_23.4348_ID_53-processed-gene-0.94-mRNA-1_1&gene=snap_masked-NODE_27_length_129316_cov_23.4348_ID_53-processed-gene-0.94&CDS=1-1494
OG0002942	YMR024W	genemark-NODE_27_length_129316_cov_23.4348_ID_53-processed-gene-0.6-mRNA-1_1&gene=genemark-NODE_27_length_129316_cov_23.4348_ID_53-processed-gene-0.6&CDS=1-966
OG0002943	YMR025W	augustus_masked-NODE_27_length_129316_cov_23.4348_ID_53-processed-gene-0.126-mRNA-1_1&gene=augustus_masked-NODE_27_length_129316_cov_23.4348_ID_53-processed-gene-0.126&CDS=1-780
OG0002944	YMR026C	snap_masked-NODE_27_length_129316_cov_23.4348_ID_53-processed-gene-0.96-mRNA-1_1&gene=snap_masked-NODE_27_length_129316_cov_23.4348_ID_53-processed-gene-0.96&CDS=1-1182
OG0002945	YMR027W	maker-NODE_27_length_129316_cov_23.4348_ID_53-augustus-gene-0.60-mRNA-1_1&gene=maker-NODE_27_length_129316_cov_23.4348_ID_53-augustus-gene-0.60&CDS=1-2427
OG0002946	YMR029C	snap_masked-NODE_27_length_129316_cov_23.4348_ID_53-processed-gene-0.98-mRNA-1_1&gene=snap_masked-NODE_27_length_129316_cov_23.4348_ID_53-processed-gene-0.98&CDS=1-1536
OG0002947	YMR031C	snap_masked-NODE_27_length_129316_cov_23.4348_ID_53-processed-gene-0.100-mRNA-1_1&gene=snap_masked-NODE_27_length_129316_cov_23.4348_ID_53-processed-gene-0.100&CDS=1-2574
OG0002948	YMR032W	augustus_masked-NODE_27_length_129316_cov_23.4348_ID_53-processed-gene-0.129-mRNA-1_1&gene=augustus_masked-NODE_27_length_129316_cov_23.4348_ID_53-processed-gene-0.129&CDS=1-2088
OG0002949	YMR033W	snap_masked-NODE_2_length_515064_cov_21.8181_ID_3-processed-gene-2.139-mRNA-1_1&gene=snap_masked-NODE_2_length_515064_cov_21.8181_ID_3-processed-gene-2.139&CDS=1-1389
OG0002950	YMR034C	snap_masked-NODE_27_length_129316_cov_23.4348_ID_53-processed-gene-0.101-mRNA-1_1&gene=snap_masked-NODE_27_length_129316_cov_23.4348_ID_53-processed-gene-0.101&CDS=1-1311
OG0002951	YMR035W	snap_masked-NODE_27_length_129316_cov_23.4348_ID_53-processed-gene-0.71-mRNA-1_1&gene=snap_masked-NODE_27_length_129316_cov_23.4348_ID_53-processed-gene-0.71&CDS=1-483
OG0002952	YMR036C	snap_masked-NODE_27_length_129316_cov_23.4348_ID_53-processed-gene-0.102-mRNA-1_1&gene=snap_masked-NODE_27_length_129316_cov_23.4348_ID_53-processed-gene-0.102&CDS=1-1278
OG0002953	YMR038C	snap_masked-NODE_27_length_129316_cov_23.4348_ID_53-processed-gene-0.104-mRNA-1_1&gene=snap_masked-NODE_27_length_129316_cov_23.4348_ID_53-processed-gene-0.104&CDS=1-708
OG0002954	YMR039C	snap_masked-NODE_27_length_129316_cov_23.4348_ID_53-processed-gene-0.105-mRNA-1_1&gene=snap_masked-NODE_27_length_129316_cov_23.4348_ID_53-processed-gene-0.105&CDS=1-768
OG0002955	YMR041C	snap_masked-NODE_27_length_129316_cov_23.4348_ID_53-processed-gene-0.106-mRNA-1_1&gene=snap_masked-NODE_27_length_129316_cov_23.4348_ID_53-processed-gene-0.106&CDS=1-939
OG0002956	YMR042W	snap_masked-NODE_27_length_129316_cov_23.4348_ID_53-processed-gene-0.72-mRNA-1_1&gene=snap_masked-NODE_27_length_129316_cov_23.4348_ID_53-processed-gene-0.72&CDS=1-516
OG0002957	YMR043W	snap_masked-NODE_2_length_515064_cov_21.8181_ID_3-processed-gene-2.109-mRNA-1_1&gene=snap_masked-NODE_2_length_515064_cov_21.8181_ID_3-processed-gene-2.109&CDS=1-660
OG0002958	YMR044W	snap_masked-NODE_27_length_129316_cov_23.4348_ID_53-processed-gene-0.73-mRNA-1_1&gene=snap_masked-NODE_27_length_129316_cov_23.4348_ID_53-processed-gene-0.73&CDS=1-1209
OG0002959	YMR048W	snap_masked-NODE_27_length_129316_cov_23.4348_ID_53-processed-gene-0.74-mRNA-1_1&gene=snap_masked-NODE_27_length_129316_cov_23.4348_ID_53-processed-gene-0.74&CDS=1-864
OG0002960	YMR049C	snap_masked-NODE_2_length_515064_cov_21.8181_ID_3-processed-gene-1.107-mRNA-1_1&gene=snap_masked-NODE_2_length_515064_cov_21.8181_ID_3-processed-gene-1.107&CDS=1-2418
OG0002961	YMR052W	augustus_masked-NODE_2_length_515064_cov_21.8181_ID_3-processed-gene-1.81-mRNA-1_1&gene=augustus_masked-NODE_2_length_515064_cov_21.8181_ID_3-processed-gene-1.81&CDS=1-630
OG0002962	YMR058W	snap_masked-NODE_27_length_129316_cov_23.4348_ID_53-processed-gene-0.120-mRNA-1_1&gene=snap_masked-NODE_27_length_129316_cov_23.4348_ID_53-processed-gene-0.120&CDS=1-1920
OG0002963	YMR059W	snap_masked-NODE_2_length_515064_cov_21.8181_ID_3-processed-gene-1.122-mRNA-1_1&gene=snap_masked-NODE_2_length_515064_cov_21.8181_ID_3-processed-gene-1.122&CDS=1-399
OG0002964	YMR060C	augustus_masked-NODE_27_length_129316_cov_23.4348_ID_53-processed-gene-0.142-mRNA-1_1&gene=augustus_masked-NODE_27_length_129316_cov_23.4348_ID_53-processed-gene-0.142&CDS=1-972
OG0002965	YMR061W	snap_masked-NODE_27_length_129316_cov_23.4348_ID_53-processed-gene-0.119-mRNA-1_1&gene=snap_masked-NODE_27_length_129316_cov_23.4348_ID_53-processed-gene-0.119&CDS=1-1944
OG0002966	YMR062C	snap_masked-NODE_27_length_129316_cov_23.4348_ID_53-processed-gene-0.85-mRNA-1_1&gene=snap_masked-NODE_27_length_129316_cov_23.4348_ID_53-processed-gene-0.85&CDS=1-1323
OG0002967	YMR063W	snap_masked-NODE_27_length_129316_cov_23.4348_ID_53-processed-gene-0.118-mRNA-1_1&gene=snap_masked-NODE_27_length_129316_cov_23.4348_ID_53-processed-gene-0.118&CDS=1-681
OG0002968	YMR064W	augustus_masked-NODE_27_length_129316_cov_23.4348_ID_53-processed-gene-0.170-mRNA-1_1&gene=augustus_masked-NODE_27_length_129316_cov_23.4348_ID_53-processed-gene-0.170&CDS=1-1506
OG0002969	YMR065W	snap_masked-NODE_27_length_129316_cov_23.4348_ID_53-processed-gene-0.116-mRNA-1_1&gene=snap_masked-NODE_27_length_129316_cov_23.4348_ID_53-processed-gene-0.116&CDS=1-1422
OG0002970	YMR066W	augustus_masked-NODE_27_length_129316_cov_23.4348_ID_53-processed-gene-0.168-mRNA-1_1&gene=augustus_masked-NODE_27_length_129316_cov_23.4348_ID_53-processed-gene-0.168&CDS=1-2460
OG0002971	YMR067C	augustus_masked-NODE_27_length_129316_cov_23.4348_ID_53-processed-gene-0.139-mRNA-1_1&gene=augustus_masked-NODE_27_length_129316_cov_23.4348_ID_53-processed-gene-0.139&CDS=1-1263
OG0002972	YMR068W	snap_masked-NODE_27_length_129316_cov_23.4348_ID_53-processed-gene-0.114-mRNA-1_1&gene=snap_masked-NODE_27_length_129316_cov_23.4348_ID_53-processed-gene-0.114&CDS=1-1098
OG0002973	YMR070W	augustus_masked-NODE_73_length_29830_cov_23.0513_ID_145-processed-gene-0.29-mRNA-1_1&gene=augustus_masked-NODE_73_length_29830_cov_23.0513_ID_145-processed-gene-0.29&CDS=1-1203
OG0002974	YMR071C	snap_masked-NODE_73_length_29830_cov_23.0513_ID_145-processed-gene-0.23-mRNA-1_1&gene=snap_masked-NODE_73_length_29830_cov_23.0513_ID_145-processed-gene-0.23&CDS=1-501
OG0002975	YMR073C	snap_masked-NODE_73_length_29830_cov_23.0513_ID_145-processed-gene-0.24-mRNA-1_1&gene=snap_masked-NODE_73_length_29830_cov_23.0513_ID_145-processed-gene-0.24&CDS=1-630
OG0002976	YMR074C	snap_masked-NODE_73_length_29830_cov_23.0513_ID_145-processed-gene-0.25-mRNA-1_1&gene=snap_masked-NODE_73_length_29830_cov_23.0513_ID_145-processed-gene-0.25&CDS=1-402
OG0002977	YMR075W	snap_masked-NODE_73_length_29830_cov_23.0513_ID_145-processed-gene-0.19-mRNA-1_1&gene=snap_masked-NODE_73_length_29830_cov_23.0513_ID_145-processed-gene-0.19&CDS=1-2082
OG0002978	YMR076C	snap_masked-NODE_73_length_29830_cov_23.0513_ID_145-processed-gene-0.26-mRNA-1_1&gene=snap_masked-NODE_73_length_29830_cov_23.0513_ID_145-processed-gene-0.26&CDS=1-3816
OG0002979	YMR077C	snap_masked-NODE_72_length_31228_cov_21.041_ID_143-processed-gene-0.12-mRNA-1_1&gene=snap_masked-NODE_72_length_31228_cov_21.041_ID_143-processed-gene-0.12&CDS=1-624
OG0002980	YMR078C	snap_masked-NODE_95_length_12461_cov_25.0418_ID_189-processed-gene-0.2-mRNA-1_1&gene=snap_masked-NODE_95_length_12461_cov_25.0418_ID_189-processed-gene-0.2&CDS=1-2274
OG0002981	YMR079W	snap_masked-NODE_95_length_12461_cov_25.0418_ID_189-processed-gene-0.0-mRNA-1_1&gene=snap_masked-NODE_95_length_12461_cov_25.0418_ID_189-processed-gene-0.0&CDS=1-912
OG0002982	YMR080C	snap_masked-NODE_95_length_12461_cov_25.0418_ID_189-processed-gene-0.3-mRNA-1_1&gene=snap_masked-NODE_95_length_12461_cov_25.0418_ID_189-processed-gene-0.3&CDS=1-2922
OG0002983	YMR081C	snap_masked-NODE_95_length_12461_cov_25.0418_ID_189-processed-gene-0.4-mRNA-1_1&gene=snap_masked-NODE_95_length_12461_cov_25.0418_ID_189-processed-gene-0.4&CDS=1-978
OG0002984	YMR086W	snap_masked-NODE_1_length_611906_cov_21.093_ID_1-processed-gene-2.110-mRNA-1_1&gene=snap_masked-NODE_1_length_611906_cov_21.093_ID_1-processed-gene-2.110&CDS=1-3003
OG0002985	YMR087W	snap_masked-NODE_1_length_611906_cov_21.093_ID_1-processed-gene-2.109-mRNA-1_1&gene=snap_masked-NODE_1_length_611906_cov_21.093_ID_1-processed-gene-2.109&CDS=1-801
OG0002986	YMR090W	snap_masked-NODE_1_length_611906_cov_21.093_ID_1-processed-gene-2.108-mRNA-1_1&gene=snap_masked-NODE_1_length_611906_cov_21.093_ID_1-processed-gene-2.108&CDS=1-684
OG0002987	YMR091C	snap_masked-NODE_1_length_611906_cov_21.093_ID_1-processed-gene-2.85-mRNA-1_1&gene=snap_masked-NODE_1_length_611906_cov_21.093_ID_1-processed-gene-2.85&CDS=1-1374
OG0002988	YMR092C	snap_masked-NODE_1_length_611906_cov_21.093_ID_1-processed-gene-2.84-mRNA-1_1&gene=snap_masked-NODE_1_length_611906_cov_21.093_ID_1-processed-gene-2.84&CDS=1-1833
OG0002989	YMR093W	snap_masked-NODE_1_length_611906_cov_21.093_ID_1-processed-gene-2.107-mRNA-1_1&gene=snap_masked-NODE_1_length_611906_cov_21.093_ID_1-processed-gene-2.107&CDS=1-1521
OG0002990	YMR094W	snap_masked-NODE_1_length_611906_cov_21.093_ID_1-processed-gene-2.106-mRNA-1_1&gene=snap_masked-NODE_1_length_611906_cov_21.093_ID_1-processed-gene-2.106&CDS=1-1353
OG0002991	YMR097C	snap_masked-NODE_1_length_611906_cov_21.093_ID_1-processed-gene-2.83-mRNA-1_1&gene=snap_masked-NODE_1_length_611906_cov_21.093_ID_1-processed-gene-2.83&CDS=1-1077
OG0002992	YMR098C	snap_masked-NODE_1_length_611906_cov_21.093_ID_1-processed-gene-2.82-mRNA-1_1&gene=snap_masked-NODE_1_length_611906_cov_21.093_ID_1-processed-gene-2.82&CDS=1-1653
OG0002993	YMR099C	snap_masked-NODE_1_length_611906_cov_21.093_ID_1-processed-gene-2.104-mRNA-1_1&gene=snap_masked-NODE_1_length_611906_cov_21.093_ID_1-processed-gene-2.104&CDS=1-888
OG0002994	YMR100W	snap_masked-NODE_1_length_611906_cov_21.093_ID_1-processed-gene-2.103-mRNA-1_1&gene=snap_masked-NODE_1_length_611906_cov_21.093_ID_1-processed-gene-2.103&CDS=1-1818
OG0002995	YMR106C	snap_masked-NODE_1_length_611906_cov_21.093_ID_1-processed-gene-2.78-mRNA-1_1&gene=snap_masked-NODE_1_length_611906_cov_21.093_ID_1-processed-gene-2.78&CDS=1-1833
OG0002996	YMR107W	snap_masked-NODE_1_length_611906_cov_21.093_ID_1-processed-gene-2.100-mRNA-1_1&gene=snap_masked-NODE_1_length_611906_cov_21.093_ID_1-processed-gene-2.100&CDS=1-303
OG0002997	YMR109W	snap_masked-NODE_59_length_54112_cov_20.9613_ID_117-processed-gene-0.78-mRNA-1_1&gene=snap_masked-NODE_59_length_54112_cov_20.9613_ID_117-processed-gene-0.78&CDS=1-3684
OG0002998	YMR110C	maker-NODE_1_length_611906_cov_21.093_ID_1-augustus-gene-2.5-mRNA-1_1&gene=maker-NODE_1_length_611906_cov_21.093_ID_1-augustus-gene-2.5&CDS=1-2904
OG0002999	YMR112C	snap_masked-NODE_1_length_611906_cov_21.093_ID_1-processed-gene-2.75-mRNA-1_1&gene=snap_masked-NODE_1_length_611906_cov_21.093_ID_1-processed-gene-2.75&CDS=1-393
OG0003000	YMR113W	genemark-NODE_59_length_54112_cov_20.9613_ID_117-processed-gene-0.17-mRNA-1_1&gene=genemark-NODE_59_length_54112_cov_20.9613_ID_117-processed-gene-0.17&CDS=1-1296
OG0003001	YMR114C	snap_masked-NODE_1_length_611906_cov_21.093_ID_1-processed-gene-2.74-mRNA-1_1&gene=snap_masked-NODE_1_length_611906_cov_21.093_ID_1-processed-gene-2.74&CDS=1-1035
OG0003002	YMR115W	snap_masked-NODE_1_length_611906_cov_21.093_ID_1-processed-gene-2.98-mRNA-1_1&gene=snap_masked-NODE_1_length_611906_cov_21.093_ID_1-processed-gene-2.98&CDS=1-1401
OG0003003	YMR116C	maker-NODE_1_length_611906_cov_21.093_ID_1-augustus-gene-2.4-mRNA-1_1&gene=maker-NODE_1_length_611906_cov_21.093_ID_1-augustus-gene-2.4&CDS=1-957
OG0003004	YMR119W	snap_masked-NODE_1_length_611906_cov_21.093_ID_1-processed-gene-2.96-mRNA-1_1&gene=snap_masked-NODE_1_length_611906_cov_21.093_ID_1-processed-gene-2.96&CDS=1-1638
OG0003005	YMR123W	snap_masked-NODE_1_length_611906_cov_21.093_ID_1-processed-gene-2.94-mRNA-1_1&gene=snap_masked-NODE_1_length_611906_cov_21.093_ID_1-processed-gene-2.94&CDS=1-357
OG0003006	YMR124W	snap_masked-NODE_1_length_611906_cov_21.093_ID_1-processed-gene-2.93-mRNA-1_1&gene=snap_masked-NODE_1_length_611906_cov_21.093_ID_1-processed-gene-2.93&CDS=1-2454
OG0003007	YMR125W	snap_masked-NODE_1_length_611906_cov_21.093_ID_1-processed-gene-2.92-mRNA-1_1&gene=snap_masked-NODE_1_length_611906_cov_21.093_ID_1-processed-gene-2.92&CDS=1-2586
OG0003008	YMR126C	snap_masked-NODE_1_length_611906_cov_21.093_ID_1-processed-gene-2.69-mRNA-1_1&gene=snap_masked-NODE_1_length_611906_cov_21.093_ID_1-processed-gene-2.69&CDS=1-1068
OG0003009	YMR127C	snap_masked-NODE_1_length_611906_cov_21.093_ID_1-processed-gene-2.68-mRNA-1_1&gene=snap_masked-NODE_1_length_611906_cov_21.093_ID_1-processed-gene-2.68&CDS=1-1356
OG0003010	YMR128W	augustus_masked-NODE_12_length_246126_cov_21.8889_ID_23-processed-gene-1.99-mRNA-1_1&gene=augustus_masked-NODE_12_length_246126_cov_21.8889_ID_23-processed-gene-1.99&CDS=1-8619
OG0003011	YMR129W	snap_masked-NODE_1_length_611906_cov_21.093_ID_1-processed-gene-2.91-mRNA-1_1&gene=snap_masked-NODE_1_length_611906_cov_21.093_ID_1-processed-gene-2.91&CDS=1-3942
OG0003012	YMR130W	snap_masked-NODE_1_length_611906_cov_21.093_ID_1-processed-gene-2.60-mRNA-1_1&gene=snap_masked-NODE_1_length_611906_cov_21.093_ID_1-processed-gene-2.60&CDS=1-915
OG0003013	YMR131C	snap_masked-NODE_1_length_611906_cov_21.093_ID_1-processed-gene-2.64-mRNA-1_1&gene=snap_masked-NODE_1_length_611906_cov_21.093_ID_1-processed-gene-2.64&CDS=1-1530
OG0003014	YMR132C	snap_masked-NODE_1_length_611906_cov_21.093_ID_1-processed-gene-2.88-mRNA-1_1&gene=snap_masked-NODE_1_length_611906_cov_21.093_ID_1-processed-gene-2.88&CDS=1-600
OG0003015	YMR133W	augustus_masked-NODE_1_length_611906_cov_21.093_ID_1-processed-gene-2.15-mRNA-1_1&gene=augustus_masked-NODE_1_length_611906_cov_21.093_ID_1-processed-gene-2.15&CDS=1-996
OG0003016	YMR134W	augustus_masked-NODE_1_length_611906_cov_21.093_ID_1-processed-gene-2.16-mRNA-1_1&gene=augustus_masked-NODE_1_length_611906_cov_21.093_ID_1-processed-gene-2.16&CDS=1-681
OG0003017	YMR135C	augustus_masked-NODE_1_length_611906_cov_21.093_ID_1-processed-gene-2.37-mRNA-1_1&gene=augustus_masked-NODE_1_length_611906_cov_21.093_ID_1-processed-gene-2.37&CDS=1-753
OG0003018	YMR137C	snap_masked-NODE_1_length_611906_cov_21.093_ID_1-processed-gene-2.90-mRNA-1_1&gene=snap_masked-NODE_1_length_611906_cov_21.093_ID_1-processed-gene-2.90&CDS=1-1707
OG0003019	YMR138W	snap_masked-NODE_1_length_611906_cov_21.093_ID_1-processed-gene-2.66-mRNA-1_1&gene=snap_masked-NODE_1_length_611906_cov_21.093_ID_1-processed-gene-2.66&CDS=1-597
OG0003020	YMR140W	snap_masked-NODE_1_length_611906_cov_21.093_ID_1-processed-gene-2.63-mRNA-1_1&gene=snap_masked-NODE_1_length_611906_cov_21.093_ID_1-processed-gene-2.63&CDS=1-1353
OG0003021	YMR144W	augustus_masked-NODE_12_length_246126_cov_21.8889_ID_23-processed-gene-1.106-mRNA-1_1&gene=augustus_masked-NODE_12_length_246126_cov_21.8889_ID_23-processed-gene-1.106&CDS=1-987
OG0003022	YMR146C	snap_masked-NODE_1_length_611906_cov_21.093_ID_1-processed-gene-1.107-mRNA-1_1&gene=snap_masked-NODE_1_length_611906_cov_21.093_ID_1-processed-gene-1.107&CDS=1-1041
OG0003023	YMR148W	augustus_masked-NODE_1_length_611906_cov_21.093_ID_1-processed-gene-1.64-mRNA-1_1&gene=augustus_masked-NODE_1_length_611906_cov_21.093_ID_1-processed-gene-1.64&CDS=1-981
OG0003024	YMR149W	augustus_masked-NODE_1_length_611906_cov_21.093_ID_1-processed-gene-1.65-mRNA-1_1&gene=augustus_masked-NODE_1_length_611906_cov_21.093_ID_1-processed-gene-1.65&CDS=1-825
OG0003025	YMR150C	snap_masked-NODE_1_length_611906_cov_21.093_ID_1-processed-gene-1.126-mRNA-1_1&gene=snap_masked-NODE_1_length_611906_cov_21.093_ID_1-processed-gene-1.126&CDS=1-516
OG0003026	YMR154C	snap_masked-NODE_97_length_11033_cov_20.7506_ID_193-processed-gene-0.18-mRNA-1_1&gene=snap_masked-NODE_97_length_11033_cov_20.7506_ID_193-processed-gene-0.18&CDS=1-2148
OG0003027	YMR155W	augustus_masked-NODE_97_length_11033_cov_20.7506_ID_193-processed-gene-0.11-mRNA-1_1&gene=augustus_masked-NODE_97_length_11033_cov_20.7506_ID_193-processed-gene-0.11&CDS=1-1800
OG0003028	YMR156C	augustus_masked-NODE_97_length_11033_cov_20.7506_ID_193-processed-gene-0.8-mRNA-1_1&gene=augustus_masked-NODE_97_length_11033_cov_20.7506_ID_193-processed-gene-0.8&CDS=1-1407
OG0003029	YMR158W	snap_masked-NODE_97_length_11033_cov_20.7506_ID_193-processed-gene-0.19-mRNA-1_1&gene=snap_masked-NODE_97_length_11033_cov_20.7506_ID_193-processed-gene-0.19&CDS=1-465
OG0003030	YMR159C	augustus_masked-NODE_2_length_515064_cov_21.8181_ID_3-processed-gene-3.119-mRNA-1_1&gene=augustus_masked-NODE_2_length_515064_cov_21.8181_ID_3-processed-gene-3.119&CDS=1-381
OG0003031	YMR160W	snap_masked-NODE_2_length_515064_cov_21.8181_ID_3-processed-gene-3.61-mRNA-1_1&gene=snap_masked-NODE_2_length_515064_cov_21.8181_ID_3-processed-gene-3.61&CDS=1-2220
OG0003032	YMR161W	snap_masked-NODE_2_length_515064_cov_21.8181_ID_3-processed-gene-3.63-mRNA-1_1&gene=snap_masked-NODE_2_length_515064_cov_21.8181_ID_3-processed-gene-3.63&CDS=1-669
OG0003033	YMR162C	augustus_masked-NODE_2_length_515064_cov_21.8181_ID_3-processed-gene-3.120-mRNA-1_1&gene=augustus_masked-NODE_2_length_515064_cov_21.8181_ID_3-processed-gene-3.120&CDS=1-1512
OG0003034	YMR163C	augustus_masked-NODE_2_length_515064_cov_21.8181_ID_3-processed-gene-3.121-mRNA-1_1&gene=augustus_masked-NODE_2_length_515064_cov_21.8181_ID_3-processed-gene-3.121&CDS=1-1956
OG0003035	YMR164C	augustus_masked-NODE_12_length_246126_cov_21.8889_ID_23-processed-gene-1.145-mRNA-1_1&gene=augustus_masked-NODE_12_length_246126_cov_21.8889_ID_23-processed-gene-1.145&CDS=1-2280
OG0003036	YMR165C	augustus_masked-NODE_2_length_515064_cov_21.8181_ID_3-processed-gene-3.123-mRNA-1_1&gene=augustus_masked-NODE_2_length_515064_cov_21.8181_ID_3-processed-gene-3.123&CDS=1-3300
OG0003037	YMR167W	snap_masked-NODE_2_length_515064_cov_21.8181_ID_3-processed-gene-3.64-mRNA-1_1&gene=snap_masked-NODE_2_length_515064_cov_21.8181_ID_3-processed-gene-3.64&CDS=1-2295
OG0003038	YMR168C	snap_masked-NODE_2_length_515064_cov_21.8181_ID_3-processed-gene-3.85-mRNA-1_1&gene=snap_masked-NODE_2_length_515064_cov_21.8181_ID_3-processed-gene-3.85&CDS=1-1875
OG0003039	YMR172W	augustus_masked-NODE_7_length_294517_cov_21.9556_ID_13-processed-gene-1.177-mRNA-1_1&gene=augustus_masked-NODE_7_length_294517_cov_21.9556_ID_13-processed-gene-1.177&CDS=1-1536
OG0003040	YMR176W	snap_masked-NODE_7_length_294517_cov_21.9556_ID_13-processed-gene-1.277-mRNA-1_1&gene=snap_masked-NODE_7_length_294517_cov_21.9556_ID_13-processed-gene-1.277&CDS=1-4038
OG0003041	YMR178W	augustus_masked-NODE_7_length_294517_cov_21.9556_ID_13-processed-gene-1.174-mRNA-1_1&gene=augustus_masked-NODE_7_length_294517_cov_21.9556_ID_13-processed-gene-1.174&CDS=1-861
OG0003042	YMR179W	augustus_masked-NODE_7_length_294517_cov_21.9556_ID_13-processed-gene-1.173-mRNA-1_1&gene=augustus_masked-NODE_7_length_294517_cov_21.9556_ID_13-processed-gene-1.173&CDS=1-1845
OG0003043	YMR181C	snap_masked-NODE_7_length_294517_cov_21.9556_ID_13-processed-gene-1.227-mRNA-1_1&gene=snap_masked-NODE_7_length_294517_cov_21.9556_ID_13-processed-gene-1.227&CDS=1-528
OG0003044	YMR182C	snap_masked-NODE_7_length_294517_cov_21.9556_ID_13-processed-gene-1.226-mRNA-1_1&gene=snap_masked-NODE_7_length_294517_cov_21.9556_ID_13-processed-gene-1.226&CDS=1-807
OG0003045	YMR184W	snap_masked-NODE_7_length_294517_cov_21.9556_ID_13-processed-gene-1.273-mRNA-1_1&gene=snap_masked-NODE_7_length_294517_cov_21.9556_ID_13-processed-gene-1.273&CDS=1-519
OG0003046	YMR187C	augustus_masked-NODE_7_length_294517_cov_21.9556_ID_13-processed-gene-1.125-mRNA-1_1&gene=augustus_masked-NODE_7_length_294517_cov_21.9556_ID_13-processed-gene-1.125&CDS=1-1419
OG0003047	YMR188C	snap_masked-NODE_7_length_294517_cov_21.9556_ID_13-processed-gene-1.224-mRNA-1_1&gene=snap_masked-NODE_7_length_294517_cov_21.9556_ID_13-processed-gene-1.224&CDS=1-693
OG0003048	YMR189W	snap_masked-NODE_7_length_294517_cov_21.9556_ID_13-processed-gene-1.271-mRNA-1_1&gene=snap_masked-NODE_7_length_294517_cov_21.9556_ID_13-processed-gene-1.271&CDS=1-3087
OG0003049	YMR191W	augustus_masked-NODE_7_length_294517_cov_21.9556_ID_13-processed-gene-1.168-mRNA-1_1&gene=augustus_masked-NODE_7_length_294517_cov_21.9556_ID_13-processed-gene-1.168&CDS=1-525
OG0003050	YMR197C	maker-NODE_9_length_289189_cov_21.4249_ID_17-augustus-gene-0.0-mRNA-1_1&gene=maker-NODE_9_length_289189_cov_21.4249_ID_17-augustus-gene-0.0&CDS=1-897
OG0003051	YMR201C	snap_masked-NODE_9_length_289189_cov_21.4249_ID_17-processed-gene-0.47-mRNA-1_1&gene=snap_masked-NODE_9_length_289189_cov_21.4249_ID_17-processed-gene-0.47&CDS=1-1023
OG0003052	YMR203W	maker-NODE_9_length_289189_cov_21.4249_ID_17-augustus-gene-0.2-mRNA-1_1&gene=maker-NODE_9_length_289189_cov_21.4249_ID_17-augustus-gene-0.2&CDS=1-1584
OG0003053	YMR204C	snap_masked-NODE_9_length_289189_cov_21.4249_ID_17-processed-gene-0.45-mRNA-1_1&gene=snap_masked-NODE_9_length_289189_cov_21.4249_ID_17-processed-gene-0.45&CDS=1-702
OG0003054	YMR208W	snap_masked-NODE_2_length_515064_cov_21.8181_ID_3-processed-gene-0.111-mRNA-1_1&gene=snap_masked-NODE_2_length_515064_cov_21.8181_ID_3-processed-gene-0.111&CDS=1-1212
OG0003055	YMR209C	snap_masked-NODE_2_length_515064_cov_21.8181_ID_3-processed-gene-0.131-mRNA-1_1&gene=snap_masked-NODE_2_length_515064_cov_21.8181_ID_3-processed-gene-0.131&CDS=1-1293
OG0003056	YMR210W	snap_masked-NODE_2_length_515064_cov_21.8181_ID_3-processed-gene-0.112-mRNA-1_1&gene=snap_masked-NODE_2_length_515064_cov_21.8181_ID_3-processed-gene-0.112&CDS=1-1314
OG0003057	YMR211W	snap_masked-NODE_2_length_515064_cov_21.8181_ID_3-processed-gene-0.113-mRNA-1_1&gene=snap_masked-NODE_2_length_515064_cov_21.8181_ID_3-processed-gene-0.113&CDS=1-1425
OG0003058	YMR212C	snap_masked-NODE_2_length_515064_cov_21.8181_ID_3-processed-gene-0.132-mRNA-1_1&gene=snap_masked-NODE_2_length_515064_cov_21.8181_ID_3-processed-gene-0.132&CDS=1-2313
OG0003059	YMR214W	augustus_masked-NODE_11_length_248256_cov_21.6689_ID_21-processed-gene-1.20-mRNA-1_1&gene=augustus_masked-NODE_11_length_248256_cov_21.6689_ID_21-processed-gene-1.20&CDS=1-1095
OG0003060	YMR215W	snap_masked-NODE_2_length_515064_cov_21.8181_ID_3-processed-gene-0.114-mRNA-1_1&gene=snap_masked-NODE_2_length_515064_cov_21.8181_ID_3-processed-gene-0.114&CDS=1-3042
OG0003061	YMR217W	snap_masked-NODE_11_length_248256_cov_21.6689_ID_21-processed-gene-1.107-mRNA-1_1&gene=snap_masked-NODE_11_length_248256_cov_21.6689_ID_21-processed-gene-1.107&CDS=1-1575
OG0003062	YMR218C	genemark-NODE_2_length_515064_cov_21.8181_ID_3-processed-gene-0.47-mRNA-1_1&gene=genemark-NODE_2_length_515064_cov_21.8181_ID_3-processed-gene-0.47&CDS=1-5106
OG0003063	YMR220W	snap_masked-NODE_2_length_515064_cov_21.8181_ID_3-processed-gene-0.116-mRNA-1_1&gene=snap_masked-NODE_2_length_515064_cov_21.8181_ID_3-processed-gene-0.116&CDS=1-1353
OG0003064	YMR221C	augustus_masked-NODE_2_length_515064_cov_21.8181_ID_3-processed-gene-1.46-mRNA-1_1&gene=augustus_masked-NODE_2_length_515064_cov_21.8181_ID_3-processed-gene-1.46&CDS=1-2190
OG0003065	YMR223W	snap_masked-NODE_11_length_248256_cov_21.6689_ID_21-processed-gene-1.109-mRNA-1_1&gene=snap_masked-NODE_11_length_248256_cov_21.6689_ID_21-processed-gene-1.109&CDS=1-1353
OG0003066	YMR224C	snap_masked-NODE_2_length_515064_cov_21.8181_ID_3-processed-gene-1.84-mRNA-1_1&gene=snap_masked-NODE_2_length_515064_cov_21.8181_ID_3-processed-gene-1.84&CDS=1-2019
OG0003067	YMR226C	augustus_masked-NODE_2_length_515064_cov_21.8181_ID_3-processed-gene-1.48-mRNA-1_1&gene=augustus_masked-NODE_2_length_515064_cov_21.8181_ID_3-processed-gene-1.48&CDS=1-1002
OG0003068	YMR227C	snap_masked-NODE_2_length_515064_cov_21.8181_ID_3-processed-gene-1.108-mRNA-1_1&gene=snap_masked-NODE_2_length_515064_cov_21.8181_ID_3-processed-gene-1.108&CDS=1-1668
OG0003069	YMR228W	snap_masked-NODE_2_length_515064_cov_21.8181_ID_3-processed-gene-1.88-mRNA-1_1&gene=snap_masked-NODE_2_length_515064_cov_21.8181_ID_3-processed-gene-1.88&CDS=1-1026
OG0003070	YMR229C	snap_masked-NODE_2_length_515064_cov_21.8181_ID_3-processed-gene-1.109-mRNA-1_1&gene=snap_masked-NODE_2_length_515064_cov_21.8181_ID_3-processed-gene-1.109&CDS=1-5121
OG0003071	YMR231W	snap_masked-NODE_10_length_278180_cov_22.5073_ID_19-processed-gene-1.92-mRNA-1_1&gene=snap_masked-NODE_10_length_278180_cov_22.5073_ID_19-processed-gene-1.92&CDS=1-3069
OG0003072	YMR232W	snap_masked-NODE_10_length_278180_cov_22.5073_ID_19-processed-gene-1.93-mRNA-1_1&gene=snap_masked-NODE_10_length_278180_cov_22.5073_ID_19-processed-gene-1.93&CDS=1-1899
OG0003073	YMR233W	augustus_masked-NODE_10_length_278180_cov_22.5073_ID_19-processed-gene-1.4-mRNA-1_1&gene=augustus_masked-NODE_10_length_278180_cov_22.5073_ID_19-processed-gene-1.4&CDS=1-645
OG0003074	YMR234W	snap_masked-NODE_11_length_248256_cov_21.6689_ID_21-processed-gene-1.118-mRNA-1_1&gene=snap_masked-NODE_11_length_248256_cov_21.6689_ID_21-processed-gene-1.118&CDS=1-1275
OG0003075	YMR235C	snap_masked-NODE_10_length_278180_cov_22.5073_ID_19-processed-gene-1.140-mRNA-1_1&gene=snap_masked-NODE_10_length_278180_cov_22.5073_ID_19-processed-gene-1.140&CDS=1-1218
OG0003076	YMR236W	snap_masked-NODE_10_length_278180_cov_22.5073_ID_19-processed-gene-1.95-mRNA-1_1&gene=snap_masked-NODE_10_length_278180_cov_22.5073_ID_19-processed-gene-1.95&CDS=1-537
OG0003077	YMR238W	snap_masked-NODE_10_length_278180_cov_22.5073_ID_19-processed-gene-1.96-mRNA-1_1&gene=snap_masked-NODE_10_length_278180_cov_22.5073_ID_19-processed-gene-1.96&CDS=1-1353
OG0003078	YMR239C	snap_masked-NODE_10_length_278180_cov_22.5073_ID_19-processed-gene-1.142-mRNA-1_1&gene=snap_masked-NODE_10_length_278180_cov_22.5073_ID_19-processed-gene-1.142&CDS=1-1614
OG0003079	YMR240C	augustus_masked-NODE_10_length_278180_cov_22.5073_ID_19-processed-gene-1.51-mRNA-1_1&gene=augustus_masked-NODE_10_length_278180_cov_22.5073_ID_19-processed-gene-1.51&CDS=1-1392
OG0003080	YMR241W	snap_masked-NODE_10_length_278180_cov_22.5073_ID_19-processed-gene-1.98-mRNA-1_1&gene=snap_masked-NODE_10_length_278180_cov_22.5073_ID_19-processed-gene-1.98&CDS=1-927
OG0003081	YMR247C	augustus_masked-NODE_10_length_278180_cov_22.5073_ID_19-processed-gene-1.54-mRNA-1_1&gene=augustus_masked-NODE_10_length_278180_cov_22.5073_ID_19-processed-gene-1.54&CDS=1-6057
OG0003082	YMR250W	snap_masked-NODE_10_length_278180_cov_22.5073_ID_19-processed-gene-1.102-mRNA-1_1&gene=snap_masked-NODE_10_length_278180_cov_22.5073_ID_19-processed-gene-1.102&CDS=1-1749
OG0003083	YMR256C	snap_masked-NODE_10_length_278180_cov_22.5073_ID_19-processed-gene-1.152-mRNA-1_1&gene=snap_masked-NODE_10_length_278180_cov_22.5073_ID_19-processed-gene-1.152&CDS=1-186
OG0003084	YMR257C	snap_masked-NODE_10_length_278180_cov_22.5073_ID_19-processed-gene-1.153-mRNA-1_1&gene=snap_masked-NODE_10_length_278180_cov_22.5073_ID_19-processed-gene-1.153&CDS=1-2172
OG0003085	YMR258C	snap_masked-NODE_10_length_278180_cov_22.5073_ID_19-processed-gene-1.154-mRNA-1_1&gene=snap_masked-NODE_10_length_278180_cov_22.5073_ID_19-processed-gene-1.154&CDS=1-1038
OG0003086	YMR259C	snap_masked-NODE_10_length_278180_cov_22.5073_ID_19-processed-gene-1.155-mRNA-1_1&gene=snap_masked-NODE_10_length_278180_cov_22.5073_ID_19-processed-gene-1.155&CDS=1-4275
OG0003087	YMR260C	snap_masked-NODE_10_length_278180_cov_22.5073_ID_19-processed-gene-1.156-mRNA-1_1&gene=snap_masked-NODE_10_length_278180_cov_22.5073_ID_19-processed-gene-1.156&CDS=1-459
OG0003088	YMR262W	augustus_masked-NODE_10_length_278180_cov_22.5073_ID_19-processed-gene-1.14-mRNA-1_1&gene=augustus_masked-NODE_10_length_278180_cov_22.5073_ID_19-processed-gene-1.14&CDS=1-786
OG0003089	YMR263W	snap_masked-NODE_10_length_278180_cov_22.5073_ID_19-processed-gene-1.104-mRNA-1_1&gene=snap_masked-NODE_10_length_278180_cov_22.5073_ID_19-processed-gene-1.104&CDS=1-537
OG0003090	YMR264W	snap_masked-NODE_10_length_278180_cov_22.5073_ID_19-processed-gene-1.105-mRNA-1_1&gene=snap_masked-NODE_10_length_278180_cov_22.5073_ID_19-processed-gene-1.105&CDS=1-561
OG0003091	YMR265C	snap_masked-NODE_10_length_278180_cov_22.5073_ID_19-processed-gene-1.158-mRNA-1_1&gene=snap_masked-NODE_10_length_278180_cov_22.5073_ID_19-processed-gene-1.158&CDS=1-1365
OG0003092	YMR267W	snap_masked-NODE_10_length_278180_cov_22.5073_ID_19-processed-gene-1.106-mRNA-1_1&gene=snap_masked-NODE_10_length_278180_cov_22.5073_ID_19-processed-gene-1.106&CDS=1-864
OG0003093	YMR268C	snap_masked-NODE_7_length_294517_cov_21.9556_ID_13-processed-gene-0.94-mRNA-1_1&gene=snap_masked-NODE_7_length_294517_cov_21.9556_ID_13-processed-gene-0.94&CDS=1-1326
OG0003094	YMR269W	augustus_masked-NODE_7_length_294517_cov_21.9556_ID_13-processed-gene-0.74-mRNA-1_1&gene=augustus_masked-NODE_7_length_294517_cov_21.9556_ID_13-processed-gene-0.74&CDS=1-618
OG0003095	YMR270C	snap_masked-NODE_7_length_294517_cov_21.9556_ID_13-processed-gene-0.93-mRNA-1_1&gene=snap_masked-NODE_7_length_294517_cov_21.9556_ID_13-processed-gene-0.93&CDS=1-1227
OG0003096	YMR272C	augustus_masked-NODE_7_length_294517_cov_21.9556_ID_13-processed-gene-0.55-mRNA-1_1&gene=augustus_masked-NODE_7_length_294517_cov_21.9556_ID_13-processed-gene-0.55&CDS=1-1128
OG0003097	YMR276W	snap_masked-NODE_7_length_294517_cov_21.9556_ID_13-processed-gene-0.109-mRNA-1_1&gene=snap_masked-NODE_7_length_294517_cov_21.9556_ID_13-processed-gene-0.109&CDS=1-1089
OG0003098	YMR277W	snap_masked-NODE_7_length_294517_cov_21.9556_ID_13-processed-gene-0.108-mRNA-1_1&gene=snap_masked-NODE_7_length_294517_cov_21.9556_ID_13-processed-gene-0.108&CDS=1-2139
OG0003099	YMR278W	snap_masked-NODE_7_length_294517_cov_21.9556_ID_13-processed-gene-0.107-mRNA-1_1&gene=snap_masked-NODE_7_length_294517_cov_21.9556_ID_13-processed-gene-0.107&CDS=1-1866
OG0003100	YMR280C	augustus_masked-NODE_7_length_294517_cov_21.9556_ID_13-processed-gene-0.51-mRNA-1_1&gene=augustus_masked-NODE_7_length_294517_cov_21.9556_ID_13-processed-gene-0.51&CDS=1-3156
OG0003101	YMR281W	augustus_masked-NODE_7_length_294517_cov_21.9556_ID_13-processed-gene-0.70-mRNA-1_1&gene=augustus_masked-NODE_7_length_294517_cov_21.9556_ID_13-processed-gene-0.70&CDS=1-858
OG0003102	YMR282C	snap_masked-NODE_7_length_294517_cov_21.9556_ID_13-processed-gene-0.87-mRNA-1_1&gene=snap_masked-NODE_7_length_294517_cov_21.9556_ID_13-processed-gene-0.87&CDS=1-1209
OG0003103	YMR283C	snap_masked-NODE_7_length_294517_cov_21.9556_ID_13-processed-gene-0.86-mRNA-1_1&gene=snap_masked-NODE_7_length_294517_cov_21.9556_ID_13-processed-gene-0.86&CDS=1-1458
OG0003104	YMR284W	snap_masked-NODE_32_length_114782_cov_21.7396_ID_63-processed-gene-0.84-mRNA-1_1&gene=snap_masked-NODE_32_length_114782_cov_21.7396_ID_63-processed-gene-0.84&CDS=1-1755
OG0003105	YMR285C	augustus_masked-NODE_32_length_114782_cov_21.7396_ID_63-processed-gene-0.112-mRNA-1_1&gene=augustus_masked-NODE_32_length_114782_cov_21.7396_ID_63-processed-gene-0.112&CDS=1-3594
OG0003106	YMR286W	snap_masked-NODE_11_length_248256_cov_21.6689_ID_21-processed-gene-1.134-mRNA-1_1&gene=snap_masked-NODE_11_length_248256_cov_21.6689_ID_21-processed-gene-1.134&CDS=1-252
OG0003107	YMR287C	augustus_masked-NODE_7_length_294517_cov_21.9556_ID_13-processed-gene-0.65-mRNA-1_1&gene=augustus_masked-NODE_7_length_294517_cov_21.9556_ID_13-processed-gene-0.65&CDS=1-2613
OG0003108	YMR288W	snap_masked-NODE_35_length_106366_cov_23.7165_ID_69-processed-gene-0.15-mRNA-1_1&gene=snap_masked-NODE_35_length_106366_cov_23.7165_ID_69-processed-gene-0.15&CDS=1-2925
OG0003109	YMR289W	snap_masked-NODE_35_length_106366_cov_23.7165_ID_69-processed-gene-0.16-mRNA-1_1&gene=snap_masked-NODE_35_length_106366_cov_23.7165_ID_69-processed-gene-0.16&CDS=1-555
OG0003110	YMR290C	augustus_masked-NODE_35_length_106366_cov_23.7165_ID_69-processed-gene-0.89-mRNA-1_1&gene=augustus_masked-NODE_35_length_106366_cov_23.7165_ID_69-processed-gene-0.89&CDS=1-1452
OG0003111	YMR291W	snap_masked-NODE_35_length_106366_cov_23.7165_ID_69-processed-gene-0.17-mRNA-1_1&gene=snap_masked-NODE_35_length_106366_cov_23.7165_ID_69-processed-gene-0.17&CDS=1-1608
OG0003112	YMR292W	augustus_masked-NODE_46_length_84487_cov_23.4918_ID_91-processed-gene-0.4-mRNA-1_1&gene=augustus_masked-NODE_46_length_84487_cov_23.4918_ID_91-processed-gene-0.4&CDS=1-414
OG0003113	YMR293C	snap_masked-NODE_46_length_84487_cov_23.4918_ID_91-processed-gene-0.55-mRNA-1_1&gene=snap_masked-NODE_46_length_84487_cov_23.4918_ID_91-processed-gene-0.55&CDS=1-1395
OG0003114	YMR294W	snap_masked-NODE_46_length_84487_cov_23.4918_ID_91-processed-gene-0.41-mRNA-1_1&gene=snap_masked-NODE_46_length_84487_cov_23.4918_ID_91-processed-gene-0.41&CDS=1-984
OG0003115	YMR295C	augustus_masked-NODE_46_length_84487_cov_23.4918_ID_91-processed-gene-0.19-mRNA-1_1&gene=augustus_masked-NODE_46_length_84487_cov_23.4918_ID_91-processed-gene-0.19&CDS=1-564
OG0003116	YMR296C	snap_masked-NODE_8_length_292075_cov_22.5245_ID_15-processed-gene-1.180-mRNA-1_1&gene=snap_masked-NODE_8_length_292075_cov_22.5245_ID_15-processed-gene-1.180&CDS=1-1686
OG0003117	YMR297W	snap_masked-NODE_46_length_84487_cov_23.4918_ID_91-processed-gene-0.42-mRNA-1_1&gene=snap_masked-NODE_46_length_84487_cov_23.4918_ID_91-processed-gene-0.42&CDS=1-1542
OG0003118	YMR298W	snap_masked-NODE_46_length_84487_cov_23.4918_ID_91-processed-gene-0.43-mRNA-1_1&gene=snap_masked-NODE_46_length_84487_cov_23.4918_ID_91-processed-gene-0.43&CDS=1-471
OG0003119	YMR299C	snap_masked-NODE_46_length_84487_cov_23.4918_ID_91-processed-gene-0.58-mRNA-1_1&gene=snap_masked-NODE_46_length_84487_cov_23.4918_ID_91-processed-gene-0.58&CDS=1-891
OG0003120	YMR300C	snap_masked-NODE_46_length_84487_cov_23.4918_ID_91-processed-gene-0.59-mRNA-1_1&gene=snap_masked-NODE_46_length_84487_cov_23.4918_ID_91-processed-gene-0.59&CDS=1-1533
OG0003121	YMR301C	snap_masked-NODE_46_length_84487_cov_23.4918_ID_91-processed-gene-0.60-mRNA-1_1&gene=snap_masked-NODE_46_length_84487_cov_23.4918_ID_91-processed-gene-0.60&CDS=1-2127
OG0003122	YMR302C	snap_masked-NODE_46_length_84487_cov_23.4918_ID_91-processed-gene-0.61-mRNA-1_1&gene=snap_masked-NODE_46_length_84487_cov_23.4918_ID_91-processed-gene-0.61&CDS=1-2484
OG0003123	YMR304W	augustus_masked-NODE_46_length_84487_cov_23.4918_ID_91-processed-gene-0.8-mRNA-1_1&gene=augustus_masked-NODE_46_length_84487_cov_23.4918_ID_91-processed-gene-0.8&CDS=1-3573
OG0003124	YMR307W	snap_masked-NODE_8_length_292075_cov_22.5245_ID_15-processed-gene-1.136-mRNA-1_1&gene=snap_masked-NODE_8_length_292075_cov_22.5245_ID_15-processed-gene-1.136&CDS=1-1680
OG0003125	YMR308C	snap_masked-NODE_46_length_84487_cov_23.4918_ID_91-processed-gene-0.64-mRNA-1_1&gene=snap_masked-NODE_46_length_84487_cov_23.4918_ID_91-processed-gene-0.64&CDS=1-3276
OG0003126	YMR309C	snap_masked-NODE_46_length_84487_cov_23.4918_ID_91-processed-gene-0.65-mRNA-1_1&gene=snap_masked-NODE_46_length_84487_cov_23.4918_ID_91-processed-gene-0.65&CDS=1-2430
OG0003127	YMR310C	snap_masked-NODE_46_length_84487_cov_23.4918_ID_91-processed-gene-0.66-mRNA-1_1&gene=snap_masked-NODE_46_length_84487_cov_23.4918_ID_91-processed-gene-0.66&CDS=1-984
OG0003128	YMR311C	snap_masked-NODE_46_length_84487_cov_23.4918_ID_91-processed-gene-0.67-mRNA-1_1&gene=snap_masked-NODE_46_length_84487_cov_23.4918_ID_91-processed-gene-0.67&CDS=1-537
OG0003129	YMR312W	snap_masked-NODE_46_length_84487_cov_23.4918_ID_91-processed-gene-0.47-mRNA-1_1&gene=snap_masked-NODE_46_length_84487_cov_23.4918_ID_91-processed-gene-0.47&CDS=1-804
OG0003130	YMR313C	snap_masked-NODE_46_length_84487_cov_23.4918_ID_91-processed-gene-0.69-mRNA-1_1&gene=snap_masked-NODE_46_length_84487_cov_23.4918_ID_91-processed-gene-0.69&CDS=1-1746
OG0003131	YMR314W	snap_masked-NODE_46_length_84487_cov_23.4918_ID_91-processed-gene-0.48-mRNA-1_1&gene=snap_masked-NODE_46_length_84487_cov_23.4918_ID_91-processed-gene-0.48&CDS=1-699
OG0003132	YMR315W	snap_masked-NODE_11_length_248256_cov_21.6689_ID_21-processed-gene-1.144-mRNA-1_1&gene=snap_masked-NODE_11_length_248256_cov_21.6689_ID_21-processed-gene-1.144&CDS=1-1050
OG0003133	YMR319C	snap_masked-NODE_39_length_94383_cov_19.9911_ID_77-processed-gene-0.42-mRNA-1_1&gene=snap_masked-NODE_39_length_94383_cov_19.9911_ID_77-processed-gene-0.42&CDS=1-1635
OG0003134	YNL001W	snap_masked-NODE_16_length_197293_cov_20.9529_ID_31-processed-gene-0.128-mRNA-1_1&gene=snap_masked-NODE_16_length_197293_cov_20.9529_ID_31-processed-gene-0.128&CDS=1-1167
OG0003135	YNL002C	snap_masked-NODE_2_length_515064_cov_21.8181_ID_3-processed-gene-2.135-mRNA-1_1&gene=snap_masked-NODE_2_length_515064_cov_21.8181_ID_3-processed-gene-2.135&CDS=1-960
OG0003136	YNL003C	snap_masked-NODE_16_length_197293_cov_20.9529_ID_31-processed-gene-0.126-mRNA-1_1&gene=snap_masked-NODE_16_length_197293_cov_20.9529_ID_31-processed-gene-0.126&CDS=1-834
OG0003137	YNL005C	snap_masked-NODE_16_length_197293_cov_20.9529_ID_31-processed-gene-0.177-mRNA-1_1&gene=snap_masked-NODE_16_length_197293_cov_20.9529_ID_31-processed-gene-0.177&CDS=1-1035
OG0003138	YNL006W	snap_masked-NODE_16_length_197293_cov_20.9529_ID_31-processed-gene-0.125-mRNA-1_1&gene=snap_masked-NODE_16_length_197293_cov_20.9529_ID_31-processed-gene-0.125&CDS=1-909
OG0003139	YNL007C	snap_masked-NODE_16_length_197293_cov_20.9529_ID_31-processed-gene-0.175-mRNA-1_1&gene=snap_masked-NODE_16_length_197293_cov_20.9529_ID_31-processed-gene-0.175&CDS=1-1044
OG0003140	YNL008C	augustus_masked-NODE_12_length_246126_cov_21.8889_ID_23-processed-gene-1.97-mRNA-1_1&gene=augustus_masked-NODE_12_length_246126_cov_21.8889_ID_23-processed-gene-1.97&CDS=1-1305
OG0003141	YNL010W	snap_masked-NODE_16_length_197293_cov_20.9529_ID_31-processed-gene-0.123-mRNA-1_1&gene=snap_masked-NODE_16_length_197293_cov_20.9529_ID_31-processed-gene-0.123&CDS=1-723
OG0003142	YNL011C	snap_masked-NODE_16_length_197293_cov_20.9529_ID_31-processed-gene-0.174-mRNA-1_1&gene=snap_masked-NODE_16_length_197293_cov_20.9529_ID_31-processed-gene-0.174&CDS=1-1416
OG0003143	YNL012W	snap_masked-NODE_16_length_197293_cov_20.9529_ID_31-processed-gene-0.122-mRNA-1_1&gene=snap_masked-NODE_16_length_197293_cov_20.9529_ID_31-processed-gene-0.122&CDS=1-1746
OG0003144	YNL015W	snap_masked-NODE_16_length_197293_cov_20.9529_ID_31-processed-gene-0.186-mRNA-1_1&gene=snap_masked-NODE_16_length_197293_cov_20.9529_ID_31-processed-gene-0.186&CDS=1-195
OG0003145	YNL016W	augustus_masked-NODE_12_length_246126_cov_21.8889_ID_23-processed-gene-1.153-mRNA-1_1&gene=augustus_masked-NODE_12_length_246126_cov_21.8889_ID_23-processed-gene-1.153&CDS=1-1284
OG0003146	YNL021W	snap_masked-NODE_36_length_103538_cov_22.3022_ID_71-processed-gene-0.95-mRNA-1_1&gene=snap_masked-NODE_36_length_103538_cov_22.3022_ID_71-processed-gene-0.95&CDS=1-2082
OG0003147	YNL023C	augustus_masked-NODE_36_length_103538_cov_22.3022_ID_71-processed-gene-0.166-mRNA-1_1&gene=augustus_masked-NODE_36_length_103538_cov_22.3022_ID_71-processed-gene-0.166&CDS=1-4464
OG0003148	YNL024C	snap_masked-NODE_36_length_103538_cov_22.3022_ID_71-processed-gene-0.114-mRNA-1_1&gene=snap_masked-NODE_36_length_103538_cov_22.3022_ID_71-processed-gene-0.114&CDS=1-741
OG0003149	YNL024C-A	snap_masked-NODE_16_length_197293_cov_20.9529_ID_31-processed-gene-0.191-mRNA-1_1&gene=snap_masked-NODE_16_length_197293_cov_20.9529_ID_31-processed-gene-0.191&CDS=1-216
OG0003150	YNL025C	snap_masked-NODE_16_length_197293_cov_20.9529_ID_31-processed-gene-0.190-mRNA-1_1&gene=snap_masked-NODE_16_length_197293_cov_20.9529_ID_31-processed-gene-0.190&CDS=1-1011
OG0003151	YNL026W	augustus_masked-NODE_16_length_197293_cov_20.9529_ID_31-processed-gene-0.39-mRNA-1_1&gene=augustus_masked-NODE_16_length_197293_cov_20.9529_ID_31-processed-gene-0.39&CDS=1-1392
OG0003152	YNL027W	snap_masked-NODE_16_length_197293_cov_20.9529_ID_31-processed-gene-0.140-mRNA-1_1&gene=snap_masked-NODE_16_length_197293_cov_20.9529_ID_31-processed-gene-0.140&CDS=1-1572
OG0003153	YNL032W	snap_masked-NODE_16_length_197293_cov_20.9529_ID_31-processed-gene-0.137-mRNA-1_1&gene=snap_masked-NODE_16_length_197293_cov_20.9529_ID_31-processed-gene-0.137&CDS=1-807
OG0003154	YNL035C	snap_masked-NODE_36_length_103538_cov_22.3022_ID_71-processed-gene-0.96-mRNA-1_1&gene=snap_masked-NODE_36_length_103538_cov_22.3022_ID_71-processed-gene-0.96&CDS=1-1176
OG0003155	YNL036W	snap_masked-NODE_36_length_103538_cov_22.3022_ID_71-processed-gene-0.99-mRNA-1_1&gene=snap_masked-NODE_36_length_103538_cov_22.3022_ID_71-processed-gene-0.99&CDS=1-639
OG0003156	YNL037C	augustus_masked-NODE_103_length_9510_cov_19.555_ID_205-processed-gene-0.5-mRNA-1_1&gene=augustus_masked-NODE_103_length_9510_cov_19.555_ID_205-processed-gene-0.5&CDS=1-1080
OG0003157	YNL038W	snap_masked-NODE_36_length_103538_cov_22.3022_ID_71-processed-gene-0.98-mRNA-1_1&gene=snap_masked-NODE_36_length_103538_cov_22.3022_ID_71-processed-gene-0.98&CDS=1-597
OG0003158	YNL040W	augustus_masked-NODE_36_length_103538_cov_22.3022_ID_71-processed-gene-0.147-mRNA-1_1&gene=augustus_masked-NODE_36_length_103538_cov_22.3022_ID_71-processed-gene-0.147&CDS=1-3201
OG0003159	YNL041C	snap_masked-NODE_75_length_28403_cov_20.7601_ID_149-processed-gene-0.43-mRNA-1_1&gene=snap_masked-NODE_75_length_28403_cov_20.7601_ID_149-processed-gene-0.43&CDS=1-2442
OG0003160	YNL042W	snap_masked-NODE_75_length_28403_cov_20.7601_ID_149-processed-gene-0.34-mRNA-1_1&gene=snap_masked-NODE_75_length_28403_cov_20.7601_ID_149-processed-gene-0.34&CDS=1-1020
OG0003161	YNL045W	maker-NODE_75_length_28403_cov_20.7601_ID_149-snap-gene-0.45-mRNA-1_1&gene=maker-NODE_75_length_28403_cov_20.7601_ID_149-snap-gene-0.45&CDS=1-2436
OG0003162	YNL048W	snap_masked-NODE_75_length_28403_cov_20.7601_ID_149-processed-gene-0.32-mRNA-1_1&gene=snap_masked-NODE_75_length_28403_cov_20.7601_ID_149-processed-gene-0.32&CDS=1-1515
OG0003163	YNL050C	snap_masked-NODE_75_length_28403_cov_20.7601_ID_149-processed-gene-0.39-mRNA-1_1&gene=snap_masked-NODE_75_length_28403_cov_20.7601_ID_149-processed-gene-0.39&CDS=1-621
OG0003164	YNL051W	snap_masked-NODE_75_length_28403_cov_20.7601_ID_149-processed-gene-0.31-mRNA-1_1&gene=snap_masked-NODE_75_length_28403_cov_20.7601_ID_149-processed-gene-0.31&CDS=1-1173
OG0003165	YNL053W	snap_masked-NODE_9_length_289189_cov_21.4249_ID_17-processed-gene-1.32-mRNA-1_1&gene=snap_masked-NODE_9_length_289189_cov_21.4249_ID_17-processed-gene-1.32&CDS=1-1344
OG0003166	YNL054W	snap_masked-NODE_9_length_289189_cov_21.4249_ID_17-processed-gene-1.31-mRNA-1_1&gene=snap_masked-NODE_9_length_289189_cov_21.4249_ID_17-processed-gene-1.31&CDS=1-3012
OG0003167	YNL056W	augustus_masked-NODE_9_length_289189_cov_21.4249_ID_17-processed-gene-1.129-mRNA-1_1&gene=augustus_masked-NODE_9_length_289189_cov_21.4249_ID_17-processed-gene-1.129&CDS=1-546
OG0003168	YNL058C	snap_masked-NODE_9_length_289189_cov_21.4249_ID_17-processed-gene-1.72-mRNA-1_1&gene=snap_masked-NODE_9_length_289189_cov_21.4249_ID_17-processed-gene-1.72&CDS=1-1011
OG0003169	YNL059C	snap_masked-NODE_9_length_289189_cov_21.4249_ID_17-processed-gene-1.71-mRNA-1_1&gene=snap_masked-NODE_9_length_289189_cov_21.4249_ID_17-processed-gene-1.71&CDS=1-2253
OG0003170	YNL061W	snap_masked-NODE_9_length_289189_cov_21.4249_ID_17-processed-gene-1.30-mRNA-1_1&gene=snap_masked-NODE_9_length_289189_cov_21.4249_ID_17-processed-gene-1.30&CDS=1-1878
OG0003171	YNL062C	snap_masked-NODE_9_length_289189_cov_21.4249_ID_17-processed-gene-1.70-mRNA-1_1&gene=snap_masked-NODE_9_length_289189_cov_21.4249_ID_17-processed-gene-1.70&CDS=1-1401
OG0003172	YNL063W	genemark-NODE_9_length_289189_cov_21.4249_ID_17-processed-gene-1.218-mRNA-1_1&gene=genemark-NODE_9_length_289189_cov_21.4249_ID_17-processed-gene-1.218&CDS=1-942
OG0003173	YNL065W	snap_masked-NODE_9_length_289189_cov_21.4249_ID_17-processed-gene-1.28-mRNA-1_1&gene=snap_masked-NODE_9_length_289189_cov_21.4249_ID_17-processed-gene-1.28&CDS=1-1689
OG0003174	YNL068C	snap_masked-NODE_9_length_289189_cov_21.4249_ID_17-processed-gene-1.44-mRNA-1_1&gene=snap_masked-NODE_9_length_289189_cov_21.4249_ID_17-processed-gene-1.44&CDS=1-2346
OG0003175	YNL071W	augustus_masked-NODE_9_length_289189_cov_21.4249_ID_17-processed-gene-1.188-mRNA-1_1&gene=augustus_masked-NODE_9_length_289189_cov_21.4249_ID_17-processed-gene-1.188&CDS=1-3942
OG0003176	YNL075W	snap_masked-NODE_9_length_289189_cov_21.4249_ID_17-processed-gene-1.98-mRNA-1_1&gene=snap_masked-NODE_9_length_289189_cov_21.4249_ID_17-processed-gene-1.98&CDS=1-1173
OG0003177	YNL076W	snap_masked-NODE_9_length_289189_cov_21.4249_ID_17-processed-gene-1.99-mRNA-1_1&gene=snap_masked-NODE_9_length_289189_cov_21.4249_ID_17-processed-gene-1.99&CDS=1-1671
OG0003178	YNL080C	augustus_masked-NODE_9_length_289189_cov_21.4249_ID_17-processed-gene-1.143-mRNA-1_1&gene=augustus_masked-NODE_9_length_289189_cov_21.4249_ID_17-processed-gene-1.143&CDS=1-654
OG0003179	YNL081C	snap_masked-NODE_9_length_289189_cov_21.4249_ID_17-processed-gene-1.47-mRNA-1_1&gene=snap_masked-NODE_9_length_289189_cov_21.4249_ID_17-processed-gene-1.47&CDS=1-363
OG0003180	YNL082W	snap_masked-NODE_9_length_289189_cov_21.4249_ID_17-processed-gene-1.101-mRNA-1_1&gene=snap_masked-NODE_9_length_289189_cov_21.4249_ID_17-processed-gene-1.101&CDS=1-2586
OG0003181	YNL083W	genemark-NODE_9_length_289189_cov_21.4249_ID_17-processed-gene-1.288-mRNA-1_1&gene=genemark-NODE_9_length_289189_cov_21.4249_ID_17-processed-gene-1.288&CDS=1-1551
OG0003182	YNL084C	snap_masked-NODE_9_length_289189_cov_21.4249_ID_17-processed-gene-1.48-mRNA-1_1&gene=snap_masked-NODE_9_length_289189_cov_21.4249_ID_17-processed-gene-1.48&CDS=1-1050
OG0003183	YNL086W	augustus_masked-NODE_9_length_289189_cov_21.4249_ID_17-processed-gene-1.192-mRNA-1_1&gene=augustus_masked-NODE_9_length_289189_cov_21.4249_ID_17-processed-gene-1.192&CDS=1-327
OG0003184	YNL088W	snap_masked-NODE_9_length_289189_cov_21.4249_ID_17-processed-gene-1.86-mRNA-1_1&gene=snap_masked-NODE_9_length_289189_cov_21.4249_ID_17-processed-gene-1.86&CDS=1-4242
OG0003185	YNL090W	snap_masked-NODE_9_length_289189_cov_21.4249_ID_17-processed-gene-1.87-mRNA-1_1&gene=snap_masked-NODE_9_length_289189_cov_21.4249_ID_17-processed-gene-1.87&CDS=1-564
OG0003186	YNL091W	snap_masked-NODE_9_length_289189_cov_21.4249_ID_17-processed-gene-1.88-mRNA-1_1&gene=snap_masked-NODE_9_length_289189_cov_21.4249_ID_17-processed-gene-1.88&CDS=1-3843
OG0003187	YNL094W	snap_masked-NODE_9_length_289189_cov_21.4249_ID_17-processed-gene-1.89-mRNA-1_1&gene=snap_masked-NODE_9_length_289189_cov_21.4249_ID_17-processed-gene-1.89&CDS=1-1962
OG0003188	YNL097C	snap_masked-NODE_9_length_289189_cov_21.4249_ID_17-processed-gene-1.68-mRNA-1_1&gene=snap_masked-NODE_9_length_289189_cov_21.4249_ID_17-processed-gene-1.68&CDS=1-849
OG0003189	YNL098C	augustus_masked-NODE_42_length_89786_cov_21.7221_ID_83-processed-gene-0.36-mRNA-1_1&gene=augustus_masked-NODE_42_length_89786_cov_21.7221_ID_83-processed-gene-0.36&CDS=1-891
OG0003190	YNL099C	augustus_masked-NODE_9_length_289189_cov_21.4249_ID_17-processed-gene-1.163-mRNA-1_1&gene=augustus_masked-NODE_9_length_289189_cov_21.4249_ID_17-processed-gene-1.163&CDS=1-693
OG0003191	YNL100W	snap_masked-NODE_9_length_289189_cov_21.4249_ID_17-processed-gene-1.27-mRNA-1_1&gene=snap_masked-NODE_9_length_289189_cov_21.4249_ID_17-processed-gene-1.27&CDS=1-696
OG0003192	YNL101W	snap_masked-NODE_9_length_289189_cov_21.4249_ID_17-processed-gene-1.26-mRNA-1_1&gene=snap_masked-NODE_9_length_289189_cov_21.4249_ID_17-processed-gene-1.26&CDS=1-2217
OG0003193	YNL102W	snap_masked-NODE_9_length_289189_cov_21.4249_ID_17-processed-gene-1.25-mRNA-1_1&gene=snap_masked-NODE_9_length_289189_cov_21.4249_ID_17-processed-gene-1.25&CDS=1-4389
OG0003194	YNL103W	snap_masked-NODE_9_length_289189_cov_21.4249_ID_17-processed-gene-1.24-mRNA-1_1&gene=snap_masked-NODE_9_length_289189_cov_21.4249_ID_17-processed-gene-1.24&CDS=1-1551
OG0003195	YNL107W	snap_masked-NODE_42_length_89786_cov_21.7221_ID_83-processed-gene-0.55-mRNA-1_1&gene=snap_masked-NODE_42_length_89786_cov_21.7221_ID_83-processed-gene-0.55&CDS=1-642
OG0003196	YNL108C	snap_masked-NODE_9_length_289189_cov_21.4249_ID_17-processed-gene-1.65-mRNA-1_1&gene=snap_masked-NODE_9_length_289189_cov_21.4249_ID_17-processed-gene-1.65&CDS=1-807
OG0003197	YNL110C	maker-NODE_9_length_289189_cov_21.4249_ID_17-augustus-gene-1.2-mRNA-1_1&gene=maker-NODE_9_length_289189_cov_21.4249_ID_17-augustus-gene-1.2&CDS=1-948
OG0003198	YNL112W	maker-NODE_9_length_289189_cov_21.4249_ID_17-snap-gene-1.6-mRNA-1_1&gene=maker-NODE_9_length_289189_cov_21.4249_ID_17-snap-gene-1.6&CDS=1-1629
OG0003199	YNL113W	snap_masked-NODE_9_length_289189_cov_21.4249_ID_17-processed-gene-1.22-mRNA-1_1&gene=snap_masked-NODE_9_length_289189_cov_21.4249_ID_17-processed-gene-1.22&CDS=1-438
OG0003200	YNL115C	snap_masked-NODE_9_length_289189_cov_21.4249_ID_17-processed-gene-1.61-mRNA-1_1&gene=snap_masked-NODE_9_length_289189_cov_21.4249_ID_17-processed-gene-1.61&CDS=1-1773
OG0003201	YNL118C	snap_masked-NODE_9_length_289189_cov_21.4249_ID_17-processed-gene-1.59-mRNA-1_1&gene=snap_masked-NODE_9_length_289189_cov_21.4249_ID_17-processed-gene-1.59&CDS=1-2682
OG0003202	YNL119W	snap_masked-NODE_9_length_289189_cov_21.4249_ID_17-processed-gene-1.17-mRNA-1_1&gene=snap_masked-NODE_9_length_289189_cov_21.4249_ID_17-processed-gene-1.17&CDS=1-1386
OG0003203	YNL121C	augustus_masked-NODE_42_length_89786_cov_21.7221_ID_83-processed-gene-0.27-mRNA-1_1&gene=augustus_masked-NODE_42_length_89786_cov_21.7221_ID_83-processed-gene-0.27&CDS=1-1845
OG0003204	YNL122C	snap_masked-NODE_9_length_289189_cov_21.4249_ID_17-processed-gene-1.58-mRNA-1_1&gene=snap_masked-NODE_9_length_289189_cov_21.4249_ID_17-processed-gene-1.58&CDS=1-276
OG0003205	YNL123W	snap_masked-NODE_9_length_289189_cov_21.4249_ID_17-processed-gene-1.16-mRNA-1_1&gene=snap_masked-NODE_9_length_289189_cov_21.4249_ID_17-processed-gene-1.16&CDS=1-2964
OG0003206	YNL124W	snap_masked-NODE_9_length_289189_cov_21.4249_ID_17-processed-gene-1.15-mRNA-1_1&gene=snap_masked-NODE_9_length_289189_cov_21.4249_ID_17-processed-gene-1.15&CDS=1-1359
OG0003207	YNL125C	maker-NODE_9_length_289189_cov_21.4249_ID_17-snap-gene-1.8-mRNA-1_1&gene=maker-NODE_9_length_289189_cov_21.4249_ID_17-snap-gene-1.8&CDS=1-4899
OG0003208	YNL127W	snap_masked-NODE_9_length_289189_cov_21.4249_ID_17-processed-gene-1.11-mRNA-1_1&gene=snap_masked-NODE_9_length_289189_cov_21.4249_ID_17-processed-gene-1.11&CDS=1-5220
OG0003209	YNL128W	snap_masked-NODE_9_length_289189_cov_21.4249_ID_17-processed-gene-0.59-mRNA-1_1&gene=snap_masked-NODE_9_length_289189_cov_21.4249_ID_17-processed-gene-0.59&CDS=1-1260
OG0003210	YNL129W	snap_masked-NODE_9_length_289189_cov_21.4249_ID_17-processed-gene-0.58-mRNA-1_1&gene=snap_masked-NODE_9_length_289189_cov_21.4249_ID_17-processed-gene-0.58&CDS=1-717
OG0003211	YNL130C	snap_masked-NODE_9_length_289189_cov_21.4249_ID_17-processed-gene-0.82-mRNA-1_1&gene=snap_masked-NODE_9_length_289189_cov_21.4249_ID_17-processed-gene-0.82&CDS=1-1161
OG0003212	YNL131W	snap_masked-NODE_9_length_289189_cov_21.4249_ID_17-processed-gene-0.57-mRNA-1_1&gene=snap_masked-NODE_9_length_289189_cov_21.4249_ID_17-processed-gene-0.57&CDS=1-438
OG0003213	YNL132W	snap_masked-NODE_9_length_289189_cov_21.4249_ID_17-processed-gene-0.56-mRNA-1_1&gene=snap_masked-NODE_9_length_289189_cov_21.4249_ID_17-processed-gene-0.56&CDS=1-3177
OG0003214	YNL133C	snap_masked-NODE_69_length_35753_cov_21.4616_ID_137-processed-gene-0.1-mRNA-1_1&gene=snap_masked-NODE_69_length_35753_cov_21.4616_ID_137-processed-gene-0.1&CDS=1-546
OG0003215	YNL135C	snap_masked-NODE_9_length_289189_cov_21.4249_ID_17-processed-gene-0.78-mRNA-1_1&gene=snap_masked-NODE_9_length_289189_cov_21.4249_ID_17-processed-gene-0.78&CDS=1-342
OG0003216	YNL136W	augustus_masked-NODE_9_length_289189_cov_21.4249_ID_17-processed-gene-0.16-mRNA-1_1&gene=augustus_masked-NODE_9_length_289189_cov_21.4249_ID_17-processed-gene-0.16&CDS=1-906
OG0003217	YNL137C	augustus_masked-NODE_9_length_289189_cov_21.4249_ID_17-processed-gene-0.36-mRNA-1_1&gene=augustus_masked-NODE_9_length_289189_cov_21.4249_ID_17-processed-gene-0.36&CDS=1-1455
OG0003218	YNL138W	maker-NODE_9_length_289189_cov_21.4249_ID_17-augustus-gene-0.1-mRNA-1_1&gene=maker-NODE_9_length_289189_cov_21.4249_ID_17-augustus-gene-0.1&CDS=1-1881
OG0003219	YNL139C	snap_masked-NODE_9_length_289189_cov_21.4249_ID_17-processed-gene-0.76-mRNA-1_1&gene=snap_masked-NODE_9_length_289189_cov_21.4249_ID_17-processed-gene-0.76&CDS=1-4707
OG0003220	YNL141W	snap_masked-NODE_7_length_294517_cov_21.9556_ID_13-processed-gene-1.266-mRNA-1_1&gene=snap_masked-NODE_7_length_294517_cov_21.9556_ID_13-processed-gene-1.266&CDS=1-1041
OG0003221	YNL142W	snap_masked-NODE_7_length_294517_cov_21.9556_ID_13-processed-gene-1.218-mRNA-1_1&gene=snap_masked-NODE_7_length_294517_cov_21.9556_ID_13-processed-gene-1.218&CDS=1-1536
OG0003222	YNL144C	snap_masked-NODE_69_length_35753_cov_21.4616_ID_137-processed-gene-0.16-mRNA-1_1&gene=snap_masked-NODE_69_length_35753_cov_21.4616_ID_137-processed-gene-0.16&CDS=1-2103
OG0003223	YNL147W	snap_masked-NODE_69_length_35753_cov_21.4616_ID_137-processed-gene-0.3-mRNA-1_1&gene=snap_masked-NODE_69_length_35753_cov_21.4616_ID_137-processed-gene-0.3&CDS=1-378
OG0003224	YNL148C	snap_masked-NODE_69_length_35753_cov_21.4616_ID_137-processed-gene-0.14-mRNA-1_1&gene=snap_masked-NODE_69_length_35753_cov_21.4616_ID_137-processed-gene-0.14&CDS=1-735
OG0003225	YNL151C	snap_masked-NODE_9_length_289189_cov_21.4249_ID_17-processed-gene-0.50-mRNA-1_1&gene=snap_masked-NODE_9_length_289189_cov_21.4249_ID_17-processed-gene-0.50&CDS=1-648
OG0003226	YNL152W	augustus_masked-NODE_9_length_289189_cov_21.4249_ID_17-processed-gene-0.34-mRNA-1_1&gene=augustus_masked-NODE_9_length_289189_cov_21.4249_ID_17-processed-gene-0.34&CDS=1-972
OG0003227	YNL153C	snap_masked-NODE_7_length_294517_cov_21.9556_ID_13-processed-gene-1.265-mRNA-1_1&gene=snap_masked-NODE_7_length_294517_cov_21.9556_ID_13-processed-gene-1.265&CDS=1-387
OG0003228	YNL155W	snap_masked-NODE_7_length_294517_cov_21.9556_ID_13-processed-gene-1.267-mRNA-1_1&gene=snap_masked-NODE_7_length_294517_cov_21.9556_ID_13-processed-gene-1.267&CDS=1-786
OG0003229	YNL158W	augustus_masked-NODE_7_length_294517_cov_21.9556_ID_13-processed-gene-1.164-mRNA-1_1&gene=augustus_masked-NODE_7_length_294517_cov_21.9556_ID_13-processed-gene-1.164&CDS=1-510
OG0003230	YNL161W	genemark-NODE_7_length_294517_cov_21.9556_ID_13-processed-gene-1.18-mRNA-1_1&gene=genemark-NODE_7_length_294517_cov_21.9556_ID_13-processed-gene-1.18&CDS=1-2196
OG0003231	YNL163C	snap_masked-NODE_7_length_294517_cov_21.9556_ID_13-processed-gene-1.264-mRNA-1_1&gene=snap_masked-NODE_7_length_294517_cov_21.9556_ID_13-processed-gene-1.264&CDS=1-3327
OG0003232	YNL164C	snap_masked-NODE_7_length_294517_cov_21.9556_ID_13-processed-gene-1.263-mRNA-1_1&gene=snap_masked-NODE_7_length_294517_cov_21.9556_ID_13-processed-gene-1.263&CDS=1-1023
OG0003233	YNL165W	snap_masked-NODE_7_length_294517_cov_21.9556_ID_13-processed-gene-1.214-mRNA-1_1&gene=snap_masked-NODE_7_length_294517_cov_21.9556_ID_13-processed-gene-1.214&CDS=1-1107
OG0003234	YNL166C	augustus_masked-NODE_7_length_294517_cov_21.9556_ID_13-processed-gene-1.158-mRNA-1_1&gene=augustus_masked-NODE_7_length_294517_cov_21.9556_ID_13-processed-gene-1.158&CDS=1-1458
OG0003235	YNL167C	snap_masked-NODE_7_length_294517_cov_21.9556_ID_13-processed-gene-1.261-mRNA-1_1&gene=snap_masked-NODE_7_length_294517_cov_21.9556_ID_13-processed-gene-1.261&CDS=1-1650
OG0003236	YNL168C	augustus_masked-NODE_7_length_294517_cov_21.9556_ID_13-processed-gene-1.156-mRNA-1_1&gene=augustus_masked-NODE_7_length_294517_cov_21.9556_ID_13-processed-gene-1.156&CDS=1-783
OG0003237	YNL169C	snap_masked-NODE_7_length_294517_cov_21.9556_ID_13-processed-gene-1.259-mRNA-1_1&gene=snap_masked-NODE_7_length_294517_cov_21.9556_ID_13-processed-gene-1.259&CDS=1-1548
OG0003238	YNL172W	snap_masked-NODE_7_length_294517_cov_21.9556_ID_13-processed-gene-1.213-mRNA-1_1&gene=snap_masked-NODE_7_length_294517_cov_21.9556_ID_13-processed-gene-1.213&CDS=1-5073
OG0003239	YNL175C	snap_masked-NODE_7_length_294517_cov_21.9556_ID_13-processed-gene-1.257-mRNA-1_1&gene=snap_masked-NODE_7_length_294517_cov_21.9556_ID_13-processed-gene-1.257&CDS=1-1176
OG0003240	YNL176C	augustus_masked-NODE_7_length_294517_cov_21.9556_ID_13-processed-gene-1.152-mRNA-1_1&gene=augustus_masked-NODE_7_length_294517_cov_21.9556_ID_13-processed-gene-1.152&CDS=1-1674
OG0003241	YNL177C	augustus_masked-NODE_7_length_294517_cov_21.9556_ID_13-processed-gene-1.151-mRNA-1_1&gene=augustus_masked-NODE_7_length_294517_cov_21.9556_ID_13-processed-gene-1.151&CDS=1-897
OG0003242	YNL178W	snap_masked-NODE_7_length_294517_cov_21.9556_ID_13-processed-gene-1.212-mRNA-1_1&gene=snap_masked-NODE_7_length_294517_cov_21.9556_ID_13-processed-gene-1.212&CDS=1-735
OG0003243	YNL181W	snap_masked-NODE_7_length_294517_cov_21.9556_ID_13-processed-gene-1.211-mRNA-1_1&gene=snap_masked-NODE_7_length_294517_cov_21.9556_ID_13-processed-gene-1.211&CDS=1-1176
OG0003244	YNL182C	snap_masked-NODE_7_length_294517_cov_21.9556_ID_13-processed-gene-1.253-mRNA-1_1&gene=snap_masked-NODE_7_length_294517_cov_21.9556_ID_13-processed-gene-1.253&CDS=1-1566
OG0003245	YNL183C	augustus_masked-NODE_7_length_294517_cov_21.9556_ID_13-processed-gene-1.148-mRNA-1_1&gene=augustus_masked-NODE_7_length_294517_cov_21.9556_ID_13-processed-gene-1.148&CDS=1-2322
OG0003246	YNL185C	snap_masked-NODE_7_length_294517_cov_21.9556_ID_13-processed-gene-1.251-mRNA-1_1&gene=snap_masked-NODE_7_length_294517_cov_21.9556_ID_13-processed-gene-1.251&CDS=1-441
OG0003247	YNL186W	maker-NODE_7_length_294517_cov_21.9556_ID_13-snap-gene-1.301-mRNA-1_1&gene=maker-NODE_7_length_294517_cov_21.9556_ID_13-snap-gene-1.301&CDS=1-3051
OG0003248	YNL188W	snap_masked-NODE_7_length_294517_cov_21.9556_ID_13-processed-gene-1.209-mRNA-1_1&gene=snap_masked-NODE_7_length_294517_cov_21.9556_ID_13-processed-gene-1.209&CDS=1-774
OG0003249	YNL189W	snap_masked-NODE_7_length_294517_cov_21.9556_ID_13-processed-gene-1.208-mRNA-1_1&gene=snap_masked-NODE_7_length_294517_cov_21.9556_ID_13-processed-gene-1.208&CDS=1-1626
OG0003250	YNL192W	maker-NODE_7_length_294517_cov_21.9556_ID_13-augustus-gene-1.294-mRNA-1_1&gene=maker-NODE_7_length_294517_cov_21.9556_ID_13-augustus-gene-1.294&CDS=1-4761
OG0003251	YNL195C	augustus_masked-NODE_7_length_294517_cov_21.9556_ID_13-processed-gene-1.146-mRNA-1_1&gene=augustus_masked-NODE_7_length_294517_cov_21.9556_ID_13-processed-gene-1.146&CDS=1-795
OG0003252	YNL199C	snap_masked-NODE_7_length_294517_cov_21.9556_ID_13-processed-gene-1.247-mRNA-1_1&gene=snap_masked-NODE_7_length_294517_cov_21.9556_ID_13-processed-gene-1.247&CDS=1-1599
OG0003253	YNL201C	maker-NODE_7_length_294517_cov_21.9556_ID_13-augustus-gene-1.298-mRNA-1_1&gene=maker-NODE_7_length_294517_cov_21.9556_ID_13-augustus-gene-1.298&CDS=1-3138
OG0003254	YNL202W	snap_masked-NODE_7_length_294517_cov_21.9556_ID_13-processed-gene-1.205-mRNA-1_1&gene=snap_masked-NODE_7_length_294517_cov_21.9556_ID_13-processed-gene-1.205&CDS=1-885
OG0003255	YNL206C	snap_masked-NODE_7_length_294517_cov_21.9556_ID_13-processed-gene-1.244-mRNA-1_1&gene=snap_masked-NODE_7_length_294517_cov_21.9556_ID_13-processed-gene-1.244&CDS=1-1347
OG0003256	YNL207W	augustus_masked-NODE_7_length_294517_cov_21.9556_ID_13-processed-gene-1.106-mRNA-1_1&gene=augustus_masked-NODE_7_length_294517_cov_21.9556_ID_13-processed-gene-1.106&CDS=1-1287
OG0003257	YNL211C	snap_masked-NODE_7_length_294517_cov_21.9556_ID_13-processed-gene-1.243-mRNA-1_1&gene=snap_masked-NODE_7_length_294517_cov_21.9556_ID_13-processed-gene-1.243&CDS=1-258
OG0003258	YNL212W	genemark-NODE_7_length_294517_cov_21.9556_ID_13-processed-gene-1.4-mRNA-1_1&gene=genemark-NODE_7_length_294517_cov_21.9556_ID_13-processed-gene-1.4&CDS=1-2391
OG0003259	YNL213C	snap_masked-NODE_7_length_294517_cov_21.9556_ID_13-processed-gene-1.242-mRNA-1_1&gene=snap_masked-NODE_7_length_294517_cov_21.9556_ID_13-processed-gene-1.242&CDS=1-579
OG0003260	YNL214W	augustus_masked-NODE_7_length_294517_cov_21.9556_ID_13-processed-gene-1.101-mRNA-1_1&gene=augustus_masked-NODE_7_length_294517_cov_21.9556_ID_13-processed-gene-1.101&CDS=1-612
OG0003261	YNL215W	snap_masked-NODE_68_length_39233_cov_23.1864_ID_135-processed-gene-0.28-mRNA-1_1&gene=snap_masked-NODE_68_length_39233_cov_23.1864_ID_135-processed-gene-0.28&CDS=1-909
OG0003262	YNL216W	snap_masked-NODE_7_length_294517_cov_21.9556_ID_13-processed-gene-1.195-mRNA-1_1&gene=snap_masked-NODE_7_length_294517_cov_21.9556_ID_13-processed-gene-1.195&CDS=1-2202
OG0003263	YNL217W	snap_masked-NODE_7_length_294517_cov_21.9556_ID_13-processed-gene-1.194-mRNA-1_1&gene=snap_masked-NODE_7_length_294517_cov_21.9556_ID_13-processed-gene-1.194&CDS=1-666
OG0003264	YNL218W	snap_masked-NODE_7_length_294517_cov_21.9556_ID_13-processed-gene-1.193-mRNA-1_1&gene=snap_masked-NODE_7_length_294517_cov_21.9556_ID_13-processed-gene-1.193&CDS=1-1650
OG0003265	YNL220W	snap_masked-NODE_68_length_39233_cov_23.1864_ID_135-processed-gene-0.30-mRNA-1_1&gene=snap_masked-NODE_68_length_39233_cov_23.1864_ID_135-processed-gene-0.30&CDS=1-1296
OG0003266	YNL221C	augustus_masked-NODE_7_length_294517_cov_21.9556_ID_13-processed-gene-1.99-mRNA-1_1&gene=augustus_masked-NODE_7_length_294517_cov_21.9556_ID_13-processed-gene-1.99&CDS=1-4161
OG0003267	YNL222W	snap_masked-NODE_7_length_294517_cov_21.9556_ID_13-processed-gene-0.100-mRNA-1_1&gene=snap_masked-NODE_7_length_294517_cov_21.9556_ID_13-processed-gene-0.100&CDS=1-621
OG0003268	YNL223W	augustus_masked-NODE_7_length_294517_cov_21.9556_ID_13-processed-gene-0.62-mRNA-1_1&gene=augustus_masked-NODE_7_length_294517_cov_21.9556_ID_13-processed-gene-0.62&CDS=1-1401
OG0003269	YNL224C	snap_masked-NODE_7_length_294517_cov_21.9556_ID_13-processed-gene-0.115-mRNA-1_1&gene=snap_masked-NODE_7_length_294517_cov_21.9556_ID_13-processed-gene-0.115&CDS=1-2370
OG0003270	YNL225C	snap_masked-NODE_68_length_39233_cov_23.1864_ID_135-processed-gene-0.23-mRNA-1_1&gene=snap_masked-NODE_68_length_39233_cov_23.1864_ID_135-processed-gene-0.23&CDS=1-1929
OG0003271	YNL230C	snap_masked-NODE_7_length_294517_cov_21.9556_ID_13-processed-gene-0.112-mRNA-1_1&gene=snap_masked-NODE_7_length_294517_cov_21.9556_ID_13-processed-gene-0.112&CDS=1-1026
OG0003272	YNL231C	snap_masked-NODE_7_length_294517_cov_21.9556_ID_13-processed-gene-0.111-mRNA-1_1&gene=snap_masked-NODE_7_length_294517_cov_21.9556_ID_13-processed-gene-0.111&CDS=1-1077
OG0003273	YNL232W	snap_masked-NODE_7_length_294517_cov_21.9556_ID_13-processed-gene-0.98-mRNA-1_1&gene=snap_masked-NODE_7_length_294517_cov_21.9556_ID_13-processed-gene-0.98&CDS=1-750
OG0003274	YNL233W	snap_masked-NODE_7_length_294517_cov_21.9556_ID_13-processed-gene-0.97-mRNA-1_1&gene=snap_masked-NODE_7_length_294517_cov_21.9556_ID_13-processed-gene-0.97&CDS=1-2514
OG0003275	YNL234W	snap_masked-NODE_7_length_294517_cov_21.9556_ID_13-processed-gene-0.96-mRNA-1_1&gene=snap_masked-NODE_7_length_294517_cov_21.9556_ID_13-processed-gene-0.96&CDS=1-1221
OG0003276	YNL236W	snap_masked-NODE_7_length_294517_cov_21.9556_ID_13-processed-gene-0.95-mRNA-1_1&gene=snap_masked-NODE_7_length_294517_cov_21.9556_ID_13-processed-gene-0.95&CDS=1-2946
OG0003277	YNL238W	augustus_masked-NODE_90_length_14960_cov_22.0048_ID_179-processed-gene-0.5-mRNA-1_1&gene=augustus_masked-NODE_90_length_14960_cov_22.0048_ID_179-processed-gene-0.5&CDS=1-3528
OG0003278	YNL242W	snap_masked-NODE_90_length_14960_cov_22.0048_ID_179-processed-gene-0.8-mRNA-1_1&gene=snap_masked-NODE_90_length_14960_cov_22.0048_ID_179-processed-gene-0.8&CDS=1-4803
OG0003279	YNL243W	snap_masked-NODE_71_length_33294_cov_21.3748_ID_141-processed-gene-0.9-mRNA-1_1&gene=snap_masked-NODE_71_length_33294_cov_21.3748_ID_141-processed-gene-0.9&CDS=1-2886
OG0003280	YNL244C	snap_masked-NODE_71_length_33294_cov_21.3748_ID_141-processed-gene-0.0-mRNA-1_1&gene=snap_masked-NODE_71_length_33294_cov_21.3748_ID_141-processed-gene-0.0&CDS=1-324
OG0003281	YNL245C	snap_masked-NODE_71_length_33294_cov_21.3748_ID_141-processed-gene-0.1-mRNA-1_1&gene=snap_masked-NODE_71_length_33294_cov_21.3748_ID_141-processed-gene-0.1&CDS=1-459
OG0003282	YNL247W	maker-NODE_71_length_33294_cov_21.3748_ID_141-augustus-gene-0.45-mRNA-1_1&gene=maker-NODE_71_length_33294_cov_21.3748_ID_141-augustus-gene-0.45&CDS=1-3000
OG0003283	YNL248C	snap_masked-NODE_71_length_33294_cov_21.3748_ID_141-processed-gene-0.2-mRNA-1_1&gene=snap_masked-NODE_71_length_33294_cov_21.3748_ID_141-processed-gene-0.2&CDS=1-1236
OG0003284	YNL249C	snap_masked-NODE_71_length_33294_cov_21.3748_ID_141-processed-gene-0.3-mRNA-1_1&gene=snap_masked-NODE_71_length_33294_cov_21.3748_ID_141-processed-gene-0.3&CDS=1-1608
OG0003285	YNL250W	snap_masked-NODE_71_length_33294_cov_21.3748_ID_141-processed-gene-0.12-mRNA-1_1&gene=snap_masked-NODE_71_length_33294_cov_21.3748_ID_141-processed-gene-0.12&CDS=1-3915
OG0003286	YNL251C	maker-NODE_71_length_33294_cov_21.3748_ID_141-augustus-gene-0.44-mRNA-1_1&gene=maker-NODE_71_length_33294_cov_21.3748_ID_141-augustus-gene-0.44&CDS=1-2358
OG0003287	YNL253W	snap_masked-NODE_71_length_33294_cov_21.3748_ID_141-processed-gene-0.13-mRNA-1_1&gene=snap_masked-NODE_71_length_33294_cov_21.3748_ID_141-processed-gene-0.13&CDS=1-1368
OG0003288	YNL254C	snap_masked-NODE_71_length_33294_cov_21.3748_ID_141-processed-gene-0.5-mRNA-1_1&gene=snap_masked-NODE_71_length_33294_cov_21.3748_ID_141-processed-gene-0.5&CDS=1-1128
OG0003289	YNL255C	snap_masked-NODE_71_length_33294_cov_21.3748_ID_141-processed-gene-0.6-mRNA-1_1&gene=snap_masked-NODE_71_length_33294_cov_21.3748_ID_141-processed-gene-0.6&CDS=1-477
OG0003290	YNL256W	augustus_masked-NODE_71_length_33294_cov_21.3748_ID_141-processed-gene-0.28-mRNA-1_1&gene=augustus_masked-NODE_71_length_33294_cov_21.3748_ID_141-processed-gene-0.28&CDS=1-2379
OG0003291	YNL258C	snap_masked-NODE_71_length_33294_cov_21.3748_ID_141-processed-gene-0.8-mRNA-1_1&gene=snap_masked-NODE_71_length_33294_cov_21.3748_ID_141-processed-gene-0.8&CDS=1-2280
OG0003292	YNL259C	snap_masked-NODE_41_length_92102_cov_23.5632_ID_81-processed-gene-0.46-mRNA-1_1&gene=snap_masked-NODE_41_length_92102_cov_23.5632_ID_81-processed-gene-0.46&CDS=1-219
OG0003293	YNL260C	snap_masked-NODE_41_length_92102_cov_23.5632_ID_81-processed-gene-0.45-mRNA-1_1&gene=snap_masked-NODE_41_length_92102_cov_23.5632_ID_81-processed-gene-0.45&CDS=1-483
OG0003294	YNL261W	snap_masked-NODE_76_length_27717_cov_23.7204_ID_151-processed-gene-0.36-mRNA-1_1&gene=snap_masked-NODE_76_length_27717_cov_23.7204_ID_151-processed-gene-0.36&CDS=1-1383
OG0003295	YNL262W	snap_masked-NODE_41_length_92102_cov_23.5632_ID_81-processed-gene-0.26-mRNA-1_1&gene=snap_masked-NODE_41_length_92102_cov_23.5632_ID_81-processed-gene-0.26&CDS=1-6645
OG0003296	YNL263C	snap_masked-NODE_41_length_92102_cov_23.5632_ID_81-processed-gene-0.44-mRNA-1_1&gene=snap_masked-NODE_41_length_92102_cov_23.5632_ID_81-processed-gene-0.44&CDS=1-903
OG0003297	YNL264C	augustus_masked-NODE_41_length_92102_cov_23.5632_ID_81-processed-gene-0.84-mRNA-1_1&gene=augustus_masked-NODE_41_length_92102_cov_23.5632_ID_81-processed-gene-0.84&CDS=1-1056
OG0003298	YNL265C	snap_masked-NODE_41_length_92102_cov_23.5632_ID_81-processed-gene-0.42-mRNA-1_1&gene=snap_masked-NODE_41_length_92102_cov_23.5632_ID_81-processed-gene-0.42&CDS=1-873
OG0003299	YNL271C	snap_masked-NODE_41_length_92102_cov_23.5632_ID_81-processed-gene-0.41-mRNA-1_1&gene=snap_masked-NODE_41_length_92102_cov_23.5632_ID_81-processed-gene-0.41&CDS=1-5589
OG0003300	YNL272C	snap_masked-NODE_41_length_92102_cov_23.5632_ID_81-processed-gene-0.40-mRNA-1_1&gene=snap_masked-NODE_41_length_92102_cov_23.5632_ID_81-processed-gene-0.40&CDS=1-1998
OG0003301	YNL273W	augustus_masked-NODE_41_length_92102_cov_23.5632_ID_81-processed-gene-0.63-mRNA-1_1&gene=augustus_masked-NODE_41_length_92102_cov_23.5632_ID_81-processed-gene-0.63&CDS=1-3741
OG0003302	YNL274C	snap_masked-NODE_41_length_92102_cov_23.5632_ID_81-processed-gene-0.39-mRNA-1_1&gene=snap_masked-NODE_41_length_92102_cov_23.5632_ID_81-processed-gene-0.39&CDS=1-1035
OG0003303	YNL275W	snap_masked-NODE_41_length_92102_cov_23.5632_ID_81-processed-gene-0.21-mRNA-1_1&gene=snap_masked-NODE_41_length_92102_cov_23.5632_ID_81-processed-gene-0.21&CDS=1-1827
OG0003304	YNL277W	snap_masked-NODE_41_length_92102_cov_23.5632_ID_81-processed-gene-0.20-mRNA-1_1&gene=snap_masked-NODE_41_length_92102_cov_23.5632_ID_81-processed-gene-0.20&CDS=1-1491
OG0003305	YNL280C	snap_masked-NODE_28_length_123417_cov_23.6155_ID_55-processed-gene-0.60-mRNA-1_1&gene=snap_masked-NODE_28_length_123417_cov_23.6155_ID_55-processed-gene-0.60&CDS=1-1278
OG0003306	YNL281W	snap_masked-NODE_28_length_123417_cov_23.6155_ID_55-processed-gene-0.23-mRNA-1_1&gene=snap_masked-NODE_28_length_123417_cov_23.6155_ID_55-processed-gene-0.23&CDS=1-426
OG0003307	YNL282W	augustus_masked-NODE_28_length_123417_cov_23.6155_ID_55-processed-gene-0.87-mRNA-1_1&gene=augustus_masked-NODE_28_length_123417_cov_23.6155_ID_55-processed-gene-0.87&CDS=1-588
OG0003308	YNL284C	snap_masked-NODE_28_length_123417_cov_23.6155_ID_55-processed-gene-0.57-mRNA-1_1&gene=snap_masked-NODE_28_length_123417_cov_23.6155_ID_55-processed-gene-0.57&CDS=1-846
OG0003309	YNL286W	snap_masked-NODE_28_length_123417_cov_23.6155_ID_55-processed-gene-0.22-mRNA-1_1&gene=snap_masked-NODE_28_length_123417_cov_23.6155_ID_55-processed-gene-0.22&CDS=1-816
OG0003310	YNL287W	snap_masked-NODE_28_length_123417_cov_23.6155_ID_55-processed-gene-0.21-mRNA-1_1&gene=snap_masked-NODE_28_length_123417_cov_23.6155_ID_55-processed-gene-0.21&CDS=1-2796
OG0003311	YNL288W	augustus_masked-NODE_28_length_123417_cov_23.6155_ID_55-processed-gene-0.84-mRNA-1_1&gene=augustus_masked-NODE_28_length_123417_cov_23.6155_ID_55-processed-gene-0.84&CDS=1-996
OG0003312	YNL289W	snap_masked-NODE_67_length_41826_cov_24.5933_ID_133-processed-gene-0.54-mRNA-1_1&gene=snap_masked-NODE_67_length_41826_cov_24.5933_ID_133-processed-gene-0.54&CDS=1-759
OG0003313	YNL290W	maker-NODE_28_length_123417_cov_23.6155_ID_55-augustus-gene-0.134-mRNA-1_1&gene=maker-NODE_28_length_123417_cov_23.6155_ID_55-augustus-gene-0.134&CDS=1-2364
OG0003314	YNL291C	augustus_masked-NODE_28_length_123417_cov_23.6155_ID_55-processed-gene-0.118-mRNA-1_1&gene=augustus_masked-NODE_28_length_123417_cov_23.6155_ID_55-processed-gene-0.118&CDS=1-1476
OG0003315	YNL294C	snap_masked-NODE_28_length_123417_cov_23.6155_ID_55-processed-gene-0.55-mRNA-1_1&gene=snap_masked-NODE_28_length_123417_cov_23.6155_ID_55-processed-gene-0.55&CDS=1-1641
OG0003316	YNL295W	augustus_masked-NODE_28_length_123417_cov_23.6155_ID_55-processed-gene-0.81-mRNA-1_1&gene=augustus_masked-NODE_28_length_123417_cov_23.6155_ID_55-processed-gene-0.81&CDS=1-1431
OG0003317	YNL297C	snap_masked-NODE_28_length_123417_cov_23.6155_ID_55-processed-gene-0.53-mRNA-1_1&gene=snap_masked-NODE_28_length_123417_cov_23.6155_ID_55-processed-gene-0.53&CDS=1-4911
OG0003318	YNL304W	augustus_masked-NODE_28_length_123417_cov_23.6155_ID_55-processed-gene-0.78-mRNA-1_1&gene=augustus_masked-NODE_28_length_123417_cov_23.6155_ID_55-processed-gene-0.78&CDS=1-1206
OG0003319	YNL305C	snap_masked-NODE_28_length_123417_cov_23.6155_ID_55-processed-gene-0.50-mRNA-1_1&gene=snap_masked-NODE_28_length_123417_cov_23.6155_ID_55-processed-gene-0.50&CDS=1-870
OG0003320	YNL306W	maker-NODE_28_length_123417_cov_23.6155_ID_55-snap-gene-0.128-mRNA-1_1&gene=maker-NODE_28_length_123417_cov_23.6155_ID_55-snap-gene-0.128&CDS=1-615
OG0003321	YNL307C	snap_masked-NODE_66_length_43350_cov_23.5093_ID_131-processed-gene-0.3-mRNA-1_1&gene=snap_masked-NODE_66_length_43350_cov_23.5093_ID_131-processed-gene-0.3&CDS=1-1134
OG0003322	YNL308C	snap_masked-NODE_28_length_123417_cov_23.6155_ID_55-processed-gene-0.49-mRNA-1_1&gene=snap_masked-NODE_28_length_123417_cov_23.6155_ID_55-processed-gene-0.49&CDS=1-1716
OG0003323	YNL309W	snap_masked-NODE_28_length_123417_cov_23.6155_ID_55-processed-gene-0.8-mRNA-1_1&gene=snap_masked-NODE_28_length_123417_cov_23.6155_ID_55-processed-gene-0.8&CDS=1-1230
OG0003324	YNL311C	maker-NODE_28_length_123417_cov_23.6155_ID_55-augustus-gene-0.136-mRNA-1_1&gene=maker-NODE_28_length_123417_cov_23.6155_ID_55-augustus-gene-0.136&CDS=1-3762
OG0003325	YNL312W	snap_masked-NODE_66_length_43350_cov_23.5093_ID_131-processed-gene-0.17-mRNA-1_1&gene=snap_masked-NODE_66_length_43350_cov_23.5093_ID_131-processed-gene-0.17&CDS=1-843
OG0003326	YNL313C	snap_masked-NODE_66_length_43350_cov_23.5093_ID_131-processed-gene-0.4-mRNA-1_1&gene=snap_masked-NODE_66_length_43350_cov_23.5093_ID_131-processed-gene-0.4&CDS=1-2721
OG0003327	YNL315C	snap_masked-NODE_28_length_123417_cov_23.6155_ID_55-processed-gene-0.45-mRNA-1_1&gene=snap_masked-NODE_28_length_123417_cov_23.6155_ID_55-processed-gene-0.45&CDS=1-948
OG0003328	YNL316C	snap_masked-NODE_28_length_123417_cov_23.6155_ID_55-processed-gene-0.44-mRNA-1_1&gene=snap_masked-NODE_28_length_123417_cov_23.6155_ID_55-processed-gene-0.44&CDS=1-975
OG0003329	YNL317W	augustus_masked-NODE_66_length_43350_cov_23.5093_ID_131-processed-gene-0.43-mRNA-1_1&gene=augustus_masked-NODE_66_length_43350_cov_23.5093_ID_131-processed-gene-0.43&CDS=1-1371
OG0003330	YNL320W	snap_masked-NODE_66_length_43350_cov_23.5093_ID_131-processed-gene-0.19-mRNA-1_1&gene=snap_masked-NODE_66_length_43350_cov_23.5093_ID_131-processed-gene-0.19&CDS=1-849
OG0003331	YNL321W	augustus_masked-NODE_28_length_123417_cov_23.6155_ID_55-processed-gene-0.73-mRNA-1_1&gene=augustus_masked-NODE_28_length_123417_cov_23.6155_ID_55-processed-gene-0.73&CDS=1-3537
OG0003332	YNL322C	snap_masked-NODE_28_length_123417_cov_23.6155_ID_55-processed-gene-0.42-mRNA-1_1&gene=snap_masked-NODE_28_length_123417_cov_23.6155_ID_55-processed-gene-0.42&CDS=1-1047
OG0003333	YNL323W	snap_masked-NODE_66_length_43350_cov_23.5093_ID_131-processed-gene-0.21-mRNA-1_1&gene=snap_masked-NODE_66_length_43350_cov_23.5093_ID_131-processed-gene-0.21&CDS=1-1239
OG0003334	YNL325C	snap_masked-NODE_28_length_123417_cov_23.6155_ID_55-processed-gene-0.41-mRNA-1_1&gene=snap_masked-NODE_28_length_123417_cov_23.6155_ID_55-processed-gene-0.41&CDS=1-2667
OG0003335	YNL326C	snap_masked-NODE_28_length_123417_cov_23.6155_ID_55-processed-gene-0.40-mRNA-1_1&gene=snap_masked-NODE_28_length_123417_cov_23.6155_ID_55-processed-gene-0.40&CDS=1-816
OG0003336	YNL327W	snap_masked-NODE_28_length_123417_cov_23.6155_ID_55-processed-gene-0.4-mRNA-1_1&gene=snap_masked-NODE_28_length_123417_cov_23.6155_ID_55-processed-gene-0.4&CDS=1-2355
OG0003337	YNL328C	snap_masked-NODE_28_length_123417_cov_23.6155_ID_55-processed-gene-0.39-mRNA-1_1&gene=snap_masked-NODE_28_length_123417_cov_23.6155_ID_55-processed-gene-0.39&CDS=1-435
OG0003338	YNL329C	snap_masked-NODE_28_length_123417_cov_23.6155_ID_55-processed-gene-0.38-mRNA-1_1&gene=snap_masked-NODE_28_length_123417_cov_23.6155_ID_55-processed-gene-0.38&CDS=1-3111
OG0003339	YNL330C	snap_masked-NODE_66_length_43350_cov_23.5093_ID_131-processed-gene-0.8-mRNA-1_1&gene=snap_masked-NODE_66_length_43350_cov_23.5093_ID_131-processed-gene-0.8&CDS=1-1299
OG0003340	YNR003C	augustus_masked-NODE_2_length_515064_cov_21.8181_ID_3-processed-gene-4.97-mRNA-1_1&gene=augustus_masked-NODE_2_length_515064_cov_21.8181_ID_3-processed-gene-4.97&CDS=1-939
OG0003341	YNR004W	augustus_masked-NODE_16_length_197293_cov_20.9529_ID_31-processed-gene-0.75-mRNA-1_1&gene=augustus_masked-NODE_16_length_197293_cov_20.9529_ID_31-processed-gene-0.75&CDS=1-465
OG0003342	YNR006W	snap_masked-NODE_3_length_402036_cov_21.609_ID_5-processed-gene-3.141-mRNA-1_1&gene=snap_masked-NODE_3_length_402036_cov_21.609_ID_5-processed-gene-3.141&CDS=1-1797
OG0003343	YNR007C	augustus_masked-NODE_3_length_402036_cov_21.609_ID_5-processed-gene-3.106-mRNA-1_1&gene=augustus_masked-NODE_3_length_402036_cov_21.609_ID_5-processed-gene-3.106&CDS=1-912
OG0003344	YNR008W	augustus_masked-NODE_3_length_402036_cov_21.609_ID_5-processed-gene-3.79-mRNA-1_1&gene=augustus_masked-NODE_3_length_402036_cov_21.609_ID_5-processed-gene-3.79&CDS=1-1974
OG0003345	YNR010W	maker-NODE_3_length_402036_cov_21.609_ID_5-augustus-gene-3.192-mRNA-1_1&gene=maker-NODE_3_length_402036_cov_21.609_ID_5-augustus-gene-3.192&CDS=1-1095
OG0003346	YNR012W	snap_masked-NODE_3_length_402036_cov_21.609_ID_5-processed-gene-3.144-mRNA-1_1&gene=snap_masked-NODE_3_length_402036_cov_21.609_ID_5-processed-gene-3.144&CDS=1-1461
OG0003347	YNR013C	snap_masked-NODE_3_length_402036_cov_21.609_ID_5-processed-gene-3.170-mRNA-1_1&gene=snap_masked-NODE_3_length_402036_cov_21.609_ID_5-processed-gene-3.170&CDS=1-2490
OG0003348	YNR014W	augustus_masked-NODE_9_length_289189_cov_21.4249_ID_17-processed-gene-0.28-mRNA-1_1&gene=augustus_masked-NODE_9_length_289189_cov_21.4249_ID_17-processed-gene-0.28&CDS=1-357
OG0003349	YNR015W	snap_masked-NODE_3_length_402036_cov_21.609_ID_5-processed-gene-3.146-mRNA-1_1&gene=snap_masked-NODE_3_length_402036_cov_21.609_ID_5-processed-gene-3.146&CDS=1-1053
OG0003350	YNR016C	augustus_masked-NODE_9_length_289189_cov_21.4249_ID_17-processed-gene-0.10-mRNA-1_1&gene=augustus_masked-NODE_9_length_289189_cov_21.4249_ID_17-processed-gene-0.10&CDS=1-6729
OG0003351	YNR017W	snap_masked-NODE_3_length_402036_cov_21.609_ID_5-processed-gene-3.147-mRNA-1_1&gene=snap_masked-NODE_3_length_402036_cov_21.609_ID_5-processed-gene-3.147&CDS=1-594
OG0003352	YNR018W	snap_masked-NODE_3_length_402036_cov_21.609_ID_5-processed-gene-3.148-mRNA-1_1&gene=snap_masked-NODE_3_length_402036_cov_21.609_ID_5-processed-gene-3.148&CDS=1-669
OG0003353	YNR019W	snap_masked-NODE_3_length_402036_cov_21.609_ID_5-processed-gene-3.149-mRNA-1_1&gene=snap_masked-NODE_3_length_402036_cov_21.609_ID_5-processed-gene-3.149&CDS=1-1719
OG0003354	YNR020C	snap_masked-NODE_3_length_402036_cov_21.609_ID_5-processed-gene-3.171-mRNA-1_1&gene=snap_masked-NODE_3_length_402036_cov_21.609_ID_5-processed-gene-3.171&CDS=1-681
OG0003355	YNR021W	snap_masked-NODE_25_length_134608_cov_22.6927_ID_49-processed-gene-0.6-mRNA-1_1&gene=snap_masked-NODE_25_length_134608_cov_22.6927_ID_49-processed-gene-0.6&CDS=1-1224
OG0003356	YNR022C	snap_masked-NODE_3_length_402036_cov_21.609_ID_5-processed-gene-3.150-mRNA-1_1&gene=snap_masked-NODE_3_length_402036_cov_21.609_ID_5-processed-gene-3.150&CDS=1-378
OG0003357	YNR023W	snap_masked-NODE_25_length_134608_cov_22.6927_ID_49-processed-gene-0.7-mRNA-1_1&gene=snap_masked-NODE_25_length_134608_cov_22.6927_ID_49-processed-gene-0.7&CDS=1-1635
OG0003358	YNR024W	snap_masked-NODE_3_length_402036_cov_21.609_ID_5-processed-gene-3.151-mRNA-1_1&gene=snap_masked-NODE_3_length_402036_cov_21.609_ID_5-processed-gene-3.151&CDS=1-471
OG0003359	YNR026C	snap_masked-NODE_3_length_402036_cov_21.609_ID_5-processed-gene-3.172-mRNA-1_1&gene=snap_masked-NODE_3_length_402036_cov_21.609_ID_5-processed-gene-3.172&CDS=1-1266
OG0003360	YNR027W	augustus_masked-NODE_3_length_402036_cov_21.609_ID_5-processed-gene-3.90-mRNA-1_1&gene=augustus_masked-NODE_3_length_402036_cov_21.609_ID_5-processed-gene-3.90&CDS=1-918
OG0003361	YNR029C	snap_masked-NODE_3_length_402036_cov_21.609_ID_5-processed-gene-3.173-mRNA-1_1&gene=snap_masked-NODE_3_length_402036_cov_21.609_ID_5-processed-gene-3.173&CDS=1-1278
OG0003362	YNR030W	snap_masked-NODE_3_length_402036_cov_21.609_ID_5-processed-gene-3.154-mRNA-1_1&gene=snap_masked-NODE_3_length_402036_cov_21.609_ID_5-processed-gene-3.154&CDS=1-1692
OG0003363	YNR032C-A	snap_masked-NODE_3_length_402036_cov_21.609_ID_5-processed-gene-3.175-mRNA-1_1&gene=snap_masked-NODE_3_length_402036_cov_21.609_ID_5-processed-gene-3.175&CDS=1-219
OG0003364	YNR032W	snap_masked-NODE_3_length_402036_cov_21.609_ID_5-processed-gene-3.155-mRNA-1_1&gene=snap_masked-NODE_3_length_402036_cov_21.609_ID_5-processed-gene-3.155&CDS=1-1119
OG0003365	YNR033W	snap_masked-NODE_3_length_402036_cov_21.609_ID_5-processed-gene-3.156-mRNA-1_1&gene=snap_masked-NODE_3_length_402036_cov_21.609_ID_5-processed-gene-3.156&CDS=1-2292
OG0003366	YNR034W	snap_masked-NODE_3_length_402036_cov_21.609_ID_5-processed-gene-3.157-mRNA-1_1&gene=snap_masked-NODE_3_length_402036_cov_21.609_ID_5-processed-gene-3.157&CDS=1-960
OG0003367	YNR035C	snap_masked-NODE_3_length_402036_cov_21.609_ID_5-processed-gene-3.177-mRNA-1_1&gene=snap_masked-NODE_3_length_402036_cov_21.609_ID_5-processed-gene-3.177&CDS=1-984
OG0003368	YNR036C	augustus_masked-NODE_3_length_402036_cov_21.609_ID_5-processed-gene-3.116-mRNA-1_1&gene=augustus_masked-NODE_3_length_402036_cov_21.609_ID_5-processed-gene-3.116&CDS=1-624
OG0003369	YNR038W	snap_masked-NODE_3_length_402036_cov_21.609_ID_5-processed-gene-3.158-mRNA-1_1&gene=snap_masked-NODE_3_length_402036_cov_21.609_ID_5-processed-gene-3.158&CDS=1-1914
OG0003370	YNR039C	snap_masked-NODE_3_length_402036_cov_21.609_ID_5-processed-gene-3.180-mRNA-1_1&gene=snap_masked-NODE_3_length_402036_cov_21.609_ID_5-processed-gene-3.180&CDS=1-1860
OG0003371	YNR040W	snap_masked-NODE_3_length_402036_cov_21.609_ID_5-processed-gene-3.159-mRNA-1_1&gene=snap_masked-NODE_3_length_402036_cov_21.609_ID_5-processed-gene-3.159&CDS=1-732
OG0003372	YNR041C	augustus_masked-NODE_3_length_402036_cov_21.609_ID_5-processed-gene-3.118-mRNA-1_1&gene=augustus_masked-NODE_3_length_402036_cov_21.609_ID_5-processed-gene-3.118&CDS=1-1089
OG0003373	YNR043W	snap_masked-NODE_3_length_402036_cov_21.609_ID_5-processed-gene-3.160-mRNA-1_1&gene=snap_masked-NODE_3_length_402036_cov_21.609_ID_5-processed-gene-3.160&CDS=1-1191
OG0003374	YNR046W	genemark-NODE_3_length_402036_cov_21.609_ID_5-processed-gene-3.37-mRNA-1_1&gene=genemark-NODE_3_length_402036_cov_21.609_ID_5-processed-gene-3.37&CDS=1-402
OG0003375	YNR049C	snap_masked-NODE_3_length_402036_cov_21.609_ID_5-processed-gene-3.183-mRNA-1_1&gene=snap_masked-NODE_3_length_402036_cov_21.609_ID_5-processed-gene-3.183&CDS=1-612
OG0003376	YNR050C	snap_masked-NODE_3_length_402036_cov_21.609_ID_5-processed-gene-3.184-mRNA-1_1&gene=snap_masked-NODE_3_length_402036_cov_21.609_ID_5-processed-gene-3.184&CDS=1-1338
OG0003377	YNR051C	snap_masked-NODE_3_length_402036_cov_21.609_ID_5-processed-gene-3.185-mRNA-1_1&gene=snap_masked-NODE_3_length_402036_cov_21.609_ID_5-processed-gene-3.185&CDS=1-1653
OG0003378	YNR052C	snap_masked-NODE_3_length_402036_cov_21.609_ID_5-processed-gene-3.186-mRNA-1_1&gene=snap_masked-NODE_3_length_402036_cov_21.609_ID_5-processed-gene-3.186&CDS=1-1368
OG0003379	YNR053C	snap_masked-NODE_3_length_402036_cov_21.609_ID_5-processed-gene-3.187-mRNA-1_1&gene=snap_masked-NODE_3_length_402036_cov_21.609_ID_5-processed-gene-3.187&CDS=1-1560
OG0003380	YNR054C	snap_masked-NODE_3_length_402036_cov_21.609_ID_5-processed-gene-3.188-mRNA-1_1&gene=snap_masked-NODE_3_length_402036_cov_21.609_ID_5-processed-gene-3.188&CDS=1-924
OG0003381	YOL001W	augustus_masked-NODE_61_length_49157_cov_21.7454_ID_121-processed-gene-0.32-mRNA-1_1&gene=augustus_masked-NODE_61_length_49157_cov_21.7454_ID_121-processed-gene-0.32&CDS=1-918
OG0003382	YOL002C	snap_masked-NODE_32_length_114782_cov_21.7396_ID_63-processed-gene-0.77-mRNA-1_1&gene=snap_masked-NODE_32_length_114782_cov_21.7396_ID_63-processed-gene-0.77&CDS=1-921
OG0003383	YOL003C	snap_masked-NODE_22_length_167286_cov_23.0006_ID_43-processed-gene-0.180-mRNA-1_1&gene=snap_masked-NODE_22_length_167286_cov_23.0006_ID_43-processed-gene-0.180&CDS=1-1122
OG0003384	YOL004W	snap_masked-NODE_22_length_167286_cov_23.0006_ID_43-processed-gene-0.125-mRNA-1_1&gene=snap_masked-NODE_22_length_167286_cov_23.0006_ID_43-processed-gene-0.125&CDS=1-4329
OG0003385	YOL005C	snap_masked-NODE_22_length_167286_cov_23.0006_ID_43-processed-gene-0.179-mRNA-1_1&gene=snap_masked-NODE_22_length_167286_cov_23.0006_ID_43-processed-gene-0.179&CDS=1-366
OG0003386	YOL006C	augustus_masked-NODE_82_length_24187_cov_21.2298_ID_163-processed-gene-0.24-mRNA-1_1&gene=augustus_masked-NODE_82_length_24187_cov_21.2298_ID_163-processed-gene-0.24&CDS=1-2580
OG0003387	YOL007C	snap_masked-NODE_22_length_167286_cov_23.0006_ID_43-processed-gene-0.186-mRNA-1_1&gene=snap_masked-NODE_22_length_167286_cov_23.0006_ID_43-processed-gene-0.186&CDS=1-666
OG0003388	YOL008W	snap_masked-NODE_22_length_167286_cov_23.0006_ID_43-processed-gene-0.129-mRNA-1_1&gene=snap_masked-NODE_22_length_167286_cov_23.0006_ID_43-processed-gene-0.129&CDS=1-534
OG0003389	YOL009C	snap_masked-NODE_22_length_167286_cov_23.0006_ID_43-processed-gene-0.185-mRNA-1_1&gene=snap_masked-NODE_22_length_167286_cov_23.0006_ID_43-processed-gene-0.185&CDS=1-768
OG0003390	YOL010W	snap_masked-NODE_22_length_167286_cov_23.0006_ID_43-processed-gene-0.128-mRNA-1_1&gene=snap_masked-NODE_22_length_167286_cov_23.0006_ID_43-processed-gene-0.128&CDS=1-1032
OG0003391	YOL012C	snap_masked-NODE_22_length_167286_cov_23.0006_ID_43-processed-gene-0.183-mRNA-1_1&gene=snap_masked-NODE_22_length_167286_cov_23.0006_ID_43-processed-gene-0.183&CDS=1-402
OG0003392	YOL013C	augustus_masked-NODE_94_length_12554_cov_25.0426_ID_187-processed-gene-0.10-mRNA-1_1&gene=augustus_masked-NODE_94_length_12554_cov_25.0426_ID_187-processed-gene-0.10&CDS=1-1059
OG0003393	YOL018C	snap_masked-NODE_1_length_611906_cov_21.093_ID_1-processed-gene-3.91-mRNA-1_1&gene=snap_masked-NODE_1_length_611906_cov_21.093_ID_1-processed-gene-3.91&CDS=1-1143
OG0003394	YOL019W	snap_masked-NODE_1_length_611906_cov_21.093_ID_1-processed-gene-3.70-mRNA-1_1&gene=snap_masked-NODE_1_length_611906_cov_21.093_ID_1-processed-gene-3.70&CDS=1-1569
OG0003395	YOL021C	snap_masked-NODE_19_length_179553_cov_20.8368_ID_37-processed-gene-0.166-mRNA-1_1&gene=snap_masked-NODE_19_length_179553_cov_20.8368_ID_37-processed-gene-0.166&CDS=1-3000
OG0003396	YOL022C	snap_masked-NODE_1_length_611906_cov_21.093_ID_1-processed-gene-3.90-mRNA-1_1&gene=snap_masked-NODE_1_length_611906_cov_21.093_ID_1-processed-gene-3.90&CDS=1-1209
OG0003397	YOL023W	snap_masked-NODE_1_length_611906_cov_21.093_ID_1-processed-gene-3.69-mRNA-1_1&gene=snap_masked-NODE_1_length_611906_cov_21.093_ID_1-processed-gene-3.69&CDS=1-3504
OG0003398	YOL026C	snap_masked-NODE_18_length_183210_cov_20.8765_ID_35-processed-gene-0.153-mRNA-1_1&gene=snap_masked-NODE_18_length_183210_cov_20.8765_ID_35-processed-gene-0.153&CDS=1-333
OG0003399	YOL027C	snap_masked-NODE_18_length_183210_cov_20.8765_ID_35-processed-gene-0.154-mRNA-1_1&gene=snap_masked-NODE_18_length_183210_cov_20.8765_ID_35-processed-gene-0.154&CDS=1-1530
OG0003400	YOL028C	augustus_masked-NODE_18_length_183210_cov_20.8765_ID_35-processed-gene-0.65-mRNA-1_1&gene=augustus_masked-NODE_18_length_183210_cov_20.8765_ID_35-processed-gene-0.65&CDS=1-822
OG0003401	YOL030W	snap_masked-NODE_20_length_173093_cov_21.6662_ID_39-processed-gene-0.191-mRNA-1_1&gene=snap_masked-NODE_20_length_173093_cov_21.6662_ID_39-processed-gene-0.191&CDS=1-1404
OG0003402	YOL031C	snap_masked-NODE_13_length_242978_cov_21.7015_ID_25-processed-gene-1.115-mRNA-1_1&gene=snap_masked-NODE_13_length_242978_cov_21.7015_ID_25-processed-gene-1.115&CDS=1-1131
OG0003403	YOL034W	augustus_masked-NODE_13_length_242978_cov_21.7015_ID_25-processed-gene-1.224-mRNA-1_1&gene=augustus_masked-NODE_13_length_242978_cov_21.7015_ID_25-processed-gene-1.224&CDS=1-5388
OG0003404	YOL038W	snap_masked-NODE_18_length_183210_cov_20.8765_ID_35-processed-gene-0.200-mRNA-1_1&gene=snap_masked-NODE_18_length_183210_cov_20.8765_ID_35-processed-gene-0.200&CDS=1-768
OG0003405	YOL040C	snap_masked-NODE_13_length_242978_cov_21.7015_ID_25-processed-gene-1.151-mRNA-1_1&gene=snap_masked-NODE_13_length_242978_cov_21.7015_ID_25-processed-gene-1.151&CDS=1-426
OG0003406	YOL041C	snap_masked-NODE_13_length_242978_cov_21.7015_ID_25-processed-gene-1.150-mRNA-1_1&gene=snap_masked-NODE_13_length_242978_cov_21.7015_ID_25-processed-gene-1.150&CDS=1-1353
OG0003407	YOL042W	snap_masked-NODE_13_length_242978_cov_21.7015_ID_25-processed-gene-1.112-mRNA-1_1&gene=snap_masked-NODE_13_length_242978_cov_21.7015_ID_25-processed-gene-1.112&CDS=1-1113
OG0003408	YOL044W	snap_masked-NODE_13_length_242978_cov_21.7015_ID_25-processed-gene-1.110-mRNA-1_1&gene=snap_masked-NODE_13_length_242978_cov_21.7015_ID_25-processed-gene-1.110&CDS=1-1071
OG0003409	YOL048C	snap_masked-NODE_13_length_242978_cov_21.7015_ID_25-processed-gene-1.147-mRNA-1_1&gene=snap_masked-NODE_13_length_242978_cov_21.7015_ID_25-processed-gene-1.147&CDS=1-834
OG0003410	YOL049W	augustus_masked-NODE_13_length_242978_cov_21.7015_ID_25-processed-gene-1.182-mRNA-1_1&gene=augustus_masked-NODE_13_length_242978_cov_21.7015_ID_25-processed-gene-1.182&CDS=1-1458
OG0003411	YOL052C	snap_masked-NODE_10_length_278180_cov_22.5073_ID_19-processed-gene-1.101-mRNA-1_1&gene=snap_masked-NODE_10_length_278180_cov_22.5073_ID_19-processed-gene-1.101&CDS=1-1197
OG0003412	YOL053W	snap_masked-NODE_11_length_248256_cov_21.6689_ID_21-processed-gene-1.165-mRNA-1_1&gene=snap_masked-NODE_11_length_248256_cov_21.6689_ID_21-processed-gene-1.165&CDS=1-930
OG0003413	YOL054W	maker-NODE_11_length_248256_cov_21.6689_ID_21-snap-gene-1.8-mRNA-1_1&gene=maker-NODE_11_length_248256_cov_21.6689_ID_21-snap-gene-1.8&CDS=1-990
OG0003414	YOL057W	maker-NODE_8_length_292075_cov_22.5245_ID_15-augustus-gene-0.0-mRNA-1_1&gene=maker-NODE_8_length_292075_cov_22.5245_ID_15-augustus-gene-0.0&CDS=1-2949
OG0003415	YOL058W	snap_masked-NODE_8_length_292075_cov_22.5245_ID_15-processed-gene-0.37-mRNA-1_1&gene=snap_masked-NODE_8_length_292075_cov_22.5245_ID_15-processed-gene-0.37&CDS=1-1260
OG0003416	YOL061W	augustus_masked-NODE_8_length_292075_cov_22.5245_ID_15-processed-gene-0.74-mRNA-1_1&gene=augustus_masked-NODE_8_length_292075_cov_22.5245_ID_15-processed-gene-0.74&CDS=1-1203
OG0003417	YOL062C	augustus_masked-NODE_8_length_292075_cov_22.5245_ID_15-processed-gene-0.54-mRNA-1_1&gene=augustus_masked-NODE_8_length_292075_cov_22.5245_ID_15-processed-gene-0.54&CDS=1-1155
OG0003418	YOL064C	snap_masked-NODE_8_length_292075_cov_22.5245_ID_15-processed-gene-1.96-mRNA-1_1&gene=snap_masked-NODE_8_length_292075_cov_22.5245_ID_15-processed-gene-1.96&CDS=1-1071
OG0003419	YOL065C	snap_masked-NODE_8_length_292075_cov_22.5245_ID_15-processed-gene-1.97-mRNA-1_1&gene=snap_masked-NODE_8_length_292075_cov_22.5245_ID_15-processed-gene-1.97&CDS=1-1104
OG0003420	YOL067C	snap_masked-NODE_1_length_611906_cov_21.093_ID_1-processed-gene-5.154-mRNA-1_1&gene=snap_masked-NODE_1_length_611906_cov_21.093_ID_1-processed-gene-5.154&CDS=1-555
OG0003421	YOL069W	snap_masked-NODE_8_length_292075_cov_22.5245_ID_15-processed-gene-1.102-mRNA-1_1&gene=snap_masked-NODE_8_length_292075_cov_22.5245_ID_15-processed-gene-1.102&CDS=1-1338
OG0003422	YOL070C	genemark-NODE_1_length_611906_cov_21.093_ID_1-processed-gene-5.28-mRNA-1_1&gene=genemark-NODE_1_length_611906_cov_21.093_ID_1-processed-gene-5.28&CDS=1-1263
OG0003423	YOL071W	snap_masked-NODE_8_length_292075_cov_22.5245_ID_15-processed-gene-1.140-mRNA-1_1&gene=snap_masked-NODE_8_length_292075_cov_22.5245_ID_15-processed-gene-1.140&CDS=1-471
OG0003424	YOL072W	snap_masked-NODE_8_length_292075_cov_22.5245_ID_15-processed-gene-1.141-mRNA-1_1&gene=snap_masked-NODE_8_length_292075_cov_22.5245_ID_15-processed-gene-1.141&CDS=1-1407
OG0003425	YOL073C	augustus_masked-NODE_8_length_292075_cov_22.5245_ID_15-processed-gene-1.24-mRNA-1_1&gene=augustus_masked-NODE_8_length_292075_cov_22.5245_ID_15-processed-gene-1.24&CDS=1-879
OG0003426	YOL075C	snap_masked-NODE_8_length_292075_cov_22.5245_ID_15-processed-gene-1.108-mRNA-1_1&gene=snap_masked-NODE_8_length_292075_cov_22.5245_ID_15-processed-gene-1.108&CDS=1-3828
OG0003427	YOL076W	snap_masked-NODE_1_length_611906_cov_21.093_ID_1-processed-gene-5.183-mRNA-1_1&gene=snap_masked-NODE_1_length_611906_cov_21.093_ID_1-processed-gene-5.183&CDS=1-2334
OG0003428	YOL077C	snap_masked-NODE_8_length_292075_cov_22.5245_ID_15-processed-gene-1.110-mRNA-1_1&gene=snap_masked-NODE_8_length_292075_cov_22.5245_ID_15-processed-gene-1.110&CDS=1-873
OG0003429	YOL078W	maker-NODE_8_length_292075_cov_22.5245_ID_15-augustus-gene-1.4-mRNA-1_1&gene=maker-NODE_8_length_292075_cov_22.5245_ID_15-augustus-gene-1.4&CDS=1-3726
OG0003430	YOL080C	snap_masked-NODE_8_length_292075_cov_22.5245_ID_15-processed-gene-1.111-mRNA-1_1&gene=snap_masked-NODE_8_length_292075_cov_22.5245_ID_15-processed-gene-1.111&CDS=1-834
OG0003431	YOL084W	genemark-NODE_8_length_292075_cov_22.5245_ID_15-processed-gene-1.239-mRNA-1_1&gene=genemark-NODE_8_length_292075_cov_22.5245_ID_15-processed-gene-1.239&CDS=1-2895
OG0003432	YOL086W-A	snap_masked-NODE_8_length_292075_cov_22.5245_ID_15-processed-gene-1.151-mRNA-1_1&gene=snap_masked-NODE_8_length_292075_cov_22.5245_ID_15-processed-gene-1.151&CDS=1-273
OG0003433	YOL087C	snap_masked-NODE_8_length_292075_cov_22.5245_ID_15-processed-gene-1.114-mRNA-1_1&gene=snap_masked-NODE_8_length_292075_cov_22.5245_ID_15-processed-gene-1.114&CDS=1-2973
OG0003434	YOL088C	snap_masked-NODE_8_length_292075_cov_22.5245_ID_15-processed-gene-1.115-mRNA-1_1&gene=snap_masked-NODE_8_length_292075_cov_22.5245_ID_15-processed-gene-1.115&CDS=1-819
OG0003435	YOL089C	snap_masked-NODE_8_length_292075_cov_22.5245_ID_15-processed-gene-1.116-mRNA-1_1&gene=snap_masked-NODE_8_length_292075_cov_22.5245_ID_15-processed-gene-1.116&CDS=1-2940
OG0003436	YOL090W	snap_masked-NODE_8_length_292075_cov_22.5245_ID_15-processed-gene-1.153-mRNA-1_1&gene=snap_masked-NODE_8_length_292075_cov_22.5245_ID_15-processed-gene-1.153&CDS=1-2889
OG0003437	YOL094C	snap_masked-NODE_8_length_292075_cov_22.5245_ID_15-processed-gene-1.117-mRNA-1_1&gene=snap_masked-NODE_8_length_292075_cov_22.5245_ID_15-processed-gene-1.117&CDS=1-969
OG0003438	YOL097C	maker-NODE_8_length_292075_cov_22.5245_ID_15-augustus-gene-1.1-mRNA-1_1&gene=maker-NODE_8_length_292075_cov_22.5245_ID_15-augustus-gene-1.1&CDS=1-4266
OG0003439	YOL098C	snap_masked-NODE_8_length_292075_cov_22.5245_ID_15-processed-gene-1.120-mRNA-1_1&gene=snap_masked-NODE_8_length_292075_cov_22.5245_ID_15-processed-gene-1.120&CDS=1-3105
OG0003440	YOL102C	snap_masked-NODE_8_length_292075_cov_22.5245_ID_15-processed-gene-1.122-mRNA-1_1&gene=snap_masked-NODE_8_length_292075_cov_22.5245_ID_15-processed-gene-1.122&CDS=1-678
OG0003441	YOL107W	snap_masked-NODE_8_length_292075_cov_22.5245_ID_15-processed-gene-1.161-mRNA-1_1&gene=snap_masked-NODE_8_length_292075_cov_22.5245_ID_15-processed-gene-1.161&CDS=1-993
OG0003442	YOL108C	snap_masked-NODE_8_length_292075_cov_22.5245_ID_15-processed-gene-1.124-mRNA-1_1&gene=snap_masked-NODE_8_length_292075_cov_22.5245_ID_15-processed-gene-1.124&CDS=1-450
OG0003443	YOL110W	snap_masked-NODE_67_length_41826_cov_24.5933_ID_133-processed-gene-0.55-mRNA-1_1&gene=snap_masked-NODE_67_length_41826_cov_24.5933_ID_133-processed-gene-0.55&CDS=1-738
OG0003444	YOL111C	snap_masked-NODE_67_length_41826_cov_24.5933_ID_133-processed-gene-0.41-mRNA-1_1&gene=snap_masked-NODE_67_length_41826_cov_24.5933_ID_133-processed-gene-0.41&CDS=1-591
OG0003445	YOL114C	snap_masked-NODE_67_length_41826_cov_24.5933_ID_133-processed-gene-0.42-mRNA-1_1&gene=snap_masked-NODE_67_length_41826_cov_24.5933_ID_133-processed-gene-0.42&CDS=1-480
OG0003446	YOL116W	genemark-NODE_67_length_41826_cov_24.5933_ID_133-processed-gene-0.16-mRNA-1_1&gene=genemark-NODE_67_length_41826_cov_24.5933_ID_133-processed-gene-0.16&CDS=1-1044
OG0003447	YOL117W	snap_masked-NODE_67_length_41826_cov_24.5933_ID_133-processed-gene-0.59-mRNA-1_1&gene=snap_masked-NODE_67_length_41826_cov_24.5933_ID_133-processed-gene-0.59&CDS=1-1800
OG0003448	YOL122C	snap_masked-NODE_66_length_43350_cov_23.5093_ID_131-processed-gene-0.0-mRNA-1_1&gene=snap_masked-NODE_66_length_43350_cov_23.5093_ID_131-processed-gene-0.0&CDS=1-1719
OG0003449	YOL123W	snap_masked-NODE_66_length_43350_cov_23.5093_ID_131-processed-gene-0.12-mRNA-1_1&gene=snap_masked-NODE_66_length_43350_cov_23.5093_ID_131-processed-gene-0.12&CDS=1-1623
OG0003450	YOL124C	snap_masked-NODE_66_length_43350_cov_23.5093_ID_131-processed-gene-0.1-mRNA-1_1&gene=snap_masked-NODE_66_length_43350_cov_23.5093_ID_131-processed-gene-0.1&CDS=1-1317
OG0003451	YOL125W	snap_masked-NODE_66_length_43350_cov_23.5093_ID_131-processed-gene-0.13-mRNA-1_1&gene=snap_masked-NODE_66_length_43350_cov_23.5093_ID_131-processed-gene-0.13&CDS=1-1278
OG0003452	YOL126C	snap_masked-NODE_66_length_43350_cov_23.5093_ID_131-processed-gene-0.2-mRNA-1_1&gene=snap_masked-NODE_66_length_43350_cov_23.5093_ID_131-processed-gene-0.2&CDS=1-1095
OG0003453	YOL127W	snap_masked-NODE_28_length_123417_cov_23.6155_ID_55-processed-gene-0.10-mRNA-1_1&gene=snap_masked-NODE_28_length_123417_cov_23.6155_ID_55-processed-gene-0.10&CDS=1-426
OG0003454	YOL132W	maker-NODE_66_length_43350_cov_23.5093_ID_131-snap-gene-0.76-mRNA-1_1&gene=maker-NODE_66_length_43350_cov_23.5093_ID_131-snap-gene-0.76&CDS=1-1770
OG0003455	YOL133W	augustus_masked-NODE_66_length_43350_cov_23.5093_ID_131-processed-gene-0.42-mRNA-1_1&gene=augustus_masked-NODE_66_length_43350_cov_23.5093_ID_131-processed-gene-0.42&CDS=1-336
OG0003456	YOL135C	snap_masked-NODE_66_length_43350_cov_23.5093_ID_131-processed-gene-0.5-mRNA-1_1&gene=snap_masked-NODE_66_length_43350_cov_23.5093_ID_131-processed-gene-0.5&CDS=1-639
OG0003457	YOL137W	augustus_masked-NODE_66_length_43350_cov_23.5093_ID_131-processed-gene-0.44-mRNA-1_1&gene=augustus_masked-NODE_66_length_43350_cov_23.5093_ID_131-processed-gene-0.44&CDS=1-1413
OG0003458	YOL138C	snap_masked-NODE_66_length_43350_cov_23.5093_ID_131-processed-gene-0.6-mRNA-1_1&gene=snap_masked-NODE_66_length_43350_cov_23.5093_ID_131-processed-gene-0.6&CDS=1-3957
OG0003459	YOL139C	snap_masked-NODE_66_length_43350_cov_23.5093_ID_131-processed-gene-0.7-mRNA-1_1&gene=snap_masked-NODE_66_length_43350_cov_23.5093_ID_131-processed-gene-0.7&CDS=1-636
OG0003460	YOL140W	snap_masked-NODE_66_length_43350_cov_23.5093_ID_131-processed-gene-0.20-mRNA-1_1&gene=snap_masked-NODE_66_length_43350_cov_23.5093_ID_131-processed-gene-0.20&CDS=1-1278
OG0003461	YOL141W	snap_masked-NODE_66_length_43350_cov_23.5093_ID_131-processed-gene-0.22-mRNA-1_1&gene=snap_masked-NODE_66_length_43350_cov_23.5093_ID_131-processed-gene-0.22&CDS=1-2058
OG0003462	YOL142W	snap_masked-NODE_66_length_43350_cov_23.5093_ID_131-processed-gene-0.23-mRNA-1_1&gene=snap_masked-NODE_66_length_43350_cov_23.5093_ID_131-processed-gene-0.23&CDS=1-717
OG0003463	YOL143C	snap_masked-NODE_28_length_123417_cov_23.6155_ID_55-processed-gene-0.37-mRNA-1_1&gene=snap_masked-NODE_28_length_123417_cov_23.6155_ID_55-processed-gene-0.37&CDS=1-510
OG0003464	YOL144W	snap_masked-NODE_28_length_123417_cov_23.6155_ID_55-processed-gene-0.3-mRNA-1_1&gene=snap_masked-NODE_28_length_123417_cov_23.6155_ID_55-processed-gene-0.3&CDS=1-1476
OG0003465	YOL145C	snap_masked-NODE_28_length_123417_cov_23.6155_ID_55-processed-gene-0.36-mRNA-1_1&gene=snap_masked-NODE_28_length_123417_cov_23.6155_ID_55-processed-gene-0.36&CDS=1-3201
OG0003466	YOL146W	snap_masked-NODE_28_length_123417_cov_23.6155_ID_55-processed-gene-0.2-mRNA-1_1&gene=snap_masked-NODE_28_length_123417_cov_23.6155_ID_55-processed-gene-0.2&CDS=1-594
OG0003467	YOL147C	snap_masked-NODE_28_length_123417_cov_23.6155_ID_55-processed-gene-0.35-mRNA-1_1&gene=snap_masked-NODE_28_length_123417_cov_23.6155_ID_55-processed-gene-0.35&CDS=1-702
OG0003468	YOL148C	snap_masked-NODE_28_length_123417_cov_23.6155_ID_55-processed-gene-0.34-mRNA-1_1&gene=snap_masked-NODE_28_length_123417_cov_23.6155_ID_55-processed-gene-0.34&CDS=1-1698
OG0003469	YOL149W	snap_masked-NODE_28_length_123417_cov_23.6155_ID_55-processed-gene-0.1-mRNA-1_1&gene=snap_masked-NODE_28_length_123417_cov_23.6155_ID_55-processed-gene-0.1&CDS=1-585
OG0003470	YOR001W	snap_masked-NODE_32_length_114782_cov_21.7396_ID_63-processed-gene-0.74-mRNA-1_1&gene=snap_masked-NODE_32_length_114782_cov_21.7396_ID_63-processed-gene-0.74&CDS=1-2253
OG0003471	YOR002W	snap_masked-NODE_22_length_167286_cov_23.0006_ID_43-processed-gene-0.178-mRNA-1_1&gene=snap_masked-NODE_22_length_167286_cov_23.0006_ID_43-processed-gene-0.178&CDS=1-1668
OG0003472	YOR004W	snap_masked-NODE_22_length_167286_cov_23.0006_ID_43-processed-gene-0.177-mRNA-1_1&gene=snap_masked-NODE_22_length_167286_cov_23.0006_ID_43-processed-gene-0.177&CDS=1-825
OG0003473	YOR005C	snap_masked-NODE_22_length_167286_cov_23.0006_ID_43-processed-gene-0.123-mRNA-1_1&gene=snap_masked-NODE_22_length_167286_cov_23.0006_ID_43-processed-gene-0.123&CDS=1-2937
OG0003474	YOR006C	snap_masked-NODE_32_length_114782_cov_21.7396_ID_63-processed-gene-0.73-mRNA-1_1&gene=snap_masked-NODE_32_length_114782_cov_21.7396_ID_63-processed-gene-0.73&CDS=1-2541
OG0003475	YOR007C	snap_masked-NODE_32_length_114782_cov_21.7396_ID_63-processed-gene-0.72-mRNA-1_1&gene=snap_masked-NODE_32_length_114782_cov_21.7396_ID_63-processed-gene-0.72&CDS=1-987
OG0003476	YOR008C	snap_masked-NODE_18_length_183210_cov_20.8765_ID_35-processed-gene-0.195-mRNA-1_1&gene=snap_masked-NODE_18_length_183210_cov_20.8765_ID_35-processed-gene-0.195&CDS=1-1005
OG0003477	YOR014W	snap_masked-NODE_13_length_242978_cov_21.7015_ID_25-processed-gene-1.117-mRNA-1_1&gene=snap_masked-NODE_13_length_242978_cov_21.7015_ID_25-processed-gene-1.117&CDS=1-2112
OG0003478	YOR016C	snap_masked-NODE_34_length_108161_cov_25.3038_ID_67-processed-gene-0.146-mRNA-1_1&gene=snap_masked-NODE_34_length_108161_cov_25.3038_ID_67-processed-gene-0.146&CDS=1-621
OG0003479	YOR017W	snap_masked-NODE_13_length_242978_cov_21.7015_ID_25-processed-gene-1.118-mRNA-1_1&gene=snap_masked-NODE_13_length_242978_cov_21.7015_ID_25-processed-gene-1.118&CDS=1-2136
OG0003480	YOR018W	snap_masked-NODE_1_length_611906_cov_21.093_ID_1-processed-gene-3.88-mRNA-1_1&gene=snap_masked-NODE_1_length_611906_cov_21.093_ID_1-processed-gene-3.88&CDS=1-2349
OG0003481	YOR020C	snap_masked-NODE_10_length_278180_cov_22.5073_ID_19-processed-gene-0.11-mRNA-1_1&gene=snap_masked-NODE_10_length_278180_cov_22.5073_ID_19-processed-gene-0.11&CDS=1-315
OG0003482	YOR021C	snap_masked-NODE_10_length_278180_cov_22.5073_ID_19-processed-gene-0.10-mRNA-1_1&gene=snap_masked-NODE_10_length_278180_cov_22.5073_ID_19-processed-gene-0.10&CDS=1-639
OG0003483	YOR022C	snap_masked-NODE_14_length_224486_cov_20.7905_ID_27-processed-gene-1.118-mRNA-1_1&gene=snap_masked-NODE_14_length_224486_cov_20.7905_ID_27-processed-gene-1.118&CDS=1-1983
OG0003484	YOR023C	snap_masked-NODE_14_length_224486_cov_20.7905_ID_27-processed-gene-1.117-mRNA-1_1&gene=snap_masked-NODE_14_length_224486_cov_20.7905_ID_27-processed-gene-1.117&CDS=1-1839
OG0003485	YOR025W	snap_masked-NODE_14_length_224486_cov_20.7905_ID_27-processed-gene-1.120-mRNA-1_1&gene=snap_masked-NODE_14_length_224486_cov_20.7905_ID_27-processed-gene-1.120&CDS=1-1422
OG0003486	YOR026W	snap_masked-NODE_14_length_224486_cov_20.7905_ID_27-processed-gene-1.121-mRNA-1_1&gene=snap_masked-NODE_14_length_224486_cov_20.7905_ID_27-processed-gene-1.121&CDS=1-978
OG0003487	YOR027W	snap_masked-NODE_14_length_224486_cov_20.7905_ID_27-processed-gene-1.122-mRNA-1_1&gene=snap_masked-NODE_14_length_224486_cov_20.7905_ID_27-processed-gene-1.122&CDS=1-1749
OG0003488	YOR028C	augustus_masked-NODE_14_length_224486_cov_20.7905_ID_27-processed-gene-1.231-mRNA-1_1&gene=augustus_masked-NODE_14_length_224486_cov_20.7905_ID_27-processed-gene-1.231&CDS=1-804
OG0003489	YOR030W	augustus_masked-NODE_14_length_224486_cov_20.7905_ID_27-processed-gene-1.199-mRNA-1_1&gene=augustus_masked-NODE_14_length_224486_cov_20.7905_ID_27-processed-gene-1.199&CDS=1-1866
OG0003490	YOR032C	snap_masked-NODE_14_length_224486_cov_20.7905_ID_27-processed-gene-1.161-mRNA-1_1&gene=snap_masked-NODE_14_length_224486_cov_20.7905_ID_27-processed-gene-1.161&CDS=1-873
OG0003491	YOR033C	genemark-NODE_14_length_224486_cov_20.7905_ID_27-processed-gene-1.72-mRNA-1_1&gene=genemark-NODE_14_length_224486_cov_20.7905_ID_27-processed-gene-1.72&CDS=1-1887
OG0003492	YOR036W	maker-NODE_14_length_224486_cov_20.7905_ID_27-snap-gene-1.86-mRNA-1_1&gene=maker-NODE_14_length_224486_cov_20.7905_ID_27-snap-gene-1.86&CDS=1-1800
OG0003493	YOR038C	snap_masked-NODE_14_length_224486_cov_20.7905_ID_27-processed-gene-1.166-mRNA-1_1&gene=snap_masked-NODE_14_length_224486_cov_20.7905_ID_27-processed-gene-1.166&CDS=1-2634
OG0003494	YOR039W	snap_masked-NODE_14_length_224486_cov_20.7905_ID_27-processed-gene-1.125-mRNA-1_1&gene=snap_masked-NODE_14_length_224486_cov_20.7905_ID_27-processed-gene-1.125&CDS=1-768
OG0003495	YOR042W	snap_masked-NODE_14_length_224486_cov_20.7905_ID_27-processed-gene-1.127-mRNA-1_1&gene=snap_masked-NODE_14_length_224486_cov_20.7905_ID_27-processed-gene-1.127&CDS=1-1335
OG0003496	YOR043W	snap_masked-NODE_14_length_224486_cov_20.7905_ID_27-processed-gene-1.129-mRNA-1_1&gene=snap_masked-NODE_14_length_224486_cov_20.7905_ID_27-processed-gene-1.129&CDS=1-1335
OG0003497	YOR045W	snap_masked-NODE_14_length_224486_cov_20.7905_ID_27-processed-gene-1.130-mRNA-1_1&gene=snap_masked-NODE_14_length_224486_cov_20.7905_ID_27-processed-gene-1.130&CDS=1-186
OG0003498	YOR046C	snap_masked-NODE_14_length_224486_cov_20.7905_ID_27-processed-gene-1.167-mRNA-1_1&gene=snap_masked-NODE_14_length_224486_cov_20.7905_ID_27-processed-gene-1.167&CDS=1-1467
OG0003499	YOR047C	genemark-NODE_6_length_297843_cov_20.8202_ID_11-processed-gene-0.17-mRNA-1_1&gene=genemark-NODE_6_length_297843_cov_20.8202_ID_11-processed-gene-0.17&CDS=1-1251
OG0003500	YOR048C	augustus_masked-NODE_84_length_20606_cov_21.5516_ID_167-processed-gene-0.14-mRNA-1_1&gene=augustus_masked-NODE_84_length_20606_cov_21.5516_ID_167-processed-gene-0.14&CDS=1-5283
OG0003501	YOR052C	snap_masked-NODE_84_length_20606_cov_21.5516_ID_167-processed-gene-0.20-mRNA-1_1&gene=snap_masked-NODE_84_length_20606_cov_21.5516_ID_167-processed-gene-0.20&CDS=1-432
OG0003502	YOR056C	snap_masked-NODE_10_length_278180_cov_22.5073_ID_19-processed-gene-0.46-mRNA-1_1&gene=snap_masked-NODE_10_length_278180_cov_22.5073_ID_19-processed-gene-0.46&CDS=1-1380
OG0003503	YOR057W	augustus_masked-NODE_10_length_278180_cov_22.5073_ID_19-processed-gene-0.66-mRNA-1_1&gene=augustus_masked-NODE_10_length_278180_cov_22.5073_ID_19-processed-gene-0.66&CDS=1-1050
OG0003504	YOR059C	augustus_masked-NODE_88_length_16995_cov_24.747_ID_175-processed-gene-0.16-mRNA-1_1&gene=augustus_masked-NODE_88_length_16995_cov_24.747_ID_175-processed-gene-0.16&CDS=1-1377
OG0003505	YOR060C	augustus_masked-NODE_88_length_16995_cov_24.747_ID_175-processed-gene-0.17-mRNA-1_1&gene=augustus_masked-NODE_88_length_16995_cov_24.747_ID_175-processed-gene-0.17&CDS=1-618
OG0003506	YOR061W	snap_masked-NODE_88_length_16995_cov_24.747_ID_175-processed-gene-0.22-mRNA-1_1&gene=snap_masked-NODE_88_length_16995_cov_24.747_ID_175-processed-gene-0.22&CDS=1-1017
OG0003507	YOR063W	snap_masked-NODE_88_length_16995_cov_24.747_ID_175-processed-gene-0.23-mRNA-1_1&gene=snap_masked-NODE_88_length_16995_cov_24.747_ID_175-processed-gene-0.23&CDS=1-1164
OG0003508	YOR064C	snap_masked-NODE_88_length_16995_cov_24.747_ID_175-processed-gene-0.29-mRNA-1_1&gene=snap_masked-NODE_88_length_16995_cov_24.747_ID_175-processed-gene-0.29&CDS=1-426
OG0003509	YOR065W	snap_masked-NODE_70_length_34369_cov_23.842_ID_139-processed-gene-0.37-mRNA-1_1&gene=snap_masked-NODE_70_length_34369_cov_23.842_ID_139-processed-gene-0.37&CDS=1-915
OG0003510	YOR066W	snap_masked-NODE_70_length_34369_cov_23.842_ID_139-processed-gene-0.36-mRNA-1_1&gene=snap_masked-NODE_70_length_34369_cov_23.842_ID_139-processed-gene-0.36&CDS=1-1197
OG0003511	YOR067C	snap_masked-NODE_70_length_34369_cov_23.842_ID_139-processed-gene-0.27-mRNA-1_1&gene=snap_masked-NODE_70_length_34369_cov_23.842_ID_139-processed-gene-0.27&CDS=1-1674
OG0003512	YOR069W	augustus_masked-NODE_70_length_34369_cov_23.842_ID_139-processed-gene-0.53-mRNA-1_1&gene=augustus_masked-NODE_70_length_34369_cov_23.842_ID_139-processed-gene-0.53&CDS=1-1935
OG0003513	YOR070C	snap_masked-NODE_70_length_34369_cov_23.842_ID_139-processed-gene-0.26-mRNA-1_1&gene=snap_masked-NODE_70_length_34369_cov_23.842_ID_139-processed-gene-0.26&CDS=1-1908
OG0003514	YOR073W	snap_masked-NODE_70_length_34369_cov_23.842_ID_139-processed-gene-0.34-mRNA-1_1&gene=snap_masked-NODE_70_length_34369_cov_23.842_ID_139-processed-gene-0.34&CDS=1-1491
OG0003515	YOR074C	snap_masked-NODE_50_length_70364_cov_20.7158_ID_99-processed-gene-0.66-mRNA-1_1&gene=snap_masked-NODE_50_length_70364_cov_20.7158_ID_99-processed-gene-0.66&CDS=1-915
OG0003516	YOR075W	snap_masked-NODE_50_length_70364_cov_20.7158_ID_99-processed-gene-0.81-mRNA-1_1&gene=snap_masked-NODE_50_length_70364_cov_20.7158_ID_99-processed-gene-0.81&CDS=1-1047
OG0003517	YOR077W	snap_masked-NODE_70_length_34369_cov_23.842_ID_139-processed-gene-0.33-mRNA-1_1&gene=snap_masked-NODE_70_length_34369_cov_23.842_ID_139-processed-gene-0.33&CDS=1-714
OG0003518	YOR078W	snap_masked-NODE_70_length_34369_cov_23.842_ID_139-processed-gene-0.32-mRNA-1_1&gene=snap_masked-NODE_70_length_34369_cov_23.842_ID_139-processed-gene-0.32&CDS=1-645
OG0003519	YOR079C	snap_masked-NODE_70_length_34369_cov_23.842_ID_139-processed-gene-0.23-mRNA-1_1&gene=snap_masked-NODE_70_length_34369_cov_23.842_ID_139-processed-gene-0.23&CDS=1-1014
OG0003520	YOR080W	snap_masked-NODE_70_length_34369_cov_23.842_ID_139-processed-gene-0.31-mRNA-1_1&gene=snap_masked-NODE_70_length_34369_cov_23.842_ID_139-processed-gene-0.31&CDS=1-2067
OG0003521	YOR085W	augustus_masked-NODE_1_length_611906_cov_21.093_ID_1-processed-gene-1.67-mRNA-1_1&gene=augustus_masked-NODE_1_length_611906_cov_21.093_ID_1-processed-gene-1.67&CDS=1-1038
OG0003522	YOR086C	snap_masked-NODE_1_length_611906_cov_21.093_ID_1-processed-gene-1.85-mRNA-1_1&gene=snap_masked-NODE_1_length_611906_cov_21.093_ID_1-processed-gene-1.85&CDS=1-3537
OG0003523	YOR087W	snap_masked-NODE_2_length_515064_cov_21.8181_ID_3-processed-gene-3.54-mRNA-1_1&gene=snap_masked-NODE_2_length_515064_cov_21.8181_ID_3-processed-gene-3.54&CDS=1-2022
OG0003524	YOR089C	snap_masked-NODE_2_length_515064_cov_21.8181_ID_3-processed-gene-3.70-mRNA-1_1&gene=snap_masked-NODE_2_length_515064_cov_21.8181_ID_3-processed-gene-3.70&CDS=1-633
OG0003525	YOR090C	snap_masked-NODE_2_length_515064_cov_21.8181_ID_3-processed-gene-3.71-mRNA-1_1&gene=snap_masked-NODE_2_length_515064_cov_21.8181_ID_3-processed-gene-3.71&CDS=1-1437
OG0003526	YOR091W	snap_masked-NODE_2_length_515064_cov_21.8181_ID_3-processed-gene-3.55-mRNA-1_1&gene=snap_masked-NODE_2_length_515064_cov_21.8181_ID_3-processed-gene-3.55&CDS=1-1029
OG0003527	YOR092W	snap_masked-NODE_42_length_89786_cov_21.7221_ID_83-processed-gene-0.88-mRNA-1_1&gene=snap_masked-NODE_42_length_89786_cov_21.7221_ID_83-processed-gene-0.88&CDS=1-1824
OG0003528	YOR093C	snap_masked-NODE_42_length_89786_cov_21.7221_ID_83-processed-gene-0.60-mRNA-1_1&gene=snap_masked-NODE_42_length_89786_cov_21.7221_ID_83-processed-gene-0.60&CDS=1-4935
OG0003529	YOR094W	snap_masked-NODE_42_length_89786_cov_21.7221_ID_83-processed-gene-0.87-mRNA-1_1&gene=snap_masked-NODE_42_length_89786_cov_21.7221_ID_83-processed-gene-0.87&CDS=1-543
OG0003530	YOR095C	snap_masked-NODE_42_length_89786_cov_21.7221_ID_83-processed-gene-0.59-mRNA-1_1&gene=snap_masked-NODE_42_length_89786_cov_21.7221_ID_83-processed-gene-0.59&CDS=1-771
OG0003531	YOR098C	snap_masked-NODE_42_length_89786_cov_21.7221_ID_83-processed-gene-0.57-mRNA-1_1&gene=snap_masked-NODE_42_length_89786_cov_21.7221_ID_83-processed-gene-0.57&CDS=1-2604
OG0003532	YOR100C	augustus_masked-NODE_42_length_89786_cov_21.7221_ID_83-processed-gene-0.9-mRNA-1_1&gene=augustus_masked-NODE_42_length_89786_cov_21.7221_ID_83-processed-gene-0.9&CDS=1-945
OG0003533	YOR103C	augustus_masked-NODE_9_length_289189_cov_21.4249_ID_17-processed-gene-1.125-mRNA-1_1&gene=augustus_masked-NODE_9_length_289189_cov_21.4249_ID_17-processed-gene-1.125&CDS=1-393
OG0003534	YOR107W	snap_masked-NODE_42_length_89786_cov_21.7221_ID_83-processed-gene-0.85-mRNA-1_1&gene=snap_masked-NODE_42_length_89786_cov_21.7221_ID_83-processed-gene-0.85&CDS=1-816
OG0003535	YOR111W	snap_masked-NODE_42_length_89786_cov_21.7221_ID_83-processed-gene-0.81-mRNA-1_1&gene=snap_masked-NODE_42_length_89786_cov_21.7221_ID_83-processed-gene-0.81&CDS=1-645
OG0003536	YOR112W	snap_masked-NODE_42_length_89786_cov_21.7221_ID_83-processed-gene-0.80-mRNA-1_1&gene=snap_masked-NODE_42_length_89786_cov_21.7221_ID_83-processed-gene-0.80&CDS=1-2151
OG0003537	YOR115C	snap_masked-NODE_42_length_89786_cov_21.7221_ID_83-processed-gene-0.54-mRNA-1_1&gene=snap_masked-NODE_42_length_89786_cov_21.7221_ID_83-processed-gene-0.54&CDS=1-777
OG0003538	YOR116C	snap_masked-NODE_64_length_46853_cov_20.8585_ID_127-processed-gene-0.30-mRNA-1_1&gene=snap_masked-NODE_64_length_46853_cov_20.8585_ID_127-processed-gene-0.30&CDS=1-4380
OG0003539	YOR117W	snap_masked-NODE_4_length_372424_cov_21.2575_ID_7-processed-gene-2.233-mRNA-1_1&gene=snap_masked-NODE_4_length_372424_cov_21.2575_ID_7-processed-gene-2.233&CDS=1-1344
OG0003540	YOR118W	snap_masked-NODE_64_length_46853_cov_20.8585_ID_127-processed-gene-0.23-mRNA-1_1&gene=snap_masked-NODE_64_length_46853_cov_20.8585_ID_127-processed-gene-0.23&CDS=1-1707
OG0003541	YOR119C	snap_masked-NODE_4_length_372424_cov_21.2575_ID_7-processed-gene-2.187-mRNA-1_1&gene=snap_masked-NODE_4_length_372424_cov_21.2575_ID_7-processed-gene-2.187&CDS=1-1521
OG0003542	YOR120W	snap_masked-NODE_4_length_372424_cov_21.2575_ID_7-processed-gene-2.231-mRNA-1_1&gene=snap_masked-NODE_4_length_372424_cov_21.2575_ID_7-processed-gene-2.231&CDS=1-933
OG0003543	YOR122C	snap_masked-NODE_64_length_46853_cov_20.8585_ID_127-processed-gene-0.31-mRNA-1_1&gene=snap_masked-NODE_64_length_46853_cov_20.8585_ID_127-processed-gene-0.31&CDS=1-378
OG0003544	YOR123C	snap_masked-NODE_64_length_46853_cov_20.8585_ID_127-processed-gene-0.32-mRNA-1_1&gene=snap_masked-NODE_64_length_46853_cov_20.8585_ID_127-processed-gene-0.32&CDS=1-1317
OG0003545	YOR124C	snap_masked-NODE_64_length_46853_cov_20.8585_ID_127-processed-gene-0.34-mRNA-1_1&gene=snap_masked-NODE_64_length_46853_cov_20.8585_ID_127-processed-gene-0.34&CDS=1-3723
OG0003546	YOR125C	snap_masked-NODE_64_length_46853_cov_20.8585_ID_127-processed-gene-0.35-mRNA-1_1&gene=snap_masked-NODE_64_length_46853_cov_20.8585_ID_127-processed-gene-0.35&CDS=1-693
OG0003547	YOR126C	snap_masked-NODE_64_length_46853_cov_20.8585_ID_127-processed-gene-0.37-mRNA-1_1&gene=snap_masked-NODE_64_length_46853_cov_20.8585_ID_127-processed-gene-0.37&CDS=1-693
OG0003548	YOR128C	snap_masked-NODE_64_length_46853_cov_20.8585_ID_127-processed-gene-0.38-mRNA-1_1&gene=snap_masked-NODE_64_length_46853_cov_20.8585_ID_127-processed-gene-0.38&CDS=1-1716
OG0003549	YOR129C	snap_masked-NODE_64_length_46853_cov_20.8585_ID_127-processed-gene-0.39-mRNA-1_1&gene=snap_masked-NODE_64_length_46853_cov_20.8585_ID_127-processed-gene-0.39&CDS=1-2454
OG0003550	YOR131C	snap_masked-NODE_64_length_46853_cov_20.8585_ID_127-processed-gene-0.41-mRNA-1_1&gene=snap_masked-NODE_64_length_46853_cov_20.8585_ID_127-processed-gene-0.41&CDS=1-660
OG0003551	YOR132W	snap_masked-NODE_64_length_46853_cov_20.8585_ID_127-processed-gene-0.25-mRNA-1_1&gene=snap_masked-NODE_64_length_46853_cov_20.8585_ID_127-processed-gene-0.25&CDS=1-1608
OG0003552	YOR138C	snap_masked-NODE_64_length_46853_cov_20.8585_ID_127-processed-gene-0.42-mRNA-1_1&gene=snap_masked-NODE_64_length_46853_cov_20.8585_ID_127-processed-gene-0.42&CDS=1-1803
OG0003553	YOR140W	snap_masked-NODE_64_length_46853_cov_20.8585_ID_127-processed-gene-0.28-mRNA-1_1&gene=snap_masked-NODE_64_length_46853_cov_20.8585_ID_127-processed-gene-0.28&CDS=1-2190
OG0003554	YOR141C	augustus_masked-NODE_64_length_46853_cov_20.8585_ID_127-processed-gene-0.62-mRNA-1_1&gene=augustus_masked-NODE_64_length_46853_cov_20.8585_ID_127-processed-gene-0.62&CDS=1-2685
OG0003555	YOR142W	snap_masked-NODE_64_length_46853_cov_20.8585_ID_127-processed-gene-0.29-mRNA-1_1&gene=snap_masked-NODE_64_length_46853_cov_20.8585_ID_127-processed-gene-0.29&CDS=1-987
OG0003556	YOR143C	genemark-NODE_39_length_94383_cov_19.9911_ID_77-processed-gene-0.121-mRNA-1_1&gene=genemark-NODE_39_length_94383_cov_19.9911_ID_77-processed-gene-0.121&CDS=1-951
OG0003557	YOR144C	augustus_masked-NODE_39_length_94383_cov_19.9911_ID_77-processed-gene-0.70-mRNA-1_1&gene=augustus_masked-NODE_39_length_94383_cov_19.9911_ID_77-processed-gene-0.70&CDS=1-2292
OG0003558	YOR145C	snap_masked-NODE_4_length_372424_cov_21.2575_ID_7-processed-gene-2.173-mRNA-1_1&gene=snap_masked-NODE_4_length_372424_cov_21.2575_ID_7-processed-gene-2.173&CDS=1-807
OG0003559	YOR147W	snap_masked-NODE_39_length_94383_cov_19.9911_ID_77-processed-gene-0.48-mRNA-1_1&gene=snap_masked-NODE_39_length_94383_cov_19.9911_ID_77-processed-gene-0.48&CDS=1-1683
OG0003560	YOR148C	snap_masked-NODE_39_length_94383_cov_19.9911_ID_77-processed-gene-0.21-mRNA-1_1&gene=snap_masked-NODE_39_length_94383_cov_19.9911_ID_77-processed-gene-0.21&CDS=1-507
OG0003561	YOR149C	genemark-NODE_4_length_372424_cov_21.2575_ID_7-processed-gene-1.118-mRNA-1_1&gene=genemark-NODE_4_length_372424_cov_21.2575_ID_7-processed-gene-1.118&CDS=1-978
OG0003562	YOR150W	snap_masked-NODE_39_length_94383_cov_19.9911_ID_77-processed-gene-0.46-mRNA-1_1&gene=snap_masked-NODE_39_length_94383_cov_19.9911_ID_77-processed-gene-0.46&CDS=1-492
OG0003563	YOR151C	snap_masked-NODE_39_length_94383_cov_19.9911_ID_77-processed-gene-0.20-mRNA-1_1&gene=snap_masked-NODE_39_length_94383_cov_19.9911_ID_77-processed-gene-0.20&CDS=1-3657
OG0003564	YOR155C	snap_masked-NODE_39_length_94383_cov_19.9911_ID_77-processed-gene-0.18-mRNA-1_1&gene=snap_masked-NODE_39_length_94383_cov_19.9911_ID_77-processed-gene-0.18&CDS=1-1359
OG0003565	YOR157C	snap_masked-NODE_39_length_94383_cov_19.9911_ID_77-processed-gene-0.41-mRNA-1_1&gene=snap_masked-NODE_39_length_94383_cov_19.9911_ID_77-processed-gene-0.41&CDS=1-786
OG0003566	YOR158W	snap_masked-NODE_39_length_94383_cov_19.9911_ID_77-processed-gene-0.15-mRNA-1_1&gene=snap_masked-NODE_39_length_94383_cov_19.9911_ID_77-processed-gene-0.15&CDS=1-882
OG0003567	YOR159C	snap_masked-NODE_39_length_94383_cov_19.9911_ID_77-processed-gene-0.43-mRNA-1_1&gene=snap_masked-NODE_39_length_94383_cov_19.9911_ID_77-processed-gene-0.43&CDS=1-285
OG0003568	YOR160W	augustus_masked-NODE_39_length_94383_cov_19.9911_ID_77-processed-gene-0.64-mRNA-1_1&gene=augustus_masked-NODE_39_length_94383_cov_19.9911_ID_77-processed-gene-0.64&CDS=1-2958
OG0003569	YOR161C	augustus_masked-NODE_39_length_94383_cov_19.9911_ID_77-processed-gene-0.94-mRNA-1_1&gene=augustus_masked-NODE_39_length_94383_cov_19.9911_ID_77-processed-gene-0.94&CDS=1-1680
OG0003570	YOR163W	snap_masked-NODE_79_length_25970_cov_21.2646_ID_157-processed-gene-0.38-mRNA-1_1&gene=snap_masked-NODE_79_length_25970_cov_21.2646_ID_157-processed-gene-0.38&CDS=1-525
OG0003571	YOR164C	snap_masked-NODE_79_length_25970_cov_21.2646_ID_157-processed-gene-0.31-mRNA-1_1&gene=snap_masked-NODE_79_length_25970_cov_21.2646_ID_157-processed-gene-0.31&CDS=1-957
OG0003572	YOR165W	snap_masked-NODE_79_length_25970_cov_21.2646_ID_157-processed-gene-0.37-mRNA-1_1&gene=snap_masked-NODE_79_length_25970_cov_21.2646_ID_157-processed-gene-0.37&CDS=1-2301
OG0003573	YOR168W	snap_masked-NODE_79_length_25970_cov_21.2646_ID_157-processed-gene-0.36-mRNA-1_1&gene=snap_masked-NODE_79_length_25970_cov_21.2646_ID_157-processed-gene-0.36&CDS=1-2403
OG0003574	YOR174W	snap_masked-NODE_79_length_25970_cov_21.2646_ID_157-processed-gene-0.34-mRNA-1_1&gene=snap_masked-NODE_79_length_25970_cov_21.2646_ID_157-processed-gene-0.34&CDS=1-837
OG0003575	YOR175C	snap_masked-NODE_79_length_25970_cov_21.2646_ID_157-processed-gene-0.39-mRNA-1_1&gene=snap_masked-NODE_79_length_25970_cov_21.2646_ID_157-processed-gene-0.39&CDS=1-1872
OG0003576	YOR176W	snap_masked-NODE_79_length_25970_cov_21.2646_ID_157-processed-gene-0.35-mRNA-1_1&gene=snap_masked-NODE_79_length_25970_cov_21.2646_ID_157-processed-gene-0.35&CDS=1-1164
OG0003577	YOR181W	augustus_masked-NODE_51_length_67151_cov_20.3142_ID_101-processed-gene-0.64-mRNA-1_1&gene=augustus_masked-NODE_51_length_67151_cov_20.3142_ID_101-processed-gene-0.64&CDS=1-1839
OG0003578	YOR184W	snap_masked-NODE_51_length_67151_cov_20.3142_ID_101-processed-gene-0.37-mRNA-1_1&gene=snap_masked-NODE_51_length_67151_cov_20.3142_ID_101-processed-gene-0.37&CDS=1-1203
OG0003579	YOR187W	snap_masked-NODE_51_length_67151_cov_20.3142_ID_101-processed-gene-0.36-mRNA-1_1&gene=snap_masked-NODE_51_length_67151_cov_20.3142_ID_101-processed-gene-0.36&CDS=1-1296
OG0003580	YOR188W	maker-NODE_51_length_67151_cov_20.3142_ID_101-snap-gene-0.3-mRNA-1_1&gene=maker-NODE_51_length_67151_cov_20.3142_ID_101-snap-gene-0.3&CDS=1-3411
OG0003581	YOR191W	snap_masked-NODE_51_length_67151_cov_20.3142_ID_101-processed-gene-0.31-mRNA-1_1&gene=snap_masked-NODE_51_length_67151_cov_20.3142_ID_101-processed-gene-0.31&CDS=1-5061
OG0003582	YOR194C	snap_masked-NODE_16_length_197293_cov_20.9529_ID_31-processed-gene-0.168-mRNA-1_1&gene=snap_masked-NODE_16_length_197293_cov_20.9529_ID_31-processed-gene-0.168&CDS=1-822
OG0003583	YOR195W	snap_masked-NODE_26_length_129937_cov_20.3153_ID_51-processed-gene-0.47-mRNA-1_1&gene=snap_masked-NODE_26_length_129937_cov_20.3153_ID_51-processed-gene-0.47&CDS=1-2322
OG0003584	YOR196C	snap_masked-NODE_26_length_129937_cov_20.3153_ID_51-processed-gene-0.78-mRNA-1_1&gene=snap_masked-NODE_26_length_129937_cov_20.3153_ID_51-processed-gene-0.78&CDS=1-1128
OG0003585	YOR197W	snap_masked-NODE_26_length_129937_cov_20.3153_ID_51-processed-gene-0.48-mRNA-1_1&gene=snap_masked-NODE_26_length_129937_cov_20.3153_ID_51-processed-gene-0.48&CDS=1-1227
OG0003586	YOR198C	snap_masked-NODE_26_length_129937_cov_20.3153_ID_51-processed-gene-0.79-mRNA-1_1&gene=snap_masked-NODE_26_length_129937_cov_20.3153_ID_51-processed-gene-0.79&CDS=1-1422
OG0003587	YOR201C	snap_masked-NODE_222_length_1523_cov_18.209_ID_443-processed-gene-0.1-mRNA-1_1&gene=snap_masked-NODE_222_length_1523_cov_18.209_ID_443-processed-gene-0.1&CDS=1-1212
OG0003588	YOR202W	augustus_masked-NODE_11_length_248256_cov_21.6689_ID_21-processed-gene-0.60-mRNA-1_1&gene=augustus_masked-NODE_11_length_248256_cov_21.6689_ID_21-processed-gene-0.60&CDS=1-606
OG0003589	YOR205C	snap_masked-NODE_11_length_248256_cov_21.6689_ID_21-processed-gene-0.37-mRNA-1_1&gene=snap_masked-NODE_11_length_248256_cov_21.6689_ID_21-processed-gene-0.37&CDS=1-1674
OG0003590	YOR206W	snap_masked-NODE_11_length_248256_cov_21.6689_ID_21-processed-gene-0.9-mRNA-1_1&gene=snap_masked-NODE_11_length_248256_cov_21.6689_ID_21-processed-gene-0.9&CDS=1-2061
OG0003591	YOR207C	snap_masked-NODE_11_length_248256_cov_21.6689_ID_21-processed-gene-0.38-mRNA-1_1&gene=snap_masked-NODE_11_length_248256_cov_21.6689_ID_21-processed-gene-0.38&CDS=1-3441
OG0003592	YOR209C	snap_masked-NODE_16_length_197293_cov_20.9529_ID_31-processed-gene-0.102-mRNA-1_1&gene=snap_masked-NODE_16_length_197293_cov_20.9529_ID_31-processed-gene-0.102&CDS=1-1290
OG0003593	YOR210W	snap_masked-NODE_16_length_197293_cov_20.9529_ID_31-processed-gene-0.164-mRNA-1_1&gene=snap_masked-NODE_16_length_197293_cov_20.9529_ID_31-processed-gene-0.164&CDS=1-210
OG0003594	YOR211C	snap_masked-NODE_11_length_248256_cov_21.6689_ID_21-processed-gene-0.39-mRNA-1_1&gene=snap_masked-NODE_11_length_248256_cov_21.6689_ID_21-processed-gene-0.39&CDS=1-2550
OG0003595	YOR212W	snap_masked-NODE_11_length_248256_cov_21.6689_ID_21-processed-gene-0.12-mRNA-1_1&gene=snap_masked-NODE_11_length_248256_cov_21.6689_ID_21-processed-gene-0.12&CDS=1-1260
OG0003596	YOR215C	snap_masked-NODE_11_length_248256_cov_21.6689_ID_21-processed-gene-0.43-mRNA-1_1&gene=snap_masked-NODE_11_length_248256_cov_21.6689_ID_21-processed-gene-0.43&CDS=1-546
OG0003597	YOR216C	snap_masked-NODE_11_length_248256_cov_21.6689_ID_21-processed-gene-0.44-mRNA-1_1&gene=snap_masked-NODE_11_length_248256_cov_21.6689_ID_21-processed-gene-0.44&CDS=1-1557
OG0003598	YOR217W	snap_masked-NODE_11_length_248256_cov_21.6689_ID_21-processed-gene-0.13-mRNA-1_1&gene=snap_masked-NODE_11_length_248256_cov_21.6689_ID_21-processed-gene-0.13&CDS=1-2622
OG0003599	YOR219C	snap_masked-NODE_16_length_197293_cov_20.9529_ID_31-processed-gene-0.98-mRNA-1_1&gene=snap_masked-NODE_16_length_197293_cov_20.9529_ID_31-processed-gene-0.98&CDS=1-2604
OG0003600	YOR220W	snap_masked-NODE_11_length_248256_cov_21.6689_ID_21-processed-gene-0.14-mRNA-1_1&gene=snap_masked-NODE_11_length_248256_cov_21.6689_ID_21-processed-gene-0.14&CDS=1-669
OG0003601	YOR221C	snap_masked-NODE_11_length_248256_cov_21.6689_ID_21-processed-gene-0.45-mRNA-1_1&gene=snap_masked-NODE_11_length_248256_cov_21.6689_ID_21-processed-gene-0.45&CDS=1-1038
OG0003602	YOR223W	snap_masked-NODE_11_length_248256_cov_21.6689_ID_21-processed-gene-0.15-mRNA-1_1&gene=snap_masked-NODE_11_length_248256_cov_21.6689_ID_21-processed-gene-0.15&CDS=1-732
OG0003603	YOR224C	snap_masked-NODE_11_length_248256_cov_21.6689_ID_21-processed-gene-0.46-mRNA-1_1&gene=snap_masked-NODE_11_length_248256_cov_21.6689_ID_21-processed-gene-0.46&CDS=1-441
OG0003604	YOR226C	augustus_masked-NODE_11_length_248256_cov_21.6689_ID_21-processed-gene-0.98-mRNA-1_1&gene=augustus_masked-NODE_11_length_248256_cov_21.6689_ID_21-processed-gene-0.98&CDS=1-489
OG0003605	YOR236W	snap_masked-NODE_11_length_248256_cov_21.6689_ID_21-processed-gene-0.22-mRNA-1_1&gene=snap_masked-NODE_11_length_248256_cov_21.6689_ID_21-processed-gene-0.22&CDS=1-639
OG0003606	YOR239W	snap_masked-NODE_11_length_248256_cov_21.6689_ID_21-processed-gene-0.27-mRNA-1_1&gene=snap_masked-NODE_11_length_248256_cov_21.6689_ID_21-processed-gene-0.27&CDS=1-1029
OG0003607	YOR241W	augustus_masked-NODE_11_length_248256_cov_21.6689_ID_21-processed-gene-0.80-mRNA-1_1&gene=augustus_masked-NODE_11_length_248256_cov_21.6689_ID_21-processed-gene-0.80&CDS=1-1470
OG0003608	YOR242C	snap_masked-NODE_11_length_248256_cov_21.6689_ID_21-processed-gene-0.50-mRNA-1_1&gene=snap_masked-NODE_11_length_248256_cov_21.6689_ID_21-processed-gene-0.50&CDS=1-1125
OG0003609	YOR243C	snap_masked-NODE_11_length_248256_cov_21.6689_ID_21-processed-gene-0.51-mRNA-1_1&gene=snap_masked-NODE_11_length_248256_cov_21.6689_ID_21-processed-gene-0.51&CDS=1-2022
OG0003610	YOR245C	snap_masked-NODE_11_length_248256_cov_21.6689_ID_21-processed-gene-0.52-mRNA-1_1&gene=snap_masked-NODE_11_length_248256_cov_21.6689_ID_21-processed-gene-0.52&CDS=1-1308
OG0003611	YOR249C	snap_masked-NODE_11_length_248256_cov_21.6689_ID_21-processed-gene-0.55-mRNA-1_1&gene=snap_masked-NODE_11_length_248256_cov_21.6689_ID_21-processed-gene-0.55&CDS=1-1962
OG0003612	YOR250C	snap_masked-NODE_11_length_248256_cov_21.6689_ID_21-processed-gene-0.56-mRNA-1_1&gene=snap_masked-NODE_11_length_248256_cov_21.6689_ID_21-processed-gene-0.56&CDS=1-1377
OG0003613	YOR251C	snap_masked-NODE_11_length_248256_cov_21.6689_ID_21-processed-gene-0.57-mRNA-1_1&gene=snap_masked-NODE_11_length_248256_cov_21.6689_ID_21-processed-gene-0.57&CDS=1-906
OG0003614	YOR252W	snap_masked-NODE_11_length_248256_cov_21.6689_ID_21-processed-gene-0.32-mRNA-1_1&gene=snap_masked-NODE_11_length_248256_cov_21.6689_ID_21-processed-gene-0.32&CDS=1-564
OG0003615	YOR253W	snap_masked-NODE_11_length_248256_cov_21.6689_ID_21-processed-gene-0.33-mRNA-1_1&gene=snap_masked-NODE_11_length_248256_cov_21.6689_ID_21-processed-gene-0.33&CDS=1-444
OG0003616	YOR254C	snap_masked-NODE_2_length_515064_cov_21.8181_ID_3-processed-gene-0.124-mRNA-1_1&gene=snap_masked-NODE_2_length_515064_cov_21.8181_ID_3-processed-gene-0.124&CDS=1-1959
OG0003617	YOR255W	snap_masked-NODE_2_length_515064_cov_21.8181_ID_3-processed-gene-0.108-mRNA-1_1&gene=snap_masked-NODE_2_length_515064_cov_21.8181_ID_3-processed-gene-0.108&CDS=1-786
OG0003618	YOR257W	snap_masked-NODE_11_length_248256_cov_21.6689_ID_21-processed-gene-0.35-mRNA-1_1&gene=snap_masked-NODE_11_length_248256_cov_21.6689_ID_21-processed-gene-0.35&CDS=1-519
OG0003619	YOR258W	snap_masked-NODE_11_length_248256_cov_21.6689_ID_21-processed-gene-0.36-mRNA-1_1&gene=snap_masked-NODE_11_length_248256_cov_21.6689_ID_21-processed-gene-0.36&CDS=1-636
OG0003620	YOR259C	snap_masked-NODE_11_length_248256_cov_21.6689_ID_21-processed-gene-0.59-mRNA-1_1&gene=snap_masked-NODE_11_length_248256_cov_21.6689_ID_21-processed-gene-0.59&CDS=1-1314
OG0003621	YOR260W	snap_masked-NODE_11_length_248256_cov_21.6689_ID_21-processed-gene-1.96-mRNA-1_1&gene=snap_masked-NODE_11_length_248256_cov_21.6689_ID_21-processed-gene-1.96&CDS=1-1614
OG0003622	YOR261C	snap_masked-NODE_2_length_515064_cov_21.8181_ID_3-processed-gene-0.128-mRNA-1_1&gene=snap_masked-NODE_2_length_515064_cov_21.8181_ID_3-processed-gene-0.128&CDS=1-2232
OG0003623	YOR262W	snap_masked-NODE_11_length_248256_cov_21.6689_ID_21-processed-gene-1.97-mRNA-1_1&gene=snap_masked-NODE_11_length_248256_cov_21.6689_ID_21-processed-gene-1.97&CDS=1-1041
OG0003624	YOR264W	snap_masked-NODE_11_length_248256_cov_21.6689_ID_21-processed-gene-1.98-mRNA-1_1&gene=snap_masked-NODE_11_length_248256_cov_21.6689_ID_21-processed-gene-1.98&CDS=1-1053
OG0003625	YOR265W	snap_masked-NODE_11_length_248256_cov_21.6689_ID_21-processed-gene-1.99-mRNA-1_1&gene=snap_masked-NODE_11_length_248256_cov_21.6689_ID_21-processed-gene-1.99&CDS=1-321
OG0003626	YOR266W	augustus_masked-NODE_11_length_248256_cov_21.6689_ID_21-processed-gene-1.14-mRNA-1_1&gene=augustus_masked-NODE_11_length_248256_cov_21.6689_ID_21-processed-gene-1.14&CDS=1-1110
OG0003627	YOR269W	snap_masked-NODE_11_length_248256_cov_21.6689_ID_21-processed-gene-1.101-mRNA-1_1&gene=snap_masked-NODE_11_length_248256_cov_21.6689_ID_21-processed-gene-1.101&CDS=1-1374
OG0003628	YOR272W	snap_masked-NODE_11_length_248256_cov_21.6689_ID_21-processed-gene-1.103-mRNA-1_1&gene=snap_masked-NODE_11_length_248256_cov_21.6689_ID_21-processed-gene-1.103&CDS=1-1371
OG0003629	YOR273C	snap_masked-NODE_11_length_248256_cov_21.6689_ID_21-processed-gene-1.147-mRNA-1_1&gene=snap_masked-NODE_11_length_248256_cov_21.6689_ID_21-processed-gene-1.147&CDS=1-2025
OG0003630	YOR274W	snap_masked-NODE_11_length_248256_cov_21.6689_ID_21-processed-gene-1.104-mRNA-1_1&gene=snap_masked-NODE_11_length_248256_cov_21.6689_ID_21-processed-gene-1.104&CDS=1-1320
OG0003631	YOR275C	augustus_masked-NODE_11_length_248256_cov_21.6689_ID_21-processed-gene-1.59-mRNA-1_1&gene=augustus_masked-NODE_11_length_248256_cov_21.6689_ID_21-processed-gene-1.59&CDS=1-2421
OG0003632	YOR276W	snap_masked-NODE_11_length_248256_cov_21.6689_ID_21-processed-gene-1.105-mRNA-1_1&gene=snap_masked-NODE_11_length_248256_cov_21.6689_ID_21-processed-gene-1.105&CDS=1-474
OG0003633	YOR278W	snap_masked-NODE_11_length_248256_cov_21.6689_ID_21-processed-gene-1.108-mRNA-1_1&gene=snap_masked-NODE_11_length_248256_cov_21.6689_ID_21-processed-gene-1.108&CDS=1-768
OG0003634	YOR279C	snap_masked-NODE_11_length_248256_cov_21.6689_ID_21-processed-gene-1.150-mRNA-1_1&gene=snap_masked-NODE_11_length_248256_cov_21.6689_ID_21-processed-gene-1.150&CDS=1-939
OG0003635	YOR280C	snap_masked-NODE_11_length_248256_cov_21.6689_ID_21-processed-gene-1.151-mRNA-1_1&gene=snap_masked-NODE_11_length_248256_cov_21.6689_ID_21-processed-gene-1.151&CDS=1-816
OG0003636	YOR281C	snap_masked-NODE_11_length_248256_cov_21.6689_ID_21-processed-gene-1.152-mRNA-1_1&gene=snap_masked-NODE_11_length_248256_cov_21.6689_ID_21-processed-gene-1.152&CDS=1-819
OG0003637	YOR283W	maker-NODE_11_length_248256_cov_21.6689_ID_21-augustus-gene-1.0-mRNA-1_1&gene=maker-NODE_11_length_248256_cov_21.6689_ID_21-augustus-gene-1.0&CDS=1-1086
OG0003638	YOR286W	augustus_masked-NODE_11_length_248256_cov_21.6689_ID_21-processed-gene-1.25-mRNA-1_1&gene=augustus_masked-NODE_11_length_248256_cov_21.6689_ID_21-processed-gene-1.25&CDS=1-492
OG0003639	YOR287C	snap_masked-NODE_11_length_248256_cov_21.6689_ID_21-processed-gene-1.153-mRNA-1_1&gene=snap_masked-NODE_11_length_248256_cov_21.6689_ID_21-processed-gene-1.153&CDS=1-933
OG0003640	YOR288C	snap_masked-NODE_11_length_248256_cov_21.6689_ID_21-processed-gene-1.154-mRNA-1_1&gene=snap_masked-NODE_11_length_248256_cov_21.6689_ID_21-processed-gene-1.154&CDS=1-954
OG0003641	YOR289W	snap_masked-NODE_11_length_248256_cov_21.6689_ID_21-processed-gene-1.113-mRNA-1_1&gene=snap_masked-NODE_11_length_248256_cov_21.6689_ID_21-processed-gene-1.113&CDS=1-687
OG0003642	YOR291W	augustus_masked-NODE_11_length_248256_cov_21.6689_ID_21-processed-gene-1.27-mRNA-1_1&gene=augustus_masked-NODE_11_length_248256_cov_21.6689_ID_21-processed-gene-1.27&CDS=1-4395
OG0003643	YOR292C	augustus_masked-NODE_11_length_248256_cov_21.6689_ID_21-processed-gene-1.65-mRNA-1_1&gene=augustus_masked-NODE_11_length_248256_cov_21.6689_ID_21-processed-gene-1.65&CDS=1-921
OG0003644	YOR294W	snap_masked-NODE_10_length_278180_cov_22.5073_ID_19-processed-gene-1.94-mRNA-1_1&gene=snap_masked-NODE_10_length_278180_cov_22.5073_ID_19-processed-gene-1.94&CDS=1-603
OG0003645	YOR296W	augustus_masked-NODE_11_length_248256_cov_21.6689_ID_21-processed-gene-1.30-mRNA-1_1&gene=augustus_masked-NODE_11_length_248256_cov_21.6689_ID_21-processed-gene-1.30&CDS=1-3891
OG0003646	YOR297C	snap_masked-NODE_11_length_248256_cov_21.6689_ID_21-processed-gene-1.155-mRNA-1_1&gene=snap_masked-NODE_11_length_248256_cov_21.6689_ID_21-processed-gene-1.155&CDS=1-588
OG0003647	YOR298C-A	snap_masked-NODE_10_length_278180_cov_22.5073_ID_19-processed-gene-1.141-mRNA-1_1&gene=snap_masked-NODE_10_length_278180_cov_22.5073_ID_19-processed-gene-1.141&CDS=1-453
OG0003648	YOR304C-A	augustus_masked-NODE_11_length_248256_cov_21.6689_ID_21-processed-gene-1.67-mRNA-1_1&gene=augustus_masked-NODE_11_length_248256_cov_21.6689_ID_21-processed-gene-1.67&CDS=1-219
OG0003649	YOR305W	snap_masked-NODE_11_length_248256_cov_21.6689_ID_21-processed-gene-1.123-mRNA-1_1&gene=snap_masked-NODE_11_length_248256_cov_21.6689_ID_21-processed-gene-1.123&CDS=1-726
OG0003650	YOR307C	snap_masked-NODE_11_length_248256_cov_21.6689_ID_21-processed-gene-1.159-mRNA-1_1&gene=snap_masked-NODE_11_length_248256_cov_21.6689_ID_21-processed-gene-1.159&CDS=1-645
OG0003651	YOR308C	snap_masked-NODE_11_length_248256_cov_21.6689_ID_21-processed-gene-1.160-mRNA-1_1&gene=snap_masked-NODE_11_length_248256_cov_21.6689_ID_21-processed-gene-1.160&CDS=1-1704
OG0003652	YOR311C	snap_masked-NODE_11_length_248256_cov_21.6689_ID_21-processed-gene-1.162-mRNA-1_1&gene=snap_masked-NODE_11_length_248256_cov_21.6689_ID_21-processed-gene-1.162&CDS=1-858
OG0003653	YOR313C	snap_masked-NODE_11_length_248256_cov_21.6689_ID_21-processed-gene-1.164-mRNA-1_1&gene=snap_masked-NODE_11_length_248256_cov_21.6689_ID_21-processed-gene-1.164&CDS=1-2187
OG0003654	YOR315W	snap_masked-NODE_11_length_248256_cov_21.6689_ID_21-processed-gene-1.124-mRNA-1_1&gene=snap_masked-NODE_11_length_248256_cov_21.6689_ID_21-processed-gene-1.124&CDS=1-1053
OG0003655	YOR319W	snap_masked-NODE_11_length_248256_cov_21.6689_ID_21-processed-gene-1.126-mRNA-1_1&gene=snap_masked-NODE_11_length_248256_cov_21.6689_ID_21-processed-gene-1.126&CDS=1-639
OG0003656	YOR322C	snap_masked-NODE_13_length_242978_cov_21.7015_ID_25-processed-gene-1.107-mRNA-1_1&gene=snap_masked-NODE_13_length_242978_cov_21.7015_ID_25-processed-gene-1.107&CDS=1-2244
OG0003657	YOR323C	snap_masked-NODE_13_length_242978_cov_21.7015_ID_25-processed-gene-1.106-mRNA-1_1&gene=snap_masked-NODE_13_length_242978_cov_21.7015_ID_25-processed-gene-1.106&CDS=1-1365
OG0003658	YOR327C	snap_masked-NODE_13_length_242978_cov_21.7015_ID_25-processed-gene-1.104-mRNA-1_1&gene=snap_masked-NODE_13_length_242978_cov_21.7015_ID_25-processed-gene-1.104&CDS=1-333
OG0003659	YOR329C	snap_masked-NODE_31_length_115296_cov_21.7371_ID_61-processed-gene-0.78-mRNA-1_1&gene=snap_masked-NODE_31_length_115296_cov_21.7371_ID_61-processed-gene-0.78&CDS=1-2481
OG0003660	YOR330C	augustus_masked-NODE_31_length_115296_cov_21.7371_ID_61-processed-gene-0.24-mRNA-1_1&gene=augustus_masked-NODE_31_length_115296_cov_21.7371_ID_61-processed-gene-0.24&CDS=1-3660
OG0003661	YOR332W	snap_masked-NODE_31_length_115296_cov_21.7371_ID_61-processed-gene-0.89-mRNA-1_1&gene=snap_masked-NODE_31_length_115296_cov_21.7371_ID_61-processed-gene-0.89&CDS=1-693
OG0003662	YOR334W	snap_masked-NODE_31_length_115296_cov_21.7371_ID_61-processed-gene-0.90-mRNA-1_1&gene=snap_masked-NODE_31_length_115296_cov_21.7371_ID_61-processed-gene-0.90&CDS=1-1221
OG0003663	YOR335C	snap_masked-NODE_31_length_115296_cov_21.7371_ID_61-processed-gene-0.121-mRNA-1_1&gene=snap_masked-NODE_31_length_115296_cov_21.7371_ID_61-processed-gene-0.121&CDS=1-2865
OG0003664	YOR336W	snap_masked-NODE_31_length_115296_cov_21.7371_ID_61-processed-gene-0.91-mRNA-1_1&gene=snap_masked-NODE_31_length_115296_cov_21.7371_ID_61-processed-gene-0.91&CDS=1-4068
OG0003665	YOR337W	genemark-NODE_31_length_115296_cov_21.7371_ID_61-processed-gene-0.150-mRNA-1_1&gene=genemark-NODE_31_length_115296_cov_21.7371_ID_61-processed-gene-0.150&CDS=1-2112
OG0003666	YOR340C	snap_masked-NODE_22_length_167286_cov_23.0006_ID_43-processed-gene-0.131-mRNA-1_1&gene=snap_masked-NODE_22_length_167286_cov_23.0006_ID_43-processed-gene-0.131&CDS=1-909
OG0003667	YOR341W	snap_masked-NODE_17_length_190182_cov_22.7835_ID_33-processed-gene-0.169-mRNA-1_1&gene=snap_masked-NODE_17_length_190182_cov_22.7835_ID_33-processed-gene-0.169&CDS=1-4989
OG0003668	YOR342C	snap_masked-NODE_22_length_167286_cov_23.0006_ID_43-processed-gene-0.133-mRNA-1_1&gene=snap_masked-NODE_22_length_167286_cov_23.0006_ID_43-processed-gene-0.133&CDS=1-846
OG0003669	YOR346W	snap_masked-NODE_22_length_167286_cov_23.0006_ID_43-processed-gene-0.93-mRNA-1_1&gene=snap_masked-NODE_22_length_167286_cov_23.0006_ID_43-processed-gene-0.93&CDS=1-2352
OG0003670	YOR348C	snap_masked-NODE_34_length_108161_cov_25.3038_ID_67-processed-gene-0.125-mRNA-1_1&gene=snap_masked-NODE_34_length_108161_cov_25.3038_ID_67-processed-gene-0.125&CDS=1-1770
OG0003671	YOR349W	snap_masked-NODE_22_length_167286_cov_23.0006_ID_43-processed-gene-0.94-mRNA-1_1&gene=snap_masked-NODE_22_length_167286_cov_23.0006_ID_43-processed-gene-0.94&CDS=1-3066
OG0003672	YOR350C	snap_masked-NODE_22_length_167286_cov_23.0006_ID_43-processed-gene-0.136-mRNA-1_1&gene=snap_masked-NODE_22_length_167286_cov_23.0006_ID_43-processed-gene-0.136&CDS=1-1752
OG0003673	YOR351C	snap_masked-NODE_22_length_167286_cov_23.0006_ID_43-processed-gene-0.137-mRNA-1_1&gene=snap_masked-NODE_22_length_167286_cov_23.0006_ID_43-processed-gene-0.137&CDS=1-1464
OG0003674	YOR352W	augustus_masked-NODE_22_length_167286_cov_23.0006_ID_43-processed-gene-0.8-mRNA-1_1&gene=augustus_masked-NODE_22_length_167286_cov_23.0006_ID_43-processed-gene-0.8&CDS=1-909
OG0003675	YOR353C	snap_masked-NODE_22_length_167286_cov_23.0006_ID_43-processed-gene-0.139-mRNA-1_1&gene=snap_masked-NODE_22_length_167286_cov_23.0006_ID_43-processed-gene-0.139&CDS=1-2607
OG0003676	YOR354C	augustus_masked-NODE_22_length_167286_cov_23.0006_ID_43-processed-gene-0.49-mRNA-1_1&gene=augustus_masked-NODE_22_length_167286_cov_23.0006_ID_43-processed-gene-0.49&CDS=1-2070
OG0003677	YOR356W	augustus_masked-NODE_22_length_167286_cov_23.0006_ID_43-processed-gene-0.10-mRNA-1_1&gene=augustus_masked-NODE_22_length_167286_cov_23.0006_ID_43-processed-gene-0.10&CDS=1-4197
OG0003678	YOR357C	snap_masked-NODE_22_length_167286_cov_23.0006_ID_43-processed-gene-0.143-mRNA-1_1&gene=snap_masked-NODE_22_length_167286_cov_23.0006_ID_43-processed-gene-0.143&CDS=1-477
OG0003679	YOR358W	snap_masked-NODE_22_length_167286_cov_23.0006_ID_43-processed-gene-0.99-mRNA-1_1&gene=snap_masked-NODE_22_length_167286_cov_23.0006_ID_43-processed-gene-0.99&CDS=1-495
OG0003680	YOR359W	snap_masked-NODE_22_length_167286_cov_23.0006_ID_43-processed-gene-0.100-mRNA-1_1&gene=snap_masked-NODE_22_length_167286_cov_23.0006_ID_43-processed-gene-0.100&CDS=1-1509
OG0003681	YOR360C	snap_masked-NODE_22_length_167286_cov_23.0006_ID_43-processed-gene-0.144-mRNA-1_1&gene=snap_masked-NODE_22_length_167286_cov_23.0006_ID_43-processed-gene-0.144&CDS=1-1542
OG0003682	YOR361C	snap_masked-NODE_22_length_167286_cov_23.0006_ID_43-processed-gene-0.145-mRNA-1_1&gene=snap_masked-NODE_22_length_167286_cov_23.0006_ID_43-processed-gene-0.145&CDS=1-2220
OG0003683	YOR362C	snap_masked-NODE_22_length_167286_cov_23.0006_ID_43-processed-gene-0.149-mRNA-1_1&gene=snap_masked-NODE_22_length_167286_cov_23.0006_ID_43-processed-gene-0.149&CDS=1-849
OG0003684	YOR367W	snap_masked-NODE_22_length_167286_cov_23.0006_ID_43-processed-gene-0.103-mRNA-1_1&gene=snap_masked-NODE_22_length_167286_cov_23.0006_ID_43-processed-gene-0.103&CDS=1-597
OG0003685	YOR368W	snap_masked-NODE_22_length_167286_cov_23.0006_ID_43-processed-gene-0.104-mRNA-1_1&gene=snap_masked-NODE_22_length_167286_cov_23.0006_ID_43-processed-gene-0.104&CDS=1-1200
OG0003686	YOR369C	snap_masked-NODE_22_length_167286_cov_23.0006_ID_43-processed-gene-0.152-mRNA-1_1&gene=snap_masked-NODE_22_length_167286_cov_23.0006_ID_43-processed-gene-0.152&CDS=1-429
OG0003687	YOR370C	augustus_masked-NODE_22_length_167286_cov_23.0006_ID_43-processed-gene-0.60-mRNA-1_1&gene=augustus_masked-NODE_22_length_167286_cov_23.0006_ID_43-processed-gene-0.60&CDS=1-1800
OG0003688	YOR371C	augustus_masked-NODE_22_length_167286_cov_23.0006_ID_43-processed-gene-0.61-mRNA-1_1&gene=augustus_masked-NODE_22_length_167286_cov_23.0006_ID_43-processed-gene-0.61&CDS=1-2577
OG0003689	YOR372C	snap_masked-NODE_22_length_167286_cov_23.0006_ID_43-processed-gene-0.154-mRNA-1_1&gene=snap_masked-NODE_22_length_167286_cov_23.0006_ID_43-processed-gene-0.154&CDS=1-1461
OG0003690	YOR378W	snap_masked-NODE_3_length_402036_cov_21.609_ID_5-processed-gene-3.165-mRNA-1_1&gene=snap_masked-NODE_3_length_402036_cov_21.609_ID_5-processed-gene-3.165&CDS=1-1614
OG0003691	YPL001W	snap_masked-NODE_78_length_27166_cov_23.2667_ID_155-processed-gene-0.29-mRNA-1_1&gene=snap_masked-NODE_78_length_27166_cov_23.2667_ID_155-processed-gene-0.29&CDS=1-1158
OG0003692	YPL002C	snap_masked-NODE_78_length_27166_cov_23.2667_ID_155-processed-gene-0.20-mRNA-1_1&gene=snap_masked-NODE_78_length_27166_cov_23.2667_ID_155-processed-gene-0.20&CDS=1-705
OG0003693	YPL003W	snap_masked-NODE_13_length_242978_cov_21.7015_ID_25-processed-gene-1.103-mRNA-1_1&gene=snap_masked-NODE_13_length_242978_cov_21.7015_ID_25-processed-gene-1.103&CDS=1-1332
OG0003694	YPL007C	snap_masked-NODE_35_length_106366_cov_23.7165_ID_69-processed-gene-0.32-mRNA-1_1&gene=snap_masked-NODE_35_length_106366_cov_23.7165_ID_69-processed-gene-0.32&CDS=1-1749
OG0003695	YPL008W	snap_masked-NODE_35_length_106366_cov_23.7165_ID_69-processed-gene-0.2-mRNA-1_1&gene=snap_masked-NODE_35_length_106366_cov_23.7165_ID_69-processed-gene-0.2&CDS=1-2427
OG0003696	YPL009C	snap_masked-NODE_5_length_371082_cov_21.955_ID_9-processed-gene-2.84-mRNA-1_1&gene=snap_masked-NODE_5_length_371082_cov_21.955_ID_9-processed-gene-2.84&CDS=1-3036
OG0003697	YPL010W	augustus_masked-NODE_78_length_27166_cov_23.2667_ID_155-processed-gene-0.2-mRNA-1_1&gene=augustus_masked-NODE_78_length_27166_cov_23.2667_ID_155-processed-gene-0.2&CDS=1-570
OG0003698	YPL011C	augustus_masked-NODE_78_length_27166_cov_23.2667_ID_155-processed-gene-0.7-mRNA-1_1&gene=augustus_masked-NODE_78_length_27166_cov_23.2667_ID_155-processed-gene-0.7&CDS=1-1176
OG0003699	YPL012W	snap_masked-NODE_78_length_27166_cov_23.2667_ID_155-processed-gene-0.17-mRNA-1_1&gene=snap_masked-NODE_78_length_27166_cov_23.2667_ID_155-processed-gene-0.17&CDS=1-3633
OG0003700	YPL013C	snap_masked-NODE_78_length_27166_cov_23.2667_ID_155-processed-gene-0.21-mRNA-1_1&gene=snap_masked-NODE_78_length_27166_cov_23.2667_ID_155-processed-gene-0.21&CDS=1-267
OG0003701	YPL014W	snap_masked-NODE_78_length_27166_cov_23.2667_ID_155-processed-gene-0.16-mRNA-1_1&gene=snap_masked-NODE_78_length_27166_cov_23.2667_ID_155-processed-gene-0.16&CDS=1-864
OG0003702	YPL015C	snap_masked-NODE_35_length_106366_cov_23.7165_ID_69-processed-gene-0.35-mRNA-1_1&gene=snap_masked-NODE_35_length_106366_cov_23.7165_ID_69-processed-gene-0.35&CDS=1-1047
OG0003703	YPL016W	genemark-NODE_63_length_47375_cov_21.1743_ID_125-processed-gene-0.15-mRNA-1_1&gene=genemark-NODE_63_length_47375_cov_21.1743_ID_125-processed-gene-0.15&CDS=1-3741
OG0003704	YPL018W	snap_masked-NODE_13_length_242978_cov_21.7015_ID_25-processed-gene-1.142-mRNA-1_1&gene=snap_masked-NODE_13_length_242978_cov_21.7015_ID_25-processed-gene-1.142&CDS=1-1056
OG0003705	YPL020C	augustus_masked-NODE_35_length_106366_cov_23.7165_ID_69-processed-gene-0.59-mRNA-1_1&gene=augustus_masked-NODE_35_length_106366_cov_23.7165_ID_69-processed-gene-0.59&CDS=1-1515
OG0003706	YPL022W	snap_masked-NODE_63_length_47375_cov_21.1743_ID_125-processed-gene-0.26-mRNA-1_1&gene=snap_masked-NODE_63_length_47375_cov_21.1743_ID_125-processed-gene-0.26&CDS=1-3228
OG0003707	YPL023C	snap_masked-NODE_63_length_47375_cov_21.1743_ID_125-processed-gene-0.34-mRNA-1_1&gene=snap_masked-NODE_63_length_47375_cov_21.1743_ID_125-processed-gene-0.34&CDS=1-1944
OG0003708	YPL024W	augustus_masked-NODE_63_length_47375_cov_21.1743_ID_125-processed-gene-0.45-mRNA-1_1&gene=augustus_masked-NODE_63_length_47375_cov_21.1743_ID_125-processed-gene-0.45&CDS=1-633
OG0003709	YPL030W	maker-NODE_63_length_47375_cov_21.1743_ID_125-augustus-gene-0.63-mRNA-1_1&gene=maker-NODE_63_length_47375_cov_21.1743_ID_125-augustus-gene-0.63&CDS=1-4947
OG0003710	YPL031C	snap_masked-NODE_63_length_47375_cov_21.1743_ID_125-processed-gene-0.32-mRNA-1_1&gene=snap_masked-NODE_63_length_47375_cov_21.1743_ID_125-processed-gene-0.32&CDS=1-912
OG0003711	YPL032C	augustus_masked-NODE_74_length_29576_cov_20.2349_ID_147-processed-gene-0.18-mRNA-1_1&gene=augustus_masked-NODE_74_length_29576_cov_20.2349_ID_147-processed-gene-0.18&CDS=1-2535
OG0003712	YPL033C	snap_masked-NODE_12_length_246126_cov_21.8889_ID_23-processed-gene-1.71-mRNA-1_1&gene=snap_masked-NODE_12_length_246126_cov_21.8889_ID_23-processed-gene-1.71&CDS=1-771
OG0003713	YPL034W	snap_masked-NODE_12_length_246126_cov_21.8889_ID_23-processed-gene-1.38-mRNA-1_1&gene=snap_masked-NODE_12_length_246126_cov_21.8889_ID_23-processed-gene-1.38&CDS=1-531
OG0003714	YPL037C	snap_masked-NODE_26_length_129937_cov_20.3153_ID_51-processed-gene-0.15-mRNA-1_1&gene=snap_masked-NODE_26_length_129937_cov_20.3153_ID_51-processed-gene-0.15&CDS=1-474
OG0003715	YPL039W	augustus_masked-NODE_74_length_29576_cov_20.2349_ID_147-processed-gene-0.7-mRNA-1_1&gene=augustus_masked-NODE_74_length_29576_cov_20.2349_ID_147-processed-gene-0.7&CDS=1-540
OG0003716	YPL040C	snap_masked-NODE_74_length_29576_cov_20.2349_ID_147-processed-gene-0.34-mRNA-1_1&gene=snap_masked-NODE_74_length_29576_cov_20.2349_ID_147-processed-gene-0.34&CDS=1-2988
OG0003717	YPL041C	snap_masked-NODE_74_length_29576_cov_20.2349_ID_147-processed-gene-0.33-mRNA-1_1&gene=snap_masked-NODE_74_length_29576_cov_20.2349_ID_147-processed-gene-0.33&CDS=1-516
OG0003718	YPL042C	snap_masked-NODE_74_length_29576_cov_20.2349_ID_147-processed-gene-0.32-mRNA-1_1&gene=snap_masked-NODE_74_length_29576_cov_20.2349_ID_147-processed-gene-0.32&CDS=1-1845
OG0003719	YPL043W	snap_masked-NODE_74_length_29576_cov_20.2349_ID_147-processed-gene-0.25-mRNA-1_1&gene=snap_masked-NODE_74_length_29576_cov_20.2349_ID_147-processed-gene-0.25&CDS=1-2085
OG0003720	YPL045W	augustus_masked-NODE_74_length_29576_cov_20.2349_ID_147-processed-gene-0.5-mRNA-1_1&gene=augustus_masked-NODE_74_length_29576_cov_20.2349_ID_147-processed-gene-0.5&CDS=1-2301
OG0003721	YPL046C	snap_masked-NODE_74_length_29576_cov_20.2349_ID_147-processed-gene-0.31-mRNA-1_1&gene=snap_masked-NODE_74_length_29576_cov_20.2349_ID_147-processed-gene-0.31&CDS=1-315
OG0003722	YPL049C	augustus_masked-NODE_74_length_29576_cov_20.2349_ID_147-processed-gene-0.12-mRNA-1_1&gene=augustus_masked-NODE_74_length_29576_cov_20.2349_ID_147-processed-gene-0.12&CDS=1-1050
OG0003723	YPL050C	snap_masked-NODE_74_length_29576_cov_20.2349_ID_147-processed-gene-0.29-mRNA-1_1&gene=snap_masked-NODE_74_length_29576_cov_20.2349_ID_147-processed-gene-0.29&CDS=1-1185
OG0003724	YPL051W	snap_masked-NODE_74_length_29576_cov_20.2349_ID_147-processed-gene-0.21-mRNA-1_1&gene=snap_masked-NODE_74_length_29576_cov_20.2349_ID_147-processed-gene-0.21&CDS=1-594
OG0003725	YPL052W	augustus_masked-NODE_74_length_29576_cov_20.2349_ID_147-processed-gene-0.2-mRNA-1_1&gene=augustus_masked-NODE_74_length_29576_cov_20.2349_ID_147-processed-gene-0.2&CDS=1-600
OG0003726	YPL054W	augustus_masked-NODE_74_length_29576_cov_20.2349_ID_147-processed-gene-0.1-mRNA-1_1&gene=augustus_masked-NODE_74_length_29576_cov_20.2349_ID_147-processed-gene-0.1&CDS=1-417
OG0003727	YPL058C	snap_masked-NODE_96_length_11685_cov_19.9854_ID_191-processed-gene-0.3-mRNA-1_1&gene=snap_masked-NODE_96_length_11685_cov_19.9854_ID_191-processed-gene-0.3&CDS=1-4530
OG0003728	YPL059W	snap_masked-NODE_96_length_11685_cov_19.9854_ID_191-processed-gene-0.1-mRNA-1_1&gene=snap_masked-NODE_96_length_11685_cov_19.9854_ID_191-processed-gene-0.1&CDS=1-453
OG0003729	YPL060W	snap_masked-NODE_37_length_99903_cov_20.9673_ID_73-processed-gene-0.28-mRNA-1_1&gene=snap_masked-NODE_37_length_99903_cov_20.9673_ID_73-processed-gene-0.28&CDS=1-1125
OG0003730	YPL061W	snap_masked-NODE_37_length_99903_cov_20.9673_ID_73-processed-gene-0.27-mRNA-1_1&gene=snap_masked-NODE_37_length_99903_cov_20.9673_ID_73-processed-gene-0.27&CDS=1-1494
OG0003731	YPL063W	snap_masked-NODE_37_length_99903_cov_20.9673_ID_73-processed-gene-0.26-mRNA-1_1&gene=snap_masked-NODE_37_length_99903_cov_20.9673_ID_73-processed-gene-0.26&CDS=1-1383
OG0003732	YPL065W	snap_masked-NODE_37_length_99903_cov_20.9673_ID_73-processed-gene-0.25-mRNA-1_1&gene=snap_masked-NODE_37_length_99903_cov_20.9673_ID_73-processed-gene-0.25&CDS=1-717
OG0003733	YPL066W	snap_masked-NODE_37_length_99903_cov_20.9673_ID_73-processed-gene-0.24-mRNA-1_1&gene=snap_masked-NODE_37_length_99903_cov_20.9673_ID_73-processed-gene-0.24&CDS=1-1362
OG0003734	YPL067C	snap_masked-NODE_37_length_99903_cov_20.9673_ID_73-processed-gene-0.47-mRNA-1_1&gene=snap_masked-NODE_37_length_99903_cov_20.9673_ID_73-processed-gene-0.47&CDS=1-669
OG0003735	YPL068C	snap_masked-NODE_37_length_99903_cov_20.9673_ID_73-processed-gene-0.46-mRNA-1_1&gene=snap_masked-NODE_37_length_99903_cov_20.9673_ID_73-processed-gene-0.46&CDS=1-867
OG0003736	YPL069C	augustus_masked-NODE_37_length_99903_cov_20.9673_ID_73-processed-gene-0.86-mRNA-1_1&gene=augustus_masked-NODE_37_length_99903_cov_20.9673_ID_73-processed-gene-0.86&CDS=1-1005
OG0003737	YPL070W	snap_masked-NODE_37_length_99903_cov_20.9673_ID_73-processed-gene-0.22-mRNA-1_1&gene=snap_masked-NODE_37_length_99903_cov_20.9673_ID_73-processed-gene-0.22&CDS=1-1668
OG0003738	YPL071C	snap_masked-NODE_37_length_99903_cov_20.9673_ID_73-processed-gene-0.45-mRNA-1_1&gene=snap_masked-NODE_37_length_99903_cov_20.9673_ID_73-processed-gene-0.45&CDS=1-477
OG0003739	YPL075W	genemark-NODE_37_length_99903_cov_20.9673_ID_73-processed-gene-0.121-mRNA-1_1&gene=genemark-NODE_37_length_99903_cov_20.9673_ID_73-processed-gene-0.121&CDS=1-3540
OG0003740	YPL078C	snap_masked-NODE_37_length_99903_cov_20.9673_ID_73-processed-gene-0.43-mRNA-1_1&gene=snap_masked-NODE_37_length_99903_cov_20.9673_ID_73-processed-gene-0.43&CDS=1-732
OG0003741	YPL082C	snap_masked-NODE_37_length_99903_cov_20.9673_ID_73-processed-gene-0.42-mRNA-1_1&gene=snap_masked-NODE_37_length_99903_cov_20.9673_ID_73-processed-gene-0.42&CDS=1-5562
OG0003742	YPL083C	snap_masked-NODE_26_length_129937_cov_20.3153_ID_51-processed-gene-0.33-mRNA-1_1&gene=snap_masked-NODE_26_length_129937_cov_20.3153_ID_51-processed-gene-0.33&CDS=1-1392
OG0003743	YPL084W	snap_masked-NODE_26_length_129937_cov_20.3153_ID_51-processed-gene-0.71-mRNA-1_1&gene=snap_masked-NODE_26_length_129937_cov_20.3153_ID_51-processed-gene-0.71&CDS=1-2550
OG0003744	YPL085W	genemark-NODE_37_length_99903_cov_20.9673_ID_73-processed-gene-0.118-mRNA-1_1&gene=genemark-NODE_37_length_99903_cov_20.9673_ID_73-processed-gene-0.118&CDS=1-6966
OG0003745	YPL086C	snap_masked-NODE_37_length_99903_cov_20.9673_ID_73-processed-gene-0.41-mRNA-1_1&gene=snap_masked-NODE_37_length_99903_cov_20.9673_ID_73-processed-gene-0.41&CDS=1-1677
OG0003746	YPL087W	snap_masked-NODE_37_length_99903_cov_20.9673_ID_73-processed-gene-0.15-mRNA-1_1&gene=snap_masked-NODE_37_length_99903_cov_20.9673_ID_73-processed-gene-0.15&CDS=1-936
OG0003747	YPL089C	augustus_masked-NODE_37_length_99903_cov_20.9673_ID_73-processed-gene-0.80-mRNA-1_1&gene=augustus_masked-NODE_37_length_99903_cov_20.9673_ID_73-processed-gene-0.80&CDS=1-1419
OG0003748	YPL091W	maker-NODE_37_length_99903_cov_20.9673_ID_73-augustus-gene-0.98-mRNA-1_1&gene=maker-NODE_37_length_99903_cov_20.9673_ID_73-augustus-gene-0.98&CDS=1-2472
OG0003749	YPL093W	maker-NODE_26_length_129937_cov_20.3153_ID_51-snap-gene-0.9-mRNA-1_1&gene=maker-NODE_26_length_129937_cov_20.3153_ID_51-snap-gene-0.9&CDS=1-3537
OG0003750	YPL094C	snap_masked-NODE_37_length_99903_cov_20.9673_ID_73-processed-gene-0.37-mRNA-1_1&gene=snap_masked-NODE_37_length_99903_cov_20.9673_ID_73-processed-gene-0.37&CDS=1-795
OG0003751	YPL097W	maker-NODE_37_length_99903_cov_20.9673_ID_73-augustus-gene-0.97-mRNA-1_1&gene=maker-NODE_37_length_99903_cov_20.9673_ID_73-augustus-gene-0.97&CDS=1-2400
OG0003752	YPL098C	augustus_masked-NODE_26_length_129937_cov_20.3153_ID_51-processed-gene-0.107-mRNA-1_1&gene=augustus_masked-NODE_26_length_129937_cov_20.3153_ID_51-processed-gene-0.107&CDS=1-321
OG0003753	YPL099C	snap_masked-NODE_37_length_99903_cov_20.9673_ID_73-processed-gene-0.36-mRNA-1_1&gene=snap_masked-NODE_37_length_99903_cov_20.9673_ID_73-processed-gene-0.36&CDS=1-441
OG0003754	YPL100W	snap_masked-NODE_37_length_99903_cov_20.9673_ID_73-processed-gene-0.12-mRNA-1_1&gene=snap_masked-NODE_37_length_99903_cov_20.9673_ID_73-processed-gene-0.12&CDS=1-1155
OG0003755	YPL101W	snap_masked-NODE_37_length_99903_cov_20.9673_ID_73-processed-gene-0.11-mRNA-1_1&gene=snap_masked-NODE_37_length_99903_cov_20.9673_ID_73-processed-gene-0.11&CDS=1-1368
OG0003756	YPL103C	augustus_masked-NODE_37_length_99903_cov_20.9673_ID_73-processed-gene-0.76-mRNA-1_1&gene=augustus_masked-NODE_37_length_99903_cov_20.9673_ID_73-processed-gene-0.76&CDS=1-1371
OG0003757	YPL104W	maker-NODE_37_length_99903_cov_20.9673_ID_73-augustus-gene-0.96-mRNA-1_1&gene=maker-NODE_37_length_99903_cov_20.9673_ID_73-augustus-gene-0.96&CDS=1-2730
OG0003758	YPL105C	snap_masked-NODE_26_length_129937_cov_20.3153_ID_51-processed-gene-0.40-mRNA-1_1&gene=snap_masked-NODE_26_length_129937_cov_20.3153_ID_51-processed-gene-0.40&CDS=1-2445
OG0003759	YPL109C	augustus_masked-NODE_37_length_99903_cov_20.9673_ID_73-processed-gene-0.74-mRNA-1_1&gene=augustus_masked-NODE_37_length_99903_cov_20.9673_ID_73-processed-gene-0.74&CDS=1-1794
OG0003760	YPL112C	augustus_masked-NODE_26_length_129937_cov_20.3153_ID_51-processed-gene-0.115-mRNA-1_1&gene=augustus_masked-NODE_26_length_129937_cov_20.3153_ID_51-processed-gene-0.115&CDS=1-1209
OG0003761	YPL113C	snap_masked-NODE_16_length_197293_cov_20.9529_ID_31-processed-gene-0.108-mRNA-1_1&gene=snap_masked-NODE_16_length_197293_cov_20.9529_ID_31-processed-gene-0.108&CDS=1-1176
OG0003762	YPL115C	snap_masked-NODE_16_length_197293_cov_20.9529_ID_31-processed-gene-0.111-mRNA-1_1&gene=snap_masked-NODE_16_length_197293_cov_20.9529_ID_31-processed-gene-0.111&CDS=1-3228
OG0003763	YPL116W	snap_masked-NODE_16_length_197293_cov_20.9529_ID_31-processed-gene-0.169-mRNA-1_1&gene=snap_masked-NODE_16_length_197293_cov_20.9529_ID_31-processed-gene-0.169&CDS=1-2034
OG0003764	YPL117C	snap_masked-NODE_16_length_197293_cov_20.9529_ID_31-processed-gene-0.112-mRNA-1_1&gene=snap_masked-NODE_16_length_197293_cov_20.9529_ID_31-processed-gene-0.112&CDS=1-852
OG0003765	YPL118W	snap_masked-NODE_16_length_197293_cov_20.9529_ID_31-processed-gene-0.170-mRNA-1_1&gene=snap_masked-NODE_16_length_197293_cov_20.9529_ID_31-processed-gene-0.170&CDS=1-1131
OG0003766	YPL120W	snap_masked-NODE_16_length_197293_cov_20.9529_ID_31-processed-gene-0.171-mRNA-1_1&gene=snap_masked-NODE_16_length_197293_cov_20.9529_ID_31-processed-gene-0.171&CDS=1-1557
OG0003767	YPL121C	augustus_masked-NODE_16_length_197293_cov_20.9529_ID_31-processed-gene-0.17-mRNA-1_1&gene=augustus_masked-NODE_16_length_197293_cov_20.9529_ID_31-processed-gene-0.17&CDS=1-702
OG0003768	YPL122C	snap_masked-NODE_16_length_197293_cov_20.9529_ID_31-processed-gene-0.115-mRNA-1_1&gene=snap_masked-NODE_16_length_197293_cov_20.9529_ID_31-processed-gene-0.115&CDS=1-1545
OG0003769	YPL123C	snap_masked-NODE_16_length_197293_cov_20.9529_ID_31-processed-gene-0.166-mRNA-1_1&gene=snap_masked-NODE_16_length_197293_cov_20.9529_ID_31-processed-gene-0.166&CDS=1-1311
OG0003770	YPL125W	snap_masked-NODE_16_length_197293_cov_20.9529_ID_31-processed-gene-0.103-mRNA-1_1&gene=snap_masked-NODE_16_length_197293_cov_20.9529_ID_31-processed-gene-0.103&CDS=1-3099
OG0003771	YPL126W	augustus_masked-NODE_16_length_197293_cov_20.9529_ID_31-processed-gene-0.4-mRNA-1_1&gene=augustus_masked-NODE_16_length_197293_cov_20.9529_ID_31-processed-gene-0.4&CDS=1-2652
OG0003772	YPL127C	snap_masked-NODE_16_length_197293_cov_20.9529_ID_31-processed-gene-0.163-mRNA-1_1&gene=snap_masked-NODE_16_length_197293_cov_20.9529_ID_31-processed-gene-0.163&CDS=1-738
OG0003773	YPL128C	snap_masked-NODE_16_length_197293_cov_20.9529_ID_31-processed-gene-0.162-mRNA-1_1&gene=snap_masked-NODE_16_length_197293_cov_20.9529_ID_31-processed-gene-0.162&CDS=1-1659
OG0003774	YPL129W	augustus_masked-NODE_16_length_197293_cov_20.9529_ID_31-processed-gene-0.3-mRNA-1_1&gene=augustus_masked-NODE_16_length_197293_cov_20.9529_ID_31-processed-gene-0.3&CDS=1-714
OG0003775	YPL130W	augustus_masked-NODE_16_length_197293_cov_20.9529_ID_31-processed-gene-0.2-mRNA-1_1&gene=augustus_masked-NODE_16_length_197293_cov_20.9529_ID_31-processed-gene-0.2&CDS=1-996
OG0003776	YPL131W	maker-NODE_16_length_197293_cov_20.9529_ID_31-augustus-gene-0.203-mRNA-1_1&gene=maker-NODE_16_length_197293_cov_20.9529_ID_31-augustus-gene-0.203&CDS=1-1671
OG0003777	YPL138C	snap_masked-NODE_16_length_197293_cov_20.9529_ID_31-processed-gene-0.159-mRNA-1_1&gene=snap_masked-NODE_16_length_197293_cov_20.9529_ID_31-processed-gene-0.159&CDS=1-1071
OG0003778	YPL144W	snap_masked-NODE_11_length_248256_cov_21.6689_ID_21-processed-gene-0.48-mRNA-1_1&gene=snap_masked-NODE_11_length_248256_cov_21.6689_ID_21-processed-gene-0.48&CDS=1-417
OG0003779	YPL145C	snap_masked-NODE_2_length_515064_cov_21.8181_ID_3-processed-gene-0.93-mRNA-1_1&gene=snap_masked-NODE_2_length_515064_cov_21.8181_ID_3-processed-gene-0.93&CDS=1-1284
OG0003780	YPL146C	snap_masked-NODE_2_length_515064_cov_21.8181_ID_3-processed-gene-0.94-mRNA-1_1&gene=snap_masked-NODE_2_length_515064_cov_21.8181_ID_3-processed-gene-0.94&CDS=1-1290
OG0003781	YPL147W	snap_masked-NODE_11_length_248256_cov_21.6689_ID_21-processed-gene-0.49-mRNA-1_1&gene=snap_masked-NODE_11_length_248256_cov_21.6689_ID_21-processed-gene-0.49&CDS=1-2607
OG0003782	YPL148C	snap_masked-NODE_2_length_515064_cov_21.8181_ID_3-processed-gene-0.96-mRNA-1_1&gene=snap_masked-NODE_2_length_515064_cov_21.8181_ID_3-processed-gene-0.96&CDS=1-480
OG0003783	YPL149W	augustus_masked-NODE_2_length_515064_cov_21.8181_ID_3-processed-gene-0.75-mRNA-1_1&gene=augustus_masked-NODE_2_length_515064_cov_21.8181_ID_3-processed-gene-0.75&CDS=1-840
OG0003784	YPL150W	augustus_masked-NODE_2_length_515064_cov_21.8181_ID_3-processed-gene-0.76-mRNA-1_1&gene=augustus_masked-NODE_2_length_515064_cov_21.8181_ID_3-processed-gene-0.76&CDS=1-2733
OG0003785	YPL151C	genemark-NODE_2_length_515064_cov_21.8181_ID_3-processed-gene-0.10-mRNA-1_1&gene=genemark-NODE_2_length_515064_cov_21.8181_ID_3-processed-gene-0.10&CDS=1-1314
OG0003786	YPL152W	snap_masked-NODE_2_length_515064_cov_21.8181_ID_3-processed-gene-0.120-mRNA-1_1&gene=snap_masked-NODE_2_length_515064_cov_21.8181_ID_3-processed-gene-0.120&CDS=1-1068
OG0003787	YPL153C	augustus_masked-NODE_2_length_515064_cov_21.8181_ID_3-processed-gene-0.55-mRNA-1_1&gene=augustus_masked-NODE_2_length_515064_cov_21.8181_ID_3-processed-gene-0.55&CDS=1-3516
OG0003788	YPL155C	snap_masked-NODE_2_length_515064_cov_21.8181_ID_3-processed-gene-0.100-mRNA-1_1&gene=snap_masked-NODE_2_length_515064_cov_21.8181_ID_3-processed-gene-0.100&CDS=1-1872
OG0003789	YPL156C	snap_masked-NODE_11_length_248256_cov_21.6689_ID_21-processed-gene-0.30-mRNA-1_1&gene=snap_masked-NODE_11_length_248256_cov_21.6689_ID_21-processed-gene-0.30&CDS=1-759
OG0003790	YPL157W	snap_masked-NODE_2_length_515064_cov_21.8181_ID_3-processed-gene-0.121-mRNA-1_1&gene=snap_masked-NODE_2_length_515064_cov_21.8181_ID_3-processed-gene-0.121&CDS=1-909
OG0003791	YPL158C	augustus_masked-NODE_2_length_515064_cov_21.8181_ID_3-processed-gene-0.57-mRNA-1_1&gene=augustus_masked-NODE_2_length_515064_cov_21.8181_ID_3-processed-gene-0.57&CDS=1-2100
OG0003792	YPL159C	augustus_masked-NODE_2_length_515064_cov_21.8181_ID_3-processed-gene-0.58-mRNA-1_1&gene=augustus_masked-NODE_2_length_515064_cov_21.8181_ID_3-processed-gene-0.58&CDS=1-585
OG0003793	YPL160W	maker-NODE_11_length_248256_cov_21.6689_ID_21-augustus-gene-0.6-mRNA-1_1&gene=maker-NODE_11_length_248256_cov_21.6689_ID_21-augustus-gene-0.6&CDS=1-4182
OG0003794	YPL161C	snap_masked-NODE_11_length_248256_cov_21.6689_ID_21-processed-gene-0.31-mRNA-1_1&gene=snap_masked-NODE_11_length_248256_cov_21.6689_ID_21-processed-gene-0.31&CDS=1-1860
OG0003795	YPL162C	snap_masked-NODE_2_length_515064_cov_21.8181_ID_3-processed-gene-0.103-mRNA-1_1&gene=snap_masked-NODE_2_length_515064_cov_21.8181_ID_3-processed-gene-0.103&CDS=1-906
OG0003796	YPL164C	augustus_masked-NODE_2_length_515064_cov_21.8181_ID_3-processed-gene-0.61-mRNA-1_1&gene=augustus_masked-NODE_2_length_515064_cov_21.8181_ID_3-processed-gene-0.61&CDS=1-2238
OG0003797	YPL166W	augustus_masked-NODE_2_length_515064_cov_21.8181_ID_3-processed-gene-0.79-mRNA-1_1&gene=augustus_masked-NODE_2_length_515064_cov_21.8181_ID_3-processed-gene-0.79&CDS=1-654
OG0003798	YPL167C	augustus_masked-NODE_2_length_515064_cov_21.8181_ID_3-processed-gene-0.62-mRNA-1_1&gene=augustus_masked-NODE_2_length_515064_cov_21.8181_ID_3-processed-gene-0.62&CDS=1-4269
OG0003799	YPL168W	augustus_masked-NODE_2_length_515064_cov_21.8181_ID_3-processed-gene-0.80-mRNA-1_1&gene=augustus_masked-NODE_2_length_515064_cov_21.8181_ID_3-processed-gene-0.80&CDS=1-1332
OG0003800	YPL170W	snap_masked-NODE_2_length_515064_cov_21.8181_ID_3-processed-gene-0.125-mRNA-1_1&gene=snap_masked-NODE_2_length_515064_cov_21.8181_ID_3-processed-gene-0.125&CDS=1-693
OG0003801	YPL173W	snap_masked-NODE_2_length_515064_cov_21.8181_ID_3-processed-gene-0.110-mRNA-1_1&gene=snap_masked-NODE_2_length_515064_cov_21.8181_ID_3-processed-gene-0.110&CDS=1-888
OG0003802	YPL174C	snap_masked-NODE_2_length_515064_cov_21.8181_ID_3-processed-gene-0.127-mRNA-1_1&gene=snap_masked-NODE_2_length_515064_cov_21.8181_ID_3-processed-gene-0.127&CDS=1-2358
OG0003803	YPL175W	snap_masked-NODE_2_length_515064_cov_21.8181_ID_3-processed-gene-0.109-mRNA-1_1&gene=snap_masked-NODE_2_length_515064_cov_21.8181_ID_3-processed-gene-0.109&CDS=1-1299
OG0003804	YPL177C	augustus_masked-NODE_10_length_278180_cov_22.5073_ID_19-processed-gene-1.26-mRNA-1_1&gene=augustus_masked-NODE_10_length_278180_cov_22.5073_ID_19-processed-gene-1.26&CDS=1-801
OG0003805	YPL180W	snap_masked-NODE_10_length_278180_cov_22.5073_ID_19-processed-gene-1.121-mRNA-1_1&gene=snap_masked-NODE_10_length_278180_cov_22.5073_ID_19-processed-gene-1.121&CDS=1-2493
OG0003806	YPL181W	snap_masked-NODE_10_length_278180_cov_22.5073_ID_19-processed-gene-1.120-mRNA-1_1&gene=snap_masked-NODE_10_length_278180_cov_22.5073_ID_19-processed-gene-1.120&CDS=1-1338
OG0003807	YPL183C	snap_masked-NODE_10_length_278180_cov_22.5073_ID_19-processed-gene-1.122-mRNA-1_1&gene=snap_masked-NODE_10_length_278180_cov_22.5073_ID_19-processed-gene-1.122&CDS=1-2991
OG0003808	YPL184C	snap_masked-NODE_10_length_278180_cov_22.5073_ID_19-processed-gene-1.123-mRNA-1_1&gene=snap_masked-NODE_10_length_278180_cov_22.5073_ID_19-processed-gene-1.123&CDS=1-1569
OG0003809	YPL186C	augustus_masked-NODE_10_length_278180_cov_22.5073_ID_19-processed-gene-1.33-mRNA-1_1&gene=augustus_masked-NODE_10_length_278180_cov_22.5073_ID_19-processed-gene-1.33&CDS=1-960
OG0003810	YPL190C	snap_masked-NODE_17_length_190182_cov_22.7835_ID_33-processed-gene-0.174-mRNA-1_1&gene=snap_masked-NODE_17_length_190182_cov_22.7835_ID_33-processed-gene-0.174&CDS=1-2349
OG0003811	YPL193W	augustus_masked-NODE_17_length_190182_cov_22.7835_ID_33-processed-gene-0.135-mRNA-1_1&gene=augustus_masked-NODE_17_length_190182_cov_22.7835_ID_33-processed-gene-0.135&CDS=1-1323
OG0003812	YPL194W	snap_masked-NODE_17_length_190182_cov_22.7835_ID_33-processed-gene-0.218-mRNA-1_1&gene=snap_masked-NODE_17_length_190182_cov_22.7835_ID_33-processed-gene-0.218&CDS=1-1752
OG0003813	YPL195W	maker-NODE_17_length_190182_cov_22.7835_ID_33-augustus-gene-0.78-mRNA-1_1&gene=maker-NODE_17_length_190182_cov_22.7835_ID_33-augustus-gene-0.78&CDS=1-3498
OG0003814	YPL201C	snap_masked-NODE_17_length_190182_cov_22.7835_ID_33-processed-gene-0.176-mRNA-1_1&gene=snap_masked-NODE_17_length_190182_cov_22.7835_ID_33-processed-gene-0.176&CDS=1-1140
OG0003815	YPL206C	augustus_masked-NODE_3_length_402036_cov_21.609_ID_5-processed-gene-2.69-mRNA-1_1&gene=augustus_masked-NODE_3_length_402036_cov_21.609_ID_5-processed-gene-2.69&CDS=1-942
OG0003816	YPL207W	augustus_masked-NODE_3_length_402036_cov_21.609_ID_5-processed-gene-2.90-mRNA-1_1&gene=augustus_masked-NODE_3_length_402036_cov_21.609_ID_5-processed-gene-2.90&CDS=1-4134
OG0003817	YPL209C	snap_masked-NODE_3_length_402036_cov_21.609_ID_5-processed-gene-2.14-mRNA-1_1&gene=snap_masked-NODE_3_length_402036_cov_21.609_ID_5-processed-gene-2.14&CDS=1-1080
OG0003818	YPL210C	snap_masked-NODE_3_length_402036_cov_21.609_ID_5-processed-gene-2.15-mRNA-1_1&gene=snap_masked-NODE_3_length_402036_cov_21.609_ID_5-processed-gene-2.15&CDS=1-1896
OG0003819	YPL211W	snap_masked-NODE_3_length_402036_cov_21.609_ID_5-processed-gene-2.39-mRNA-1_1&gene=snap_masked-NODE_3_length_402036_cov_21.609_ID_5-processed-gene-2.39&CDS=1-543
OG0003820	YPL212C	snap_masked-NODE_3_length_402036_cov_21.609_ID_5-processed-gene-2.16-mRNA-1_1&gene=snap_masked-NODE_3_length_402036_cov_21.609_ID_5-processed-gene-2.16&CDS=1-1641
OG0003821	YPL213W	genemark-NODE_3_length_402036_cov_21.609_ID_5-processed-gene-2.148-mRNA-1_1&gene=genemark-NODE_3_length_402036_cov_21.609_ID_5-processed-gene-2.148&CDS=1-711
OG0003822	YPL214C	snap_masked-NODE_3_length_402036_cov_21.609_ID_5-processed-gene-2.17-mRNA-1_1&gene=snap_masked-NODE_3_length_402036_cov_21.609_ID_5-processed-gene-2.17&CDS=1-1617
OG0003823	YPL215W	snap_masked-NODE_3_length_402036_cov_21.609_ID_5-processed-gene-2.41-mRNA-1_1&gene=snap_masked-NODE_3_length_402036_cov_21.609_ID_5-processed-gene-2.41&CDS=1-897
OG0003824	YPL217C	snap_masked-NODE_3_length_402036_cov_21.609_ID_5-processed-gene-2.18-mRNA-1_1&gene=snap_masked-NODE_3_length_402036_cov_21.609_ID_5-processed-gene-2.18&CDS=1-3486
OG0003825	YPL218W	augustus_masked-NODE_3_length_402036_cov_21.609_ID_5-processed-gene-2.94-mRNA-1_1&gene=augustus_masked-NODE_3_length_402036_cov_21.609_ID_5-processed-gene-2.94&CDS=1-570
OG0003826	YPL219W	snap_masked-NODE_3_length_402036_cov_21.609_ID_5-processed-gene-2.43-mRNA-1_1&gene=snap_masked-NODE_3_length_402036_cov_21.609_ID_5-processed-gene-2.43&CDS=1-1254
OG0003827	YPL222W	augustus_masked-NODE_3_length_402036_cov_21.609_ID_5-processed-gene-2.99-mRNA-1_1&gene=augustus_masked-NODE_3_length_402036_cov_21.609_ID_5-processed-gene-2.99&CDS=1-2034
OG0003828	YPL225W	snap_masked-NODE_7_length_294517_cov_21.9556_ID_13-processed-gene-1.229-mRNA-1_1&gene=snap_masked-NODE_7_length_294517_cov_21.9556_ID_13-processed-gene-1.229&CDS=1-441
OG0003829	YPL226W	snap_masked-NODE_7_length_294517_cov_21.9556_ID_13-processed-gene-1.228-mRNA-1_1&gene=snap_masked-NODE_7_length_294517_cov_21.9556_ID_13-processed-gene-1.228&CDS=1-3522
OG0003830	YPL228W	snap_masked-NODE_3_length_402036_cov_21.609_ID_5-processed-gene-2.49-mRNA-1_1&gene=snap_masked-NODE_3_length_402036_cov_21.609_ID_5-processed-gene-2.49&CDS=1-1557
OG0003831	YPL231W	snap_masked-NODE_3_length_402036_cov_21.609_ID_5-processed-gene-2.51-mRNA-1_1&gene=snap_masked-NODE_3_length_402036_cov_21.609_ID_5-processed-gene-2.51&CDS=1-5676
OG0003832	YPL233W	snap_masked-NODE_3_length_402036_cov_21.609_ID_5-processed-gene-2.53-mRNA-1_1&gene=snap_masked-NODE_3_length_402036_cov_21.609_ID_5-processed-gene-2.53&CDS=1-645
OG0003833	YPL234C	snap_masked-NODE_3_length_402036_cov_21.609_ID_5-processed-gene-2.23-mRNA-1_1&gene=snap_masked-NODE_3_length_402036_cov_21.609_ID_5-processed-gene-2.23&CDS=1-492
OG0003834	YPL235W	snap_masked-NODE_3_length_402036_cov_21.609_ID_5-processed-gene-2.54-mRNA-1_1&gene=snap_masked-NODE_3_length_402036_cov_21.609_ID_5-processed-gene-2.54&CDS=1-1416
OG0003835	YPL236C	snap_masked-NODE_3_length_402036_cov_21.609_ID_5-processed-gene-2.24-mRNA-1_1&gene=snap_masked-NODE_3_length_402036_cov_21.609_ID_5-processed-gene-2.24&CDS=1-1137
OG0003836	YPL237W	snap_masked-NODE_3_length_402036_cov_21.609_ID_5-processed-gene-2.55-mRNA-1_1&gene=snap_masked-NODE_3_length_402036_cov_21.609_ID_5-processed-gene-2.55&CDS=1-846
OG0003837	YPL239W	snap_masked-NODE_3_length_402036_cov_21.609_ID_5-processed-gene-2.56-mRNA-1_1&gene=snap_masked-NODE_3_length_402036_cov_21.609_ID_5-processed-gene-2.56&CDS=1-585
OG0003838	YPL241C	snap_masked-NODE_3_length_402036_cov_21.609_ID_5-processed-gene-2.25-mRNA-1_1&gene=snap_masked-NODE_3_length_402036_cov_21.609_ID_5-processed-gene-2.25&CDS=1-831
OG0003839	YPL242C	snap_masked-NODE_3_length_402036_cov_21.609_ID_5-processed-gene-2.26-mRNA-1_1&gene=snap_masked-NODE_3_length_402036_cov_21.609_ID_5-processed-gene-2.26&CDS=1-4500
OG0003840	YPL243W	augustus_masked-NODE_3_length_402036_cov_21.609_ID_5-processed-gene-3.68-mRNA-1_1&gene=augustus_masked-NODE_3_length_402036_cov_21.609_ID_5-processed-gene-3.68&CDS=1-1764
OG0003841	YPL244C	snap_masked-NODE_3_length_402036_cov_21.609_ID_5-processed-gene-3.128-mRNA-1_1&gene=snap_masked-NODE_3_length_402036_cov_21.609_ID_5-processed-gene-3.128&CDS=1-1035
OG0003842	YPL245W	snap_masked-NODE_3_length_402036_cov_21.609_ID_5-processed-gene-3.132-mRNA-1_1&gene=snap_masked-NODE_3_length_402036_cov_21.609_ID_5-processed-gene-3.132&CDS=1-1335
OG0003843	YPL246C	snap_masked-NODE_3_length_402036_cov_21.609_ID_5-processed-gene-3.129-mRNA-1_1&gene=snap_masked-NODE_3_length_402036_cov_21.609_ID_5-processed-gene-3.129&CDS=1-834
OG0003844	YPL247C	snap_masked-NODE_3_length_402036_cov_21.609_ID_5-processed-gene-3.130-mRNA-1_1&gene=snap_masked-NODE_3_length_402036_cov_21.609_ID_5-processed-gene-3.130&CDS=1-1443
OG0003845	YPL248C	snap_masked-NODE_3_length_402036_cov_21.609_ID_5-processed-gene-3.134-mRNA-1_1&gene=snap_masked-NODE_3_length_402036_cov_21.609_ID_5-processed-gene-3.134&CDS=1-2655
OG0003846	YPL252C	snap_masked-NODE_3_length_402036_cov_21.609_ID_5-processed-gene-3.138-mRNA-1_1&gene=snap_masked-NODE_3_length_402036_cov_21.609_ID_5-processed-gene-3.138&CDS=1-492
OG0003847	YPL253C	augustus_masked-NODE_3_length_402036_cov_21.609_ID_5-processed-gene-3.76-mRNA-1_1&gene=augustus_masked-NODE_3_length_402036_cov_21.609_ID_5-processed-gene-3.76&CDS=1-1818
OG0003848	YPL254W	snap_masked-NODE_3_length_402036_cov_21.609_ID_5-processed-gene-3.166-mRNA-1_1&gene=snap_masked-NODE_3_length_402036_cov_21.609_ID_5-processed-gene-3.166&CDS=1-1332
OG0003849	YPL255W	snap_masked-NODE_3_length_402036_cov_21.609_ID_5-processed-gene-3.167-mRNA-1_1&gene=snap_masked-NODE_3_length_402036_cov_21.609_ID_5-processed-gene-3.167&CDS=1-933
OG0003850	YPL259C	genemark-NODE_18_length_183210_cov_20.8765_ID_35-processed-gene-0.292-mRNA-1_1&gene=genemark-NODE_18_length_183210_cov_20.8765_ID_35-processed-gene-0.292&CDS=1-1851
OG0003851	YPL260W	snap_masked-NODE_18_length_183210_cov_20.8765_ID_35-processed-gene-0.149-mRNA-1_1&gene=snap_masked-NODE_18_length_183210_cov_20.8765_ID_35-processed-gene-0.149&CDS=1-1620
OG0003852	YPL262W	snap_masked-NODE_92_length_14164_cov_22.438_ID_183-processed-gene-0.11-mRNA-1_1&gene=snap_masked-NODE_92_length_14164_cov_22.438_ID_183-processed-gene-0.11&CDS=1-1395
OG0003853	YPL263C	snap_masked-NODE_68_length_39233_cov_23.1864_ID_135-processed-gene-0.25-mRNA-1_1&gene=snap_masked-NODE_68_length_39233_cov_23.1864_ID_135-processed-gene-0.25&CDS=1-1929
OG0003854	YPL265W	snap_masked-NODE_47_length_83271_cov_23.0746_ID_93-processed-gene-0.53-mRNA-1_1&gene=snap_masked-NODE_47_length_83271_cov_23.0746_ID_93-processed-gene-0.53&CDS=1-1797
OG0003855	YPL266W	snap_masked-NODE_47_length_83271_cov_23.0746_ID_93-processed-gene-0.54-mRNA-1_1&gene=snap_masked-NODE_47_length_83271_cov_23.0746_ID_93-processed-gene-0.54&CDS=1-957
OG0003856	YPL268W	genemark-NODE_68_length_39233_cov_23.1864_ID_135-processed-gene-0.35-mRNA-1_1&gene=genemark-NODE_68_length_39233_cov_23.1864_ID_135-processed-gene-0.35&CDS=1-2379
OG0003857	YPL269W	snap_masked-NODE_68_length_39233_cov_23.1864_ID_135-processed-gene-0.16-mRNA-1_1&gene=snap_masked-NODE_68_length_39233_cov_23.1864_ID_135-processed-gene-0.16&CDS=1-1833
OG0003858	YPL270W	maker-NODE_68_length_39233_cov_23.1864_ID_135-augustus-gene-0.50-mRNA-1_1&gene=maker-NODE_68_length_39233_cov_23.1864_ID_135-augustus-gene-0.50&CDS=1-2331
OG0003859	YPR001W	snap_masked-NODE_78_length_27166_cov_23.2667_ID_155-processed-gene-0.27-mRNA-1_1&gene=snap_masked-NODE_78_length_27166_cov_23.2667_ID_155-processed-gene-0.27&CDS=1-1410
OG0003860	YPR002W	snap_masked-NODE_78_length_27166_cov_23.2667_ID_155-processed-gene-0.26-mRNA-1_1&gene=snap_masked-NODE_78_length_27166_cov_23.2667_ID_155-processed-gene-0.26&CDS=1-1515
OG0003861	YPR003C	snap_masked-NODE_3_length_402036_cov_21.609_ID_5-processed-gene-0.59-mRNA-1_1&gene=snap_masked-NODE_3_length_402036_cov_21.609_ID_5-processed-gene-0.59&CDS=1-2100
OG0003862	YPR004C	snap_masked-NODE_3_length_402036_cov_21.609_ID_5-processed-gene-0.48-mRNA-1_1&gene=snap_masked-NODE_3_length_402036_cov_21.609_ID_5-processed-gene-0.48&CDS=1-1035
OG0003863	YPR005C	snap_masked-NODE_3_length_402036_cov_21.609_ID_5-processed-gene-0.47-mRNA-1_1&gene=snap_masked-NODE_3_length_402036_cov_21.609_ID_5-processed-gene-0.47&CDS=1-1173
OG0003864	YPR006C	snap_masked-NODE_3_length_402036_cov_21.609_ID_5-processed-gene-0.46-mRNA-1_1&gene=snap_masked-NODE_3_length_402036_cov_21.609_ID_5-processed-gene-0.46&CDS=1-1674
OG0003865	YPR007C	snap_masked-NODE_3_length_402036_cov_21.609_ID_5-processed-gene-0.45-mRNA-1_1&gene=snap_masked-NODE_3_length_402036_cov_21.609_ID_5-processed-gene-0.45&CDS=1-2049
OG0003866	YPR008W	genemark-NODE_3_length_402036_cov_21.609_ID_5-processed-gene-0.1-mRNA-1_1&gene=genemark-NODE_3_length_402036_cov_21.609_ID_5-processed-gene-0.1&CDS=1-1788
OG0003867	YPR010C	snap_masked-NODE_3_length_402036_cov_21.609_ID_5-processed-gene-0.43-mRNA-1_1&gene=snap_masked-NODE_3_length_402036_cov_21.609_ID_5-processed-gene-0.43&CDS=1-3612
OG0003868	YPR011C	augustus_masked-NODE_3_length_402036_cov_21.609_ID_5-processed-gene-0.96-mRNA-1_1&gene=augustus_masked-NODE_3_length_402036_cov_21.609_ID_5-processed-gene-0.96&CDS=1-1152
OG0003869	YPR016C	augustus_masked-NODE_3_length_402036_cov_21.609_ID_5-processed-gene-0.98-mRNA-1_1&gene=augustus_masked-NODE_3_length_402036_cov_21.609_ID_5-processed-gene-0.98&CDS=1-1173
OG0003870	YPR018W	snap_masked-NODE_5_length_371082_cov_21.955_ID_9-processed-gene-2.78-mRNA-1_1&gene=snap_masked-NODE_5_length_371082_cov_21.955_ID_9-processed-gene-2.78&CDS=1-1863
OG0003871	YPR019W	maker-NODE_5_length_371082_cov_21.955_ID_9-augustus-gene-2.6-mRNA-1_1&gene=maker-NODE_5_length_371082_cov_21.955_ID_9-augustus-gene-2.6&CDS=1-3183
OG0003872	YPR021C	snap_masked-NODE_3_length_402036_cov_21.609_ID_5-processed-gene-0.66-mRNA-1_1&gene=snap_masked-NODE_3_length_402036_cov_21.609_ID_5-processed-gene-0.66&CDS=1-2697
OG0003873	YPR022C	snap_masked-NODE_3_length_402036_cov_21.609_ID_5-processed-gene-0.67-mRNA-1_1&gene=snap_masked-NODE_3_length_402036_cov_21.609_ID_5-processed-gene-0.67&CDS=1-3390
OG0003874	YPR023C	snap_masked-NODE_3_length_402036_cov_21.609_ID_5-processed-gene-0.68-mRNA-1_1&gene=snap_masked-NODE_3_length_402036_cov_21.609_ID_5-processed-gene-0.68&CDS=1-1128
OG0003875	YPR024W	augustus_masked-NODE_38_length_96637_cov_19.6807_ID_75-processed-gene-0.75-mRNA-1_1&gene=augustus_masked-NODE_38_length_96637_cov_19.6807_ID_75-processed-gene-0.75&CDS=1-2346
OG0003876	YPR025C	snap_masked-NODE_38_length_96637_cov_19.6807_ID_75-processed-gene-0.93-mRNA-1_1&gene=snap_masked-NODE_38_length_96637_cov_19.6807_ID_75-processed-gene-0.93&CDS=1-1194
OG0003877	YPR026W	snap_masked-NODE_38_length_96637_cov_19.6807_ID_75-processed-gene-0.118-mRNA-1_1&gene=snap_masked-NODE_38_length_96637_cov_19.6807_ID_75-processed-gene-0.118&CDS=1-3732
OG0003878	YPR029C	augustus_masked-NODE_6_length_297843_cov_20.8202_ID_11-processed-gene-1.80-mRNA-1_1&gene=augustus_masked-NODE_6_length_297843_cov_20.8202_ID_11-processed-gene-1.80&CDS=1-2478
OG0003879	YPR031W	snap_masked-NODE_6_length_297843_cov_20.8202_ID_11-processed-gene-1.134-mRNA-1_1&gene=snap_masked-NODE_6_length_297843_cov_20.8202_ID_11-processed-gene-1.134&CDS=1-2286
OG0003880	YPR033C	snap_masked-NODE_6_length_297843_cov_20.8202_ID_11-processed-gene-1.176-mRNA-1_1&gene=snap_masked-NODE_6_length_297843_cov_20.8202_ID_11-processed-gene-1.176&CDS=1-1578
OG0003881	YPR034W	augustus_masked-NODE_6_length_297843_cov_20.8202_ID_11-processed-gene-1.40-mRNA-1_1&gene=augustus_masked-NODE_6_length_297843_cov_20.8202_ID_11-processed-gene-1.40&CDS=1-1311
OG0003882	YPR035W	augustus_masked-NODE_6_length_297843_cov_20.8202_ID_11-processed-gene-1.41-mRNA-1_1&gene=augustus_masked-NODE_6_length_297843_cov_20.8202_ID_11-processed-gene-1.41&CDS=1-1110
OG0003883	YPR036W	snap_masked-NODE_6_length_297843_cov_20.8202_ID_11-processed-gene-1.138-mRNA-1_1&gene=snap_masked-NODE_6_length_297843_cov_20.8202_ID_11-processed-gene-1.138&CDS=1-1401
OG0003884	YPR036W-A	augustus_masked-NODE_6_length_297843_cov_20.8202_ID_11-processed-gene-1.43-mRNA-1_1&gene=augustus_masked-NODE_6_length_297843_cov_20.8202_ID_11-processed-gene-1.43&CDS=1-210
OG0003885	YPR037C	snap_masked-NODE_3_length_402036_cov_21.609_ID_5-processed-gene-1.109-mRNA-1_1&gene=snap_masked-NODE_3_length_402036_cov_21.609_ID_5-processed-gene-1.109&CDS=1-690
OG0003886	YPR040W	snap_masked-NODE_45_length_86374_cov_21.9482_ID_89-processed-gene-0.86-mRNA-1_1&gene=snap_masked-NODE_45_length_86374_cov_21.9482_ID_89-processed-gene-0.86&CDS=1-1098
OG0003887	YPR041W	genemark-NODE_45_length_86374_cov_21.9482_ID_89-processed-gene-0.11-mRNA-1_1&gene=genemark-NODE_45_length_86374_cov_21.9482_ID_89-processed-gene-0.11&CDS=1-1215
OG0003888	YPR045C	snap_masked-NODE_17_length_190182_cov_22.7835_ID_33-processed-gene-0.194-mRNA-1_1&gene=snap_masked-NODE_17_length_190182_cov_22.7835_ID_33-processed-gene-0.194&CDS=1-1155
OG0003889	YPR046W	augustus_masked-NODE_17_length_190182_cov_22.7835_ID_33-processed-gene-0.81-mRNA-1_1&gene=augustus_masked-NODE_17_length_190182_cov_22.7835_ID_33-processed-gene-0.81&CDS=1-564
OG0003890	YPR047W	snap_masked-NODE_2_length_515064_cov_21.8181_ID_3-processed-gene-2.153-mRNA-1_1&gene=snap_masked-NODE_2_length_515064_cov_21.8181_ID_3-processed-gene-2.153&CDS=1-1404
OG0003891	YPR048W	snap_masked-NODE_65_length_46413_cov_20.6311_ID_129-processed-gene-0.17-mRNA-1_1&gene=snap_masked-NODE_65_length_46413_cov_20.6311_ID_129-processed-gene-0.17&CDS=1-1890
OG0003892	YPR049C	augustus_masked-NODE_2_length_515064_cov_21.8181_ID_3-processed-gene-2.77-mRNA-1_1&gene=augustus_masked-NODE_2_length_515064_cov_21.8181_ID_3-processed-gene-2.77&CDS=1-3345
OG0003893	YPR051W	snap_masked-NODE_2_length_515064_cov_21.8181_ID_3-processed-gene-2.152-mRNA-1_1&gene=snap_masked-NODE_2_length_515064_cov_21.8181_ID_3-processed-gene-2.152&CDS=1-543
OG0003894	YPR054W	augustus_masked-NODE_2_length_515064_cov_21.8181_ID_3-processed-gene-2.97-mRNA-1_1&gene=augustus_masked-NODE_2_length_515064_cov_21.8181_ID_3-processed-gene-2.97&CDS=1-1200
OG0003895	YPR055W	snap_masked-NODE_2_length_515064_cov_21.8181_ID_3-processed-gene-2.150-mRNA-1_1&gene=snap_masked-NODE_2_length_515064_cov_21.8181_ID_3-processed-gene-2.150&CDS=1-3078
OG0003896	YPR056W	snap_masked-NODE_2_length_515064_cov_21.8181_ID_3-processed-gene-2.149-mRNA-1_1&gene=snap_masked-NODE_2_length_515064_cov_21.8181_ID_3-processed-gene-2.149&CDS=1-1002
OG0003897	YPR057W	snap_masked-NODE_2_length_515064_cov_21.8181_ID_3-processed-gene-2.148-mRNA-1_1&gene=snap_masked-NODE_2_length_515064_cov_21.8181_ID_3-processed-gene-2.148&CDS=1-1047
OG0003898	YPR058W	snap_masked-NODE_2_length_515064_cov_21.8181_ID_3-processed-gene-2.147-mRNA-1_1&gene=snap_masked-NODE_2_length_515064_cov_21.8181_ID_3-processed-gene-2.147&CDS=1-915
OG0003899	YPR060C	snap_masked-NODE_2_length_515064_cov_21.8181_ID_3-processed-gene-2.124-mRNA-1_1&gene=snap_masked-NODE_2_length_515064_cov_21.8181_ID_3-processed-gene-2.124&CDS=1-765
OG0003900	YPR061C	snap_masked-NODE_2_length_515064_cov_21.8181_ID_3-processed-gene-2.123-mRNA-1_1&gene=snap_masked-NODE_2_length_515064_cov_21.8181_ID_3-processed-gene-2.123&CDS=1-807
OG0003901	YPR062W	snap_masked-NODE_2_length_515064_cov_21.8181_ID_3-processed-gene-2.121-mRNA-1_1&gene=snap_masked-NODE_2_length_515064_cov_21.8181_ID_3-processed-gene-2.121&CDS=1-462
OG0003902	YPR063C	snap_masked-NODE_2_length_515064_cov_21.8181_ID_3-processed-gene-2.146-mRNA-1_1&gene=snap_masked-NODE_2_length_515064_cov_21.8181_ID_3-processed-gene-2.146&CDS=1-354
OG0003903	YPR065W	augustus_masked-NODE_2_length_515064_cov_21.8181_ID_3-processed-gene-2.73-mRNA-1_1&gene=augustus_masked-NODE_2_length_515064_cov_21.8181_ID_3-processed-gene-2.73&CDS=1-1638
OG0003904	YPR066W	maker-NODE_2_length_515064_cov_21.8181_ID_3-augustus-gene-2.165-mRNA-1_1&gene=maker-NODE_2_length_515064_cov_21.8181_ID_3-augustus-gene-2.165&CDS=1-1452
OG0003905	YPR068C	snap_masked-NODE_2_length_515064_cov_21.8181_ID_3-processed-gene-2.119-mRNA-1_1&gene=snap_masked-NODE_2_length_515064_cov_21.8181_ID_3-processed-gene-2.119&CDS=1-1365
OG0003906	YPR070W	snap_masked-NODE_2_length_515064_cov_21.8181_ID_3-processed-gene-2.141-mRNA-1_1&gene=snap_masked-NODE_2_length_515064_cov_21.8181_ID_3-processed-gene-2.141&CDS=1-1530
OG0003907	YPR072W	snap_masked-NODE_55_length_58048_cov_21.4705_ID_109-processed-gene-0.67-mRNA-1_1&gene=snap_masked-NODE_55_length_58048_cov_21.4705_ID_109-processed-gene-0.67&CDS=1-1584
OG0003908	YPR073C	snap_masked-NODE_55_length_58048_cov_21.4705_ID_109-processed-gene-0.79-mRNA-1_1&gene=snap_masked-NODE_55_length_58048_cov_21.4705_ID_109-processed-gene-0.79&CDS=1-477
OG0003909	YPR075C	snap_masked-NODE_55_length_58048_cov_21.4705_ID_109-processed-gene-0.81-mRNA-1_1&gene=snap_masked-NODE_55_length_58048_cov_21.4705_ID_109-processed-gene-0.81&CDS=1-1140
OG0003910	YPR082C	augustus_masked-NODE_55_length_58048_cov_21.4705_ID_109-processed-gene-0.54-mRNA-1_1&gene=augustus_masked-NODE_55_length_58048_cov_21.4705_ID_109-processed-gene-0.54&CDS=1-429
OG0003911	YPR083W	snap_masked-NODE_55_length_58048_cov_21.4705_ID_109-processed-gene-0.71-mRNA-1_1&gene=snap_masked-NODE_55_length_58048_cov_21.4705_ID_109-processed-gene-0.71&CDS=1-1539
OG0003912	YPR084W	augustus_masked-NODE_55_length_58048_cov_21.4705_ID_109-processed-gene-0.42-mRNA-1_1&gene=augustus_masked-NODE_55_length_58048_cov_21.4705_ID_109-processed-gene-0.42&CDS=1-1380
OG0003913	YPR085C	snap_masked-NODE_55_length_58048_cov_21.4705_ID_109-processed-gene-0.87-mRNA-1_1&gene=snap_masked-NODE_55_length_58048_cov_21.4705_ID_109-processed-gene-0.87&CDS=1-1413
OG0003914	YPR086W	snap_masked-NODE_14_length_224486_cov_20.7905_ID_27-processed-gene-0.1-mRNA-1_1&gene=snap_masked-NODE_14_length_224486_cov_20.7905_ID_27-processed-gene-0.1&CDS=1-1092
OG0003915	YPR088C	snap_masked-NODE_14_length_224486_cov_20.7905_ID_27-processed-gene-0.29-mRNA-1_1&gene=snap_masked-NODE_14_length_224486_cov_20.7905_ID_27-processed-gene-0.29&CDS=1-1596
OG0003916	YPR089W	snap_masked-NODE_55_length_58048_cov_21.4705_ID_109-processed-gene-0.72-mRNA-1_1&gene=snap_masked-NODE_55_length_58048_cov_21.4705_ID_109-processed-gene-0.72&CDS=1-2634
OG0003917	YPR091C	snap_masked-NODE_55_length_58048_cov_21.4705_ID_109-processed-gene-0.89-mRNA-1_1&gene=snap_masked-NODE_55_length_58048_cov_21.4705_ID_109-processed-gene-0.89&CDS=1-2223
OG0003918	YPR093C	augustus_masked-NODE_55_length_58048_cov_21.4705_ID_109-processed-gene-0.59-mRNA-1_1&gene=augustus_masked-NODE_55_length_58048_cov_21.4705_ID_109-processed-gene-0.59&CDS=1-801
OG0003919	YPR095C	snap_masked-NODE_55_length_58048_cov_21.4705_ID_109-processed-gene-0.91-mRNA-1_1&gene=snap_masked-NODE_55_length_58048_cov_21.4705_ID_109-processed-gene-0.91&CDS=1-3195
OG0003920	YPR097W	augustus_masked-NODE_55_length_58048_cov_21.4705_ID_109-processed-gene-0.44-mRNA-1_1&gene=augustus_masked-NODE_55_length_58048_cov_21.4705_ID_109-processed-gene-0.44&CDS=1-3666
OG0003921	YPR098C	augustus_masked-NODE_55_length_58048_cov_21.4705_ID_109-processed-gene-0.61-mRNA-1_1&gene=augustus_masked-NODE_55_length_58048_cov_21.4705_ID_109-processed-gene-0.61&CDS=1-486
OG0003922	YPR100W	snap_masked-NODE_55_length_58048_cov_21.4705_ID_109-processed-gene-0.75-mRNA-1_1&gene=snap_masked-NODE_55_length_58048_cov_21.4705_ID_109-processed-gene-0.75&CDS=1-420
OG0003923	YPR101W	snap_masked-NODE_55_length_58048_cov_21.4705_ID_109-processed-gene-0.76-mRNA-1_1&gene=snap_masked-NODE_55_length_58048_cov_21.4705_ID_109-processed-gene-0.76&CDS=1-519
OG0003924	YPR103W	augustus_masked-NODE_55_length_58048_cov_21.4705_ID_109-processed-gene-0.47-mRNA-1_1&gene=augustus_masked-NODE_55_length_58048_cov_21.4705_ID_109-processed-gene-0.47&CDS=1-861
OG0003925	YPR104C	snap_masked-NODE_55_length_58048_cov_21.4705_ID_109-processed-gene-0.93-mRNA-1_1&gene=snap_masked-NODE_55_length_58048_cov_21.4705_ID_109-processed-gene-0.93&CDS=1-2694
OG0003926	YPR105C	snap_masked-NODE_55_length_58048_cov_21.4705_ID_109-processed-gene-0.94-mRNA-1_1&gene=snap_masked-NODE_55_length_58048_cov_21.4705_ID_109-processed-gene-0.94&CDS=1-2379
OG0003927	YPR108W	snap_masked-NODE_55_length_58048_cov_21.4705_ID_109-processed-gene-0.77-mRNA-1_1&gene=snap_masked-NODE_55_length_58048_cov_21.4705_ID_109-processed-gene-0.77&CDS=1-1230
OG0003928	YPR109W	snap_masked-NODE_30_length_115312_cov_21.4898_ID_59-processed-gene-0.142-mRNA-1_1&gene=snap_masked-NODE_30_length_115312_cov_21.4898_ID_59-processed-gene-0.142&CDS=1-822
OG0003929	YPR110C	snap_masked-NODE_30_length_115312_cov_21.4898_ID_59-processed-gene-0.114-mRNA-1_1&gene=snap_masked-NODE_30_length_115312_cov_21.4898_ID_59-processed-gene-0.114&CDS=1-1002
OG0003930	YPR112C	snap_masked-NODE_30_length_115312_cov_21.4898_ID_59-processed-gene-0.113-mRNA-1_1&gene=snap_masked-NODE_30_length_115312_cov_21.4898_ID_59-processed-gene-0.113&CDS=1-2586
OG0003931	YPR113W	snap_masked-NODE_30_length_115312_cov_21.4898_ID_59-processed-gene-0.140-mRNA-1_1&gene=snap_masked-NODE_30_length_115312_cov_21.4898_ID_59-processed-gene-0.140&CDS=1-657
OG0003932	YPR114W	snap_masked-NODE_30_length_115312_cov_21.4898_ID_59-processed-gene-0.139-mRNA-1_1&gene=snap_masked-NODE_30_length_115312_cov_21.4898_ID_59-processed-gene-0.139&CDS=1-951
OG0003933	YPR117W	maker-NODE_30_length_115312_cov_21.4898_ID_59-snap-gene-0.149-mRNA-1_1&gene=maker-NODE_30_length_115312_cov_21.4898_ID_59-snap-gene-0.149&CDS=1-7887
OG0003934	YPR118W	snap_masked-NODE_30_length_115312_cov_21.4898_ID_59-processed-gene-0.134-mRNA-1_1&gene=snap_masked-NODE_30_length_115312_cov_21.4898_ID_59-processed-gene-0.134&CDS=1-1236
OG0003935	YPR119W	snap_masked-NODE_30_length_115312_cov_21.4898_ID_59-processed-gene-0.133-mRNA-1_1&gene=snap_masked-NODE_30_length_115312_cov_21.4898_ID_59-processed-gene-0.133&CDS=1-1389
OG0003936	YPR122W	augustus_masked-NODE_30_length_115312_cov_21.4898_ID_59-processed-gene-0.64-mRNA-1_1&gene=augustus_masked-NODE_30_length_115312_cov_21.4898_ID_59-processed-gene-0.64&CDS=1-4536
OG0003937	YPR128C	snap_masked-NODE_30_length_115312_cov_21.4898_ID_59-processed-gene-0.108-mRNA-1_1&gene=snap_masked-NODE_30_length_115312_cov_21.4898_ID_59-processed-gene-0.108&CDS=1-993
OG0003938	YPR129W	snap_masked-NODE_14_length_224486_cov_20.7905_ID_27-processed-gene-1.131-mRNA-1_1&gene=snap_masked-NODE_14_length_224486_cov_20.7905_ID_27-processed-gene-1.131&CDS=1-981
OG0003939	YPR131C	snap_masked-NODE_30_length_115312_cov_21.4898_ID_59-processed-gene-0.107-mRNA-1_1&gene=snap_masked-NODE_30_length_115312_cov_21.4898_ID_59-processed-gene-0.107&CDS=1-588
OG0003940	YPR133C	snap_masked-NODE_30_length_115312_cov_21.4898_ID_59-processed-gene-0.106-mRNA-1_1&gene=snap_masked-NODE_30_length_115312_cov_21.4898_ID_59-processed-gene-0.106&CDS=1-1227
OG0003941	YPR133W-A	augustus_masked-NODE_30_length_115312_cov_21.4898_ID_59-processed-gene-0.82-mRNA-1_1&gene=augustus_masked-NODE_30_length_115312_cov_21.4898_ID_59-processed-gene-0.82&CDS=1-696
OG0003942	YPR135W	snap_masked-NODE_30_length_115312_cov_21.4898_ID_59-processed-gene-0.128-mRNA-1_1&gene=snap_masked-NODE_30_length_115312_cov_21.4898_ID_59-processed-gene-0.128&CDS=1-2799
OG0003943	YPR137W	snap_masked-NODE_30_length_115312_cov_21.4898_ID_59-processed-gene-0.127-mRNA-1_1&gene=snap_masked-NODE_30_length_115312_cov_21.4898_ID_59-processed-gene-0.127&CDS=1-1683
OG0003944	YPR140W	snap_masked-NODE_30_length_115312_cov_21.4898_ID_59-processed-gene-0.126-mRNA-1_1&gene=snap_masked-NODE_30_length_115312_cov_21.4898_ID_59-processed-gene-0.126&CDS=1-1095
OG0003945	YPR141C	snap_masked-NODE_30_length_115312_cov_21.4898_ID_59-processed-gene-0.103-mRNA-1_1&gene=snap_masked-NODE_30_length_115312_cov_21.4898_ID_59-processed-gene-0.103&CDS=1-2142
OG0003946	YPR143W	snap_masked-NODE_30_length_115312_cov_21.4898_ID_59-processed-gene-0.125-mRNA-1_1&gene=snap_masked-NODE_30_length_115312_cov_21.4898_ID_59-processed-gene-0.125&CDS=1-744
OG0003947	YPR144C	snap_masked-NODE_30_length_115312_cov_21.4898_ID_59-processed-gene-0.101-mRNA-1_1&gene=snap_masked-NODE_30_length_115312_cov_21.4898_ID_59-processed-gene-0.101&CDS=1-1674
OG0003948	YPR148C	snap_masked-NODE_30_length_115312_cov_21.4898_ID_59-processed-gene-0.100-mRNA-1_1&gene=snap_masked-NODE_30_length_115312_cov_21.4898_ID_59-processed-gene-0.100&CDS=1-1188
OG0003949	YPR151C	snap_masked-NODE_30_length_115312_cov_21.4898_ID_59-processed-gene-0.98-mRNA-1_1&gene=snap_masked-NODE_30_length_115312_cov_21.4898_ID_59-processed-gene-0.98&CDS=1-489
OG0003950	YPR152C	augustus_masked-NODE_30_length_115312_cov_21.4898_ID_59-processed-gene-0.52-mRNA-1_1&gene=augustus_masked-NODE_30_length_115312_cov_21.4898_ID_59-processed-gene-0.52&CDS=1-1338
OG0003951	YPR153W	snap_masked-NODE_30_length_115312_cov_21.4898_ID_59-processed-gene-0.122-mRNA-1_1&gene=snap_masked-NODE_30_length_115312_cov_21.4898_ID_59-processed-gene-0.122&CDS=1-441
OG0003952	YPR154W	snap_masked-NODE_30_length_115312_cov_21.4898_ID_59-processed-gene-0.121-mRNA-1_1&gene=snap_masked-NODE_30_length_115312_cov_21.4898_ID_59-processed-gene-0.121&CDS=1-630
OG0003953	YPR155C	snap_masked-NODE_30_length_115312_cov_21.4898_ID_59-processed-gene-0.96-mRNA-1_1&gene=snap_masked-NODE_30_length_115312_cov_21.4898_ID_59-processed-gene-0.96&CDS=1-1821
OG0003954	YPR160W	snap_masked-NODE_1_length_611906_cov_21.093_ID_1-processed-gene-1.84-mRNA-1_1&gene=snap_masked-NODE_1_length_611906_cov_21.093_ID_1-processed-gene-1.84&CDS=1-2724
OG0003955	YPR161C	augustus_masked-NODE_17_length_190182_cov_22.7835_ID_33-processed-gene-0.127-mRNA-1_1&gene=augustus_masked-NODE_17_length_190182_cov_22.7835_ID_33-processed-gene-0.127&CDS=1-3519
OG0003956	YPR163C	snap_masked-NODE_17_length_190182_cov_22.7835_ID_33-processed-gene-0.227-mRNA-1_1&gene=snap_masked-NODE_17_length_190182_cov_22.7835_ID_33-processed-gene-0.227&CDS=1-1248
OG0003957	YPR164W	augustus_masked-NODE_17_length_190182_cov_22.7835_ID_33-processed-gene-0.92-mRNA-1_1&gene=augustus_masked-NODE_17_length_190182_cov_22.7835_ID_33-processed-gene-0.92&CDS=1-6129
OG0003958	YPR165W	snap_masked-NODE_17_length_190182_cov_22.7835_ID_33-processed-gene-0.185-mRNA-1_1&gene=snap_masked-NODE_17_length_190182_cov_22.7835_ID_33-processed-gene-0.185&CDS=1-633
OG0003959	YPR166C	snap_masked-NODE_34_length_108161_cov_25.3038_ID_67-processed-gene-0.111-mRNA-1_1&gene=snap_masked-NODE_34_length_108161_cov_25.3038_ID_67-processed-gene-0.111&CDS=1-345
OG0003960	YPR167C	snap_masked-NODE_34_length_108161_cov_25.3038_ID_67-processed-gene-0.110-mRNA-1_1&gene=snap_masked-NODE_34_length_108161_cov_25.3038_ID_67-processed-gene-0.110&CDS=1-810
OG0003961	YPR168W	augustus_masked-NODE_17_length_190182_cov_22.7835_ID_33-processed-gene-0.113-mRNA-1_1&gene=augustus_masked-NODE_17_length_190182_cov_22.7835_ID_33-processed-gene-0.113&CDS=1-1431
OG0003962	YPR169W	snap_masked-NODE_34_length_108161_cov_25.3038_ID_67-processed-gene-0.138-mRNA-1_1&gene=snap_masked-NODE_34_length_108161_cov_25.3038_ID_67-processed-gene-0.138&CDS=1-1338
OG0003963	YPR170W-B	maker-NODE_34_length_108161_cov_25.3038_ID_67-augustus-gene-0.50-mRNA-1_1&gene=maker-NODE_34_length_108161_cov_25.3038_ID_67-augustus-gene-0.50&CDS=1-246
OG0003964	YPR171W	augustus_masked-NODE_34_length_108161_cov_25.3038_ID_67-processed-gene-0.89-mRNA-1_1&gene=augustus_masked-NODE_34_length_108161_cov_25.3038_ID_67-processed-gene-0.89&CDS=1-1893
OG0003965	YPR173C	snap_masked-NODE_34_length_108161_cov_25.3038_ID_67-processed-gene-0.108-mRNA-1_1&gene=snap_masked-NODE_34_length_108161_cov_25.3038_ID_67-processed-gene-0.108&CDS=1-1305
OG0003966	YPR174C	snap_masked-NODE_34_length_108161_cov_25.3038_ID_67-processed-gene-0.107-mRNA-1_1&gene=snap_masked-NODE_34_length_108161_cov_25.3038_ID_67-processed-gene-0.107&CDS=1-756
OG0003967	YPR175W	snap_masked-NODE_34_length_108161_cov_25.3038_ID_67-processed-gene-0.134-mRNA-1_1&gene=snap_masked-NODE_34_length_108161_cov_25.3038_ID_67-processed-gene-0.134&CDS=1-2022
OG0003968	YPR176C	snap_masked-NODE_34_length_108161_cov_25.3038_ID_67-processed-gene-0.106-mRNA-1_1&gene=snap_masked-NODE_34_length_108161_cov_25.3038_ID_67-processed-gene-0.106&CDS=1-975
OG0003969	YPR178W	augustus_masked-NODE_34_length_108161_cov_25.3038_ID_67-processed-gene-0.86-mRNA-1_1&gene=augustus_masked-NODE_34_length_108161_cov_25.3038_ID_67-processed-gene-0.86&CDS=1-1410
OG0003970	YPR179C	augustus_masked-NODE_34_length_108161_cov_25.3038_ID_67-processed-gene-0.59-mRNA-1_1&gene=augustus_masked-NODE_34_length_108161_cov_25.3038_ID_67-processed-gene-0.59&CDS=1-1947
OG0003971	YPR180W	snap_masked-NODE_34_length_108161_cov_25.3038_ID_67-processed-gene-0.133-mRNA-1_1&gene=snap_masked-NODE_34_length_108161_cov_25.3038_ID_67-processed-gene-0.133&CDS=1-1038
OG0003972	YPR181C	snap_masked-NODE_34_length_108161_cov_25.3038_ID_67-processed-gene-0.104-mRNA-1_1&gene=snap_masked-NODE_34_length_108161_cov_25.3038_ID_67-processed-gene-0.104&CDS=1-2307
OG0003973	YPR184W	snap_masked-NODE_34_length_108161_cov_25.3038_ID_67-processed-gene-0.130-mRNA-1_1&gene=snap_masked-NODE_34_length_108161_cov_25.3038_ID_67-processed-gene-0.130&CDS=1-5436
OG0003974	YPR185W	snap_masked-NODE_34_length_108161_cov_25.3038_ID_67-processed-gene-0.129-mRNA-1_1&gene=snap_masked-NODE_34_length_108161_cov_25.3038_ID_67-processed-gene-0.129&CDS=1-2220
OG0003975	YPR186C	snap_masked-NODE_34_length_108161_cov_25.3038_ID_67-processed-gene-0.103-mRNA-1_1&gene=snap_masked-NODE_34_length_108161_cov_25.3038_ID_67-processed-gene-0.103&CDS=1-1344
OG0003976	YPR187W	snap_masked-NODE_34_length_108161_cov_25.3038_ID_67-processed-gene-0.128-mRNA-1_1&gene=snap_masked-NODE_34_length_108161_cov_25.3038_ID_67-processed-gene-0.128&CDS=1-474
OG0003977	YPR188C	snap_masked-NODE_34_length_108161_cov_25.3038_ID_67-processed-gene-0.102-mRNA-1_1&gene=snap_masked-NODE_34_length_108161_cov_25.3038_ID_67-processed-gene-0.102&CDS=1-483
OG0003978	YPR189W	snap_masked-NODE_34_length_108161_cov_25.3038_ID_67-processed-gene-0.127-mRNA-1_1&gene=snap_masked-NODE_34_length_108161_cov_25.3038_ID_67-processed-gene-0.127&CDS=1-4260
OG0003979	YPR190C	snap_masked-NODE_34_length_108161_cov_25.3038_ID_67-processed-gene-0.101-mRNA-1_1&gene=snap_masked-NODE_34_length_108161_cov_25.3038_ID_67-processed-gene-0.101&CDS=1-2001
OG0003980	YPR191W	snap_masked-NODE_34_length_108161_cov_25.3038_ID_67-processed-gene-0.126-mRNA-1_1&gene=snap_masked-NODE_34_length_108161_cov_25.3038_ID_67-processed-gene-0.126&CDS=1-1092
OG0003981	YPR192W	snap_masked-NODE_65_length_46413_cov_20.6311_ID_129-processed-gene-0.6-mRNA-1_1&gene=snap_masked-NODE_65_length_46413_cov_20.6311_ID_129-processed-gene-0.6&CDS=1-852
OG0003982	YPR193C	snap_masked-NODE_6_length_297843_cov_20.8202_ID_11-processed-gene-1.178-mRNA-1_1&gene=snap_masked-NODE_6_length_297843_cov_20.8202_ID_11-processed-gene-1.178&CDS=1-453
OG0003983	Q0085	snap_masked-NODE_206_length_1795_cov_434.222_ID_411-processed-gene-0.0-mRNA-1_1&gene=snap_masked-NODE_206_length_1795_cov_434.222_ID_411-processed-gene-0.0&CDS=1-264
OG0003984	Q0130	augustus_masked-NODE_143_length_4042_cov_1163.03_ID_285-processed-gene-0.3-mRNA-1_1&gene=augustus_masked-NODE_143_length_4042_cov_1163.03_ID_285-processed-gene-0.3&CDS=1-519
OG0003985	Q0250	snap_masked-NODE_150_length_3575_cov_969.485_ID_299-processed-gene-0.6-mRNA-1_1&gene=snap_masked-NODE_150_length_3575_cov_969.485_ID_299-processed-gene-0.6&CDS=1-420
OG0003986	Q0275	maker-NODE_143_length_4042_cov_1163.03_ID_285-augustus-gene-0.5-mRNA-1_1&gene=maker-NODE_143_length_4042_cov_1163.03_ID_285-augustus-gene-0.5&CDS=1-228
